           1
        3200
           1
   988.49477823907637     
   934.00859250070459     
   893.71628675344823     
   862.18530396939605     
   836.22485983479305     
   813.93186259122399     
   794.42245708787186     
   772.03078866848250     
   753.86125685381580     
   737.05156006411914     
   718.26610515002392     
   700.90924982091485     
   684.54908139648364     
   664.12621893327957     
   646.02307653754144     
   628.68739111778928     
   612.38384504335443     
   595.24721992611353     
   579.02392463305114     
   563.26447316601138     
   549.47356656360637     
   536.06903664684796     
   522.08873114120024     
   509.04735785979864     
   495.73637800583640     
   482.33018324320892     
   468.82548591324428     
   456.37133911481897     
   443.30103192837169     
   431.31980822703906     
   420.10219726134096     
   408.87581006581922     
   397.67555161516611     
   387.53321086120167     
   376.92933049987954     
   366.96182153142882     
   357.81146626959645     
   349.64988142184177     
   340.73133561629390     
   331.45580409490270     
   323.97078792766138     
   316.37692405915345     
   308.28956212540658     
   300.71983441524065     
   293.59023443384717     
   286.76739047580082     
   279.82551640651690     
   273.64556522978893     
   267.69615545447482     
   261.91288132074521     
   256.29867711796373     
   250.67979624956820     
   244.72566525774027     
   239.88095428002333     
   234.30296269239585     
   230.31082462616553     
   225.37121961145181     
   220.51946289148324     
   216.11727225993403     
   212.21122142338405     
   207.96087056620254     
   204.32896547965296     
   200.82012202754686     
   197.01358867027008     
   193.22358641378725     
   190.34427759702174     
   186.60544489502513     
   183.15368190051220     
   179.94227559425133     
   176.20622338816966     
   172.69045971813705     
   169.22602524983554     
   165.95609866553534     
   162.65972067169187     
   159.11221245986678     
   155.45603303181736     
   152.26180161250824     
   149.20243238940748     
   146.16759804625588     
   143.42026595169733     
   140.11002258961773     
   137.34825984555687     
   134.77579651145894     
   131.93561863794477     
   129.22562256556355     
   126.58217979865870     
   124.20549645317155     
   121.93770596571041     
   119.49544839975420     
   116.97745945928861     
   114.58766980872210     
   112.51787438570339     
   110.35788228086656     
   108.14175073786865     
   106.08836014205913     
   103.91256782062996     
   102.02614905666401     
   100.11016662230750     
   98.182642588401933     
   96.207638784404423     
   1008.6630857445817     
   975.89770785029054     
   934.17374671015568     
   896.36936377056111     
   862.99250095203718     
   840.66711544650354     
   815.59182622330809     
   793.42363459297223     
   771.55496793099383     
   750.97502606728494     
   731.46678995233492     
   709.87785463878595     
   690.64895079341761     
   674.99720391696007     
   655.57840574873546     
   637.76452998147749     
   620.78110811139686     
   604.79156658863803     
   589.63264837849442     
   574.44093754802441     
   559.26294971219363     
   543.47321518365311     
   528.67911588412676     
   514.41037060072836     
   500.12896046983860     
   486.45616573339879     
   472.01285712519785     
   458.78473412026216     
   445.79800936032615     
   433.59695429463545     
   421.75885744736445     
   410.27816569526669     
   399.33336034137903     
   388.46037127644763     
   378.34590104439570     
   367.67374995217017     
   358.21624166203259     
   348.71680152127004     
   339.39744689884321     
   330.77885914463184     
   322.14365794342103     
   313.70047420823317     
   306.05319394146829     
   298.23618508925381     
   291.02651467725559     
   284.23780739118450     
   278.19950773238452     
   271.86858511214837     
   265.49816374820591     
   259.70453600964964     
   253.90575980799480     
   248.59364879728406     
   243.70269985151486     
   238.34868700420179     
   233.76948615852234     
   229.64185777150271     
   225.02203399194082     
   220.36855995894379     
   215.74916967990205     
   211.73358225590681     
   207.68966062169699     
   203.98651527387435     
   200.41003908127797     
   196.64406993335524     
   192.84514461236625     
   189.71733110827620     
   186.12522088552458     
   182.77426551568379     
   179.30631419346309     
   175.76604538072118     
   172.15782291722786     
   168.93903700584337     
   165.20959033404662     
   162.08354247672654     
   158.44618025413649     
   154.91063721342462     
   151.78237672338454     
   148.74743390859885     
   145.69215196189845     
   142.31356464122257     
   139.59581602181797     
   136.74985477732682     
   133.75736664863055     
   130.90130248128978     
   128.41034575434657     
   125.95556485810215     
   123.50766584319416     
   121.01441141319989     
   118.65856849487551     
   116.35236104998512     
   114.29950838255974     
   112.06559302218683     
   109.83424675236648     
   107.70438248233339     
   105.65800201422017     
   103.56582609198676     
   101.51412737817942     
   99.503946511546587     
   97.611629499537713     
   95.799260935680110     
   1013.2469589314589     
   987.18069015804349     
   954.67348933792277     
   920.84086701104661     
   891.55487484661603     
   862.98593232055987     
   835.23683136774287     
   810.28655265378211     
   788.69572266375030     
   765.80788208550996     
   746.74704357894871     
   725.95310246337897     
   703.76560397399908     
   685.02731559483459     
   666.15498244537991     
   649.48612530580840     
   631.06537983547707     
   613.04750784211910     
   597.00398510779974     
   581.19379285607215     
   564.44671709048703     
   547.81779332864164     
   530.95407787027455     
   515.50049132467575     
   500.71640392609544     
   486.05054211257192     
   472.21207088249400     
   458.69439387135697     
   445.46219437690110     
   432.65992357724372     
   420.95375641073252     
   409.15247169000048     
   397.63054764828428     
   386.22019110781343     
   375.47218568257819     
   365.82748536138968     
   356.60698407890925     
   347.78063189954855     
   339.03102220202396     
   330.52965632695742     
   321.97602928368980     
   314.49571348184378     
   306.87802311592486     
   299.87376608321063     
   292.73489983881251     
   285.78926179499700     
   278.48535080928144     
   272.29970562508538     
   266.60185644728097     
   260.59190996670247     
   254.64733259068919     
   249.61757704675384     
   244.56463507167109     
   239.09538331424540     
   234.67608654387553     
   229.74120454523569     
   225.46005149592878     
   221.22576324141954     
   216.55481115415250     
   212.53793593135538     
   208.31339472353250     
   204.97097962919838     
   201.56325046927259     
   198.12142399395589     
   194.80899938535475     
   191.46706271394874     
   188.15309482680178     
   184.81848544116883     
   181.33145447056899     
   178.04959647349716     
   174.52728743864606     
   170.94957868726615     
   167.26363234957986     
   163.55076784459644     
   160.00002082244694     
   156.68944641405770     
   153.74133781616894     
   150.73001128673590     
   147.25159771100027     
   144.39733215957332     
   141.24542298616976     
   138.26521992221035     
   135.43385629241760     
   132.57577059246137     
   130.04476938527819     
   127.48353295407217     
   124.93104760921294     
   122.37688133320968     
   119.96053487963442     
   117.39547373104395     
   114.96545437036862     
   112.64698106510220     
   110.46083727971434     
   108.38385372332591     
   106.25865538312408     
   104.15872407440079     
   102.05171846387100     
   100.00877821305443     
   98.069656801346056     
   96.028815324972641     
   1019.5583247746501     
   987.05914941585900     
   957.47514201970057     
   932.19550952660302     
   906.34638708943407     
   879.48884432524153     
   851.64153419117781     
   825.07977329845653     
   799.53544166916663     
   776.19473997441287     
   753.51196534349060     
   730.22836928706977     
   712.08380784579811     
   693.36826745195197     
   674.98839330612293     
   656.94739561070401     
   637.13437484578014     
   619.43232014864805     
   601.18570466505514     
   581.88556469673563     
   564.78765269857638     
   549.44845939710717     
   533.53352846453492     
   517.69058382361141     
   501.65817154913731     
   485.41739758144723     
   470.69516520962509     
   456.66418694431968     
   443.89707064083382     
   430.85722540283314     
   418.12880758647799     
   406.42179885203552     
   395.44718196991630     
   384.46053635188008     
   374.50096784117778     
   364.34181108986309     
   354.80026751376926     
   345.72564787833431     
   337.68945514398308     
   329.38932543367122     
   321.55074229369734     
   313.35559980605763     
   305.67095048322932     
   298.18332824854701     
   291.45827103258114     
   284.75157597441279     
   278.09658272288033     
   272.21709532933119     
   266.30761856557007     
   259.98974900481142     
   254.22247862294719     
   248.83207226252358     
   243.74871823458483     
   238.41566760430703     
   233.69053753505852     
   228.83675128561359     
   224.97891077269043     
   220.40184455902465     
   216.73382365286784     
   212.64385205369840     
   208.59770657111471     
   205.59933215782090     
   202.42791129314327     
   198.50121995768396     
   194.93550496200331     
   191.67504944123149     
   188.05767588673001     
   184.72979274788159     
   181.66626930891522     
   178.02350438657501     
   174.73591324339557     
   171.05567299985148     
   167.29227574606517     
   163.50822225134391     
   159.93710352794153     
   156.60953587943067     
   153.09198835062725     
   150.06053016830822     
   146.51101588142436     
   143.47205387382391     
   140.58025233562287     
   137.51968607395304     
   134.69836355994826     
   132.18083890434085     
   129.46459766611036     
   126.70699336356009     
   123.91190490653230     
   121.36568731031080     
   118.88358382652757     
   116.53870812163551     
   114.14102926989204     
   111.85538909954300     
   109.60345463622917     
   107.31763968057402     
   105.04186076088473     
   102.99813528017357     
   100.77807956167430     
   98.697300326273876     
   96.623362267284278     
   94.504710998116636     
   1023.7702939269140     
   990.87096530852693     
   960.64914560760292     
   936.39715246158698     
   913.30378386470159     
   885.70737085108567     
   858.87951845868281     
   833.57936390083273     
   809.78863773229193     
   786.45771117907520     
   762.89127383204698     
   741.98888176571813     
   721.73085717933952     
   703.62729928237047     
   683.39412379786529     
   660.49505711572067     
   639.54744850374107     
   622.19912356681539     
   603.89980079946247     
   584.46522862445431     
   565.54622060394797     
   546.33006916644206     
   529.05652001629267     
   512.78764585210115     
   497.93744731137542     
   484.46861144948753     
   470.58949651765425     
   457.07538506992535     
   443.53936203990526     
   431.39892697530416     
   418.66292320611581     
   407.11575237398768     
   396.38236691616709     
   385.40538056672119     
   375.02496772715358     
   364.85963460102988     
   355.49280686995274     
   347.17486830671061     
   338.07743059753790     
   329.50646218980984     
   321.49747859986292     
   314.06420834801395     
   306.63354175118434     
   299.60361534848914     
   292.64651544603396     
   285.82403735415176     
   279.40566487437661     
   273.40364872969832     
   267.11131335622724     
   261.51882223021420     
   255.94899863079138     
   250.54175873466983     
   245.54355157792207     
   240.54839729269554     
   234.93474697291910     
   230.29114983525548     
   225.51705863354385     
   221.55460987048647     
   217.75396621703575     
   213.29352973832980     
   209.45440971446129     
   205.98844219345818     
   202.67031379903855     
   198.85535691056617     
   195.26139185856772     
   192.24832238067773     
   189.17404387973892     
   185.49695533643674     
   182.49541816547313     
   178.55442217274566     
   175.12506668207010     
   171.42845155145972     
   167.55921730828049     
   163.85138848592453     
   160.24398992344570     
   156.47381419463511     
   153.04532881383739     
   150.01335026621416     
   146.54900400000989     
   143.35791202666954     
   140.65080388767944     
   137.38753449651142     
   134.39036392479403     
   131.60547870009617     
   128.87778465463796     
   126.22084770690984     
   123.46623589490382     
   121.09951159720126     
   118.54482831774072     
   116.03506004587325     
   113.55770386010370     
   111.20032760288413     
   108.86125308866417     
   106.60522564843517     
   104.29047784296432     
   102.10182105010864     
   99.919858709443659     
   97.792274593310083     
   95.669319624960352     
   93.661393354787549     
   1027.0664574203636     
   994.40891923620654     
   965.10634330913490     
   941.01643793533026     
   914.91573507522935     
   891.12506242387371     
   868.60621075163351     
   842.38601775130496     
   819.57129518224428     
   795.02698549616298     
   771.37398074456041     
   752.67092239500573     
   730.45364263709303     
   705.70355016440362     
   683.43322534972390     
   663.22487736861342     
   643.54174158375054     
   620.63681479608670     
   598.30915192625002     
   579.00382597869145     
   560.11073280317646     
   543.43543977987429     
   527.55593227385611     
   511.41172839767523     
   495.53177399820567     
   481.29461754537948     
   467.84340453424937     
   454.52726257627455     
   442.29696442827094     
   430.65685306560397     
   419.26254638078063     
   407.88970364625601     
   397.20630164185127     
   387.20300182978730     
   377.19745454334787     
   367.16763013506920     
   357.50650693857114     
   347.77757976495525     
   339.09957345133841     
   330.36509073942210     
   322.68287342985656     
   314.56082526181376     
   306.36432202235090     
   299.13264391276908     
   292.33201207850999     
   285.23977218688555     
   278.46344352566302     
   272.23770507491759     
   266.63457201088204     
   260.63809174600533     
   255.24274861196051     
   249.69710779195759     
   244.15970792001670     
   238.88285941312765     
   234.10735327947771     
   229.70494700903197     
   224.89809936029900     
   221.26231762592823     
   217.23157938461219     
   213.25538587306744     
   209.47023666500525     
   205.71553526996638     
   202.01274629527438     
   199.14503169462728     
   195.91123686723103     
   192.92608105790177     
   189.43700381914385     
   185.90532041781941     
   182.41874066666071     
   178.87075485608733     
   175.14169368121253     
   171.35576984079657     
   167.64792936996741     
   163.85228487390742     
   159.79210200658835     
   156.25252350784581     
   152.35971896676216     
   149.10464709235146     
   145.90410907619810     
   142.68063816771004     
   139.19484936207436     
   135.76262450500789     
   132.67831301516014     
   129.61348695570237     
   126.77835540398033     
   124.17100746172416     
   121.48400616131148     
   118.81725462459522     
   116.30064445196768     
   113.70824499909499     
   111.26194636316839     
   108.94781497512277     
   106.49248312361132     
   104.34853666958108     
   101.80660235437644     
   99.516408269389217     
   97.289635934902932     
   95.146011774266185     
   92.918197743624489     
   90.721122836649002     
   1036.1824936113255     
   1000.8053771184063     
   968.99724957775527     
   944.01424792882347     
   919.07994945452640     
   896.23736225963432     
   872.09539995781063     
   848.67693030756595     
   823.40503041631359     
   802.07188766984655     
   778.79067064952312     
   753.82345672303268     
   731.07454166489833     
   710.00776876565010     
   685.64114605594875     
   660.20611788278291     
   637.88105610289199     
   615.80846671653808     
   595.69498650502874     
   576.39868894997460     
   558.76695535217550     
   542.13430128087941     
   526.18127897716317     
   510.90900450808948     
   495.58571437908591     
   479.89760237787652     
   465.48883704682385     
   453.05530944200530     
   439.78394759780252     
   427.27514235378936     
   415.00785676632626     
   404.41071140171061     
   394.27672141853088     
   384.13752062363295     
   373.63241005074150     
   364.38176815407650     
   354.79350693344423     
   345.09634626384536     
   336.48636461601910     
   328.27109192274474     
   320.08762721254470     
   313.27195131836118     
   306.41463090395530     
   299.05141701945246     
   292.47040865397616     
   286.35815442125710     
   279.59222972761370     
   273.29290204265851     
   267.13346530274094     
   261.51109756372716     
   256.12124166121885     
   250.46129808657244     
   245.27194849060197     
   240.32748106580533     
   235.14427241555944     
   229.96617290966600     
   225.90215051867605     
   221.45016080590938     
   216.90897372670062     
   213.64841080780943     
   209.20376981087071     
   205.62651780307073     
   202.17399358556170     
   199.12321274781192     
   196.09882266292237     
   193.17868331039574     
   189.99834529623911     
   186.83570704974215     
   183.24074187924305     
   179.63401163094338     
   175.41047314585001     
   171.02226057003998     
   166.90441792263906     
   163.10604345759302     
   158.85147420688924     
   155.25072316358816     
   151.31618532005820     
   148.31369889603434     
   144.31373025152814     
   140.81999746726575     
   137.49714706193996     
   134.10791483440508     
   131.00742140473389     
   128.02987497939483     
   125.09035980871761     
   122.34056953883052     
   119.34171243585239     
   116.39394539359627     
   113.69498358563263     
   111.06463763805532     
   108.40589061612472     
   105.89348383137795     
   103.49825887340874     
   100.84567182424601     
   98.607011917032224     
   96.320664168881109     
   93.743695197201845     
   91.468044777996511     
   89.200096857839767     
   86.905183040745442     
   1039.8697813803981     
   1002.1283530498883     
   972.35926924057412     
   944.51139427742339     
   922.24268161317605     
   897.07752136798410     
   874.23391646893879     
   852.05860021144940     
   831.82150502326067     
   805.18094057786595     
   783.20484544099259     
   759.78051922894610     
   733.83355315429549     
   707.98441480605834     
   682.81438041015315     
   657.70695293030906     
   635.92384729105208     
   613.71155691924332     
   592.83258358524893     
   573.90305018428842     
   555.50339621523949     
   536.81181155020681     
   519.60128822957336     
   503.32303508287418     
   488.56487012340870     
   475.55580368228652     
   462.12745660351180     
   449.21678010507350     
   436.92042098020158     
   425.63426195191340     
   414.02843545449639     
   402.99580310191226     
   391.91069929655737     
   381.76879195739457     
   372.09367021329069     
   362.21650216282785     
   352.83925609136026     
   344.26782669785104     
   335.83745658381747     
   327.70215493334797     
   319.44359816010285     
   311.18840223342715     
   304.49316053208582     
   297.66183388806667     
   290.95035930892743     
   284.36806349817539     
   278.04688216607940     
   271.65879683819242     
   265.62733701508438     
   260.12704546773494     
   254.76171775997199     
   249.32078616911690     
   244.63537955762126     
   239.86644173171265     
   235.08200724718529     
   230.24859384274833     
   225.82332948203856     
   221.79349244738640     
   217.96441967838570     
   214.04260002683901     
   210.39697701982624     
   206.71738170213379     
   203.26013108579622     
   200.19855487933239     
   197.15679486693620     
   194.47292476211643     
   191.15574159390732     
   188.02403107387227     
   184.40918379275334     
   180.55919253448781     
   176.00893491795341     
   171.60013748071788     
   166.28261083385360     
   161.90300362076192     
   157.58783006421748     
   153.34080522802088     
   149.52672842663654     
   145.24398011946292     
   141.53056095771780     
   137.77226359117060     
   133.83348382187734     
   130.16639474302269     
   126.79137487728376     
   123.69981175190870     
   120.64316200398736     
   117.40475703755152     
   114.28468427254671     
   111.24496794100057     
   108.46506229038745     
   105.83598430431562     
   103.14422182201309     
   100.57095009530238     
   97.960240981672243     
   95.534827726263316     
   93.275503469555247     
   90.761621937827414     
   88.387217391892307     
   86.019122280402371     
   83.516219791611420     
   81.205350294654920     
   1044.5245280127679     
   1003.8071771655293     
   974.72669305500904     
   949.71058274086090     
   923.02942877065266     
   895.29527926473497     
   873.73499315427341     
   848.88638921961228     
   824.87962851572115     
   802.97485369281412     
   776.98815085132253     
   751.07136604801155     
   726.41963269881489     
   700.72882345191374     
   678.65645389975998     
   656.77250476850304     
   633.55367121730387     
   610.93783390117324     
   591.58978022094561     
   572.80078375047333     
   554.35910944189868     
   537.16450973898282     
   520.49694120172114     
   504.55059953273383     
   490.37123327939770     
   476.73220412236151     
   462.89701417501709     
   449.45809760208670     
   436.95577337023019     
   424.83111123933833     
   413.60634582799662     
   402.93873952002298     
   392.24452045767731     
   381.95660296783564     
   371.67504948901137     
   362.77792954191460     
   354.30078669565921     
   344.60910681084522     
   336.74849634734443     
   328.74929610798318     
   320.29722385669032     
   312.03020590720848     
   304.45887385434906     
   297.08114073448564     
   290.31967580267752     
   283.69568583727482     
   277.09558663266608     
   271.45016240668201     
   265.38825583466712     
   259.48889810839313     
   253.91211003466600     
   248.42009747826438     
   243.25406237362225     
   238.28035940342653     
   233.69021435410502     
   228.87971605358189     
   224.48580455595368     
   220.25889445266546     
   216.19697143095402     
   212.60999796650856     
   208.75520940481732     
   204.91083340919278     
   201.62516236008409     
   198.43268872151287     
   195.83559314993022     
   193.35282324291086     
   190.73582380731679     
   187.57405797474101     
   183.52561169477204     
   178.84633443951259     
   173.61131566551464     
   168.80723476358770     
   163.95946747819687     
   158.75080671195067     
   153.95520777658496     
   149.12621257752792     
   144.90933898639148     
   140.79831467880047     
   136.74086776134303     
   132.72072062304841     
   128.83609654072333     
   125.28501242440592     
   121.47708759864960     
   118.17497601492505     
   115.18664244573363     
   112.10404041501162     
   109.24222079294893     
   105.81575905266948     
   102.93177760187712     
   100.28639079829266     
   97.289344922207306     
   94.525157140832690     
   91.394653694004944     
   88.932868270460119     
   86.236176060463777     
   84.024170106911711     
   81.844346394530362     
   79.598053367058156     
   77.035394407594367     
   74.533483284094586     
   1047.4862770668537     
   1008.4973613107427     
   981.26092814022604     
   954.05270223061848     
   926.45585707061559     
   900.25256500622584     
   873.44466057006343     
   848.04105711713316     
   822.34213992088553     
   793.50256843525131     
   766.75137163387626     
   741.99689592595757     
   721.09816998353392     
   697.26226677986995     
   673.47410420581491     
   650.27418489362583     
   626.77068111875326     
   606.67124401804153     
   586.37615601455241     
   568.77451379894592     
   551.72732745504220     
   536.29143570525616     
   520.85053252487683     
   505.96485945280426     
   491.04084612909651     
   476.11799383312831     
   462.80144914758455     
   449.96255495060370     
   437.28028521424119     
   425.92010956219161     
   414.42715553805164     
   402.84193342439175     
   392.16884577719304     
   381.53000809126792     
   372.06635119601503     
   362.17255769531221     
   353.04191126918198     
   344.31041269266308     
   335.49250553509796     
   327.32958985588556     
   320.13102938291848     
   313.11681708749086     
   305.68315081290928     
   298.52660159892849     
   292.05179583827606     
   285.22777711153475     
   279.18912185052454     
   272.75889347307532     
   266.92788986437802     
   260.61237501648446     
   255.23958518105354     
   249.67399121269591     
   244.92418773800784     
   239.36074463940830     
   234.95247157966671     
   230.10637990907233     
   225.66312832120528     
   220.86186518648321     
   217.02942660874913     
   213.14645005142467     
   210.21367684688897     
   205.56010793888191     
   202.48055751957565     
   199.73647303412454     
   197.33063431039989     
   194.52409157047560     
   192.12310276381245     
   189.49826001386862     
   184.69829788855466     
   178.95673740699775     
   172.80690917416896     
   166.61236194332554     
   160.67687875298105     
   155.18780590291834     
   150.09120960733736     
   144.66572585807731     
   140.06461791869296     
   135.96213506667470     
   131.23438588084741     
   126.57082298854527     
   122.44388182035578     
   118.64020630360959     
   115.36187717648991     
   111.78592081726831     
   108.06385794775082     
   104.76102316313926     
   101.45398670103529     
   98.012286158879618     
   95.011857519965218     
   92.301436377743627     
   89.757637863552162     
   86.726225801822110     
   84.155881846027214     
   81.399815903416339     
   78.907868178110135     
   76.647794738430122     
   74.034839513448915     
   72.115055989740299     
   69.731419990715864     
   67.464854984318237     
   1050.8904550297548     
   1015.2236881473571     
   986.83152901142785     
   958.02811739717265     
   929.78137611585385     
   899.86071977953577     
   868.71761309326996     
   841.39165766278359     
   812.77281252804789     
   785.75937689650766     
   757.12590331444915     
   732.80996803435539     
   710.84172014019578     
   686.23490719155404     
   665.26729943845248     
   644.07035478213822     
   622.51963218713354     
   602.35843585337750     
   582.81363364061474     
   562.97689066429143     
   546.03433580477042     
   529.69959393362785     
   513.41297129735290     
   497.98380688729526     
   483.47456352434028     
   470.94897032108150     
   458.47395872063260     
   446.06833875226579     
   434.12419503118946     
   422.34421707701409     
   410.37770337164511     
   398.02760758297319     
   387.00821129740484     
   377.21448855651175     
   367.41390901118490     
   357.87433166940440     
   348.24650128801119     
   339.74944116357869     
   331.73975345679179     
   324.01792249071787     
   316.14057104009856     
   308.32809363136244     
   301.41028693011043     
   294.10728651620423     
   287.62979514395187     
   281.10158410376482     
   275.05676441235903     
   268.77183779746593     
   262.80123207913130     
   257.34234053434773     
   252.06625730197956     
   247.26602876555884     
   242.76490978641988     
   237.95245548723187     
   233.29533739332277     
   228.72670517092394     
   224.68028472136479     
   220.29930182144562     
   215.97282006580548     
   212.31911271789727     
   208.74368096136084     
   205.56370492769241     
   201.76717049282047     
   199.05842124396588     
   196.95450743962476     
   194.89800210620501     
   192.40253148693625     
   189.96431077314310     
   184.31482322430742     
   177.40773042417737     
   170.22255880329703     
   163.15235383689617     
   156.01229238080981     
   149.26841976433309     
   142.98275627713846     
   137.60462459258707     
   132.23303171950090     
   127.38691339400793     
   122.76992911191709     
   118.14143997627117     
   113.81280221777892     
   109.72325660694287     
   105.86924026280833     
   101.68220076290916     
   98.354778715305841     
   94.929682241104473     
   91.596478862443035     
   88.412610366692036     
   85.685487477886824     
   83.200017131751764     
   80.650235880862908     
   78.032832235430902     
   75.753696266125928     
   72.927013728407402     
   71.108787837299417     
   69.140659718410660     
   67.143235322417411     
   65.562659222054876     
   63.694205081427405     
   61.198652664282001     
   1056.1083255927849     
   1019.2411971936749     
   989.04659886517948     
   959.01581346851549     
   926.00260600639194     
   894.00362273786527     
   864.74868372559547     
   830.58547732311888     
   797.41413633369120     
   768.65763857995034     
   744.49808955825972     
   720.25810579619076     
   697.20701034609601     
   675.51784654033759     
   653.27139959472265     
   629.32388858821423     
   607.14480726602187     
   586.94817949880917     
   568.27670156272211     
   552.01904230464004     
   535.83347322082227     
   520.59539731744132     
   506.98626713790412     
   492.92708049112122     
   479.33463309122584     
   464.98208840276089     
   451.81950369289257     
   439.25601346652024     
   426.38504208912673     
   414.26655342195301     
   404.09010878568097     
   394.56335076219193     
   385.07925830363979     
   375.37702492885478     
   366.07590305712051     
   357.13257806937634     
   348.87489280765345     
   339.87672159213673     
   331.18476160453105     
   322.82048857547755     
   314.74744841562568     
   307.43184264270451     
   299.73703028473494     
   293.59616569198442     
   286.80058985485005     
   280.45184160388385     
   273.23969493860073     
   267.51124639911325     
   262.40091174201291     
   256.44444378932485     
   251.28187214550582     
   245.84420213141914     
   240.61296948920813     
   235.74681301765759     
   231.12896466234284     
   226.40149126660765     
   222.67974894709698     
   218.43860797621113     
   214.29853044667072     
   210.78143143734670     
   207.56167252017511     
   204.42478643484890     
   201.11251192424353     
   198.48242518912633     
   195.90610722442153     
   194.62073250031327     
   192.71666187436227     
   190.52799638292825     
   182.70528917429829     
   174.09785321550930     
   166.00869145249519     
   157.63460771431409     
   149.78759866655179     
   142.97540141835100     
   135.29560678154397     
   129.64028608585633     
   124.10297399959306     
   118.62466841779191     
   114.11855500333151     
   109.15615383980034     
   104.38279342946313     
   100.65620184089066     
   96.787371685444853     
   93.667327577144647     
   89.880723774331585     
   86.774821466922589     
   83.085649855779380     
   80.374903838596467     
   77.581160142469855     
   74.954476531698376     
   72.915437004790149     
   70.606672411036541     
   68.168126772534393     
   66.131043831875388     
   64.250125411491766     
   62.938986585603274     
   61.082717088152890     
   59.038318038357446     
   57.558154576343512     
   55.903246076152222     
   1066.7195157754759     
   1029.8807752237083     
   995.38274179469215     
   957.06281144120430     
   922.13975079522766     
   885.75566857153558     
   844.03938073000438     
   809.47559120986284     
   780.58737671483414     
   753.32355073588258     
   729.17429680258920     
   705.91329662680869     
   685.68329007572254     
   662.44511197914562     
   638.82386109665777     
   613.90626887993733     
   590.53709219020971     
   569.36769053844205     
   554.07807967069107     
   538.75247025603323     
   523.79150056081016     
   509.59125179160679     
   494.91413433307014     
   481.69452309781343     
   468.84992297778069     
   457.06558174972628     
   444.38660700396747     
   434.00619664288115     
   423.27542047769100     
   412.96251286295461     
   402.22016623487650     
   392.10571145508783     
   380.94489334094339     
   371.05369813942980     
   361.47358108405422     
   352.10245751146306     
   342.87321455160435     
   334.81034070877820     
   326.90712619856254     
   319.12311537324575     
   311.80166476666869     
   304.96655373780334     
   298.07712318286485     
   291.50570075039178     
   285.02762030941875     
   279.18024906565040     
   273.18574390017420     
   267.35970815769952     
   262.17908938583520     
   256.45440568350364     
   250.80573941641725     
   245.29121467837933     
   240.20767759005537     
   235.95052461918348     
   231.13123627676055     
   226.44421640173317     
   222.69354823077941     
   218.25078723069839     
   214.34407229826488     
   210.56716895344772     
   207.65329413344392     
   204.26538476168503     
   201.67902024875426     
   198.34711404506351     
   196.39838892770871     
   195.97607468153501     
   195.21422300583637     
   192.06664687266237     
   181.72275848582228     
   171.07110363255649     
   160.85390407366677     
   151.10810058194016     
   142.66740486946350     
   133.93191812752434     
   125.84192344314133     
   119.14623330222403     
   114.34044720539661     
   108.65226696694940     
   104.05912001680977     
   99.737511036736748     
   96.216718018931516     
   91.811322229743126     
   87.984090782329716     
   85.138499287768610     
   82.841714974500420     
   79.471111574382718     
   77.556949783175654     
   75.380643356397599     
   72.607916992848686     
   70.307748009092336     
   68.558624954098946     
   66.069139881764954     
   64.040695122196411     
   62.561307060746088     
   60.631961284448309     
   58.818649390638420     
   56.686122448717541     
   55.779353139646823     
   53.916682123438164     
   51.781289292605116     
   1073.3554731894878     
   1038.1502336113417     
   997.17968890621546     
   953.14571905026241     
   907.56706686206235     
   862.02118074417808     
   822.76634660081527     
   791.10889024686639     
   758.12071666890279     
   732.71412312616212     
   708.79237508395772     
   683.63174849838867     
   662.68544005999081     
   641.33121331337486     
   616.67207304967928     
   592.31132049113535     
   568.32489590113300     
   550.58957511451717     
   534.83616593791703     
   518.97836867091223     
   504.83860573265491     
   491.54627031268558     
   480.86266975627927     
   468.52201234253300     
   457.11287965695635     
   444.92855404442918     
   433.02311267434033     
   420.29514084710979     
   410.85710138504123     
   400.56244657592754     
   390.88316845868729     
   381.18627500760664     
   372.39694440955668     
   363.20685370714830     
   354.83104569072441     
   346.28548370302707     
   338.66281230138793     
   330.90847526057519     
   322.71806298242768     
   315.25407092509050     
   307.82638929929828     
   300.20446423536987     
   293.39858665386373     
   286.81589462632104     
   280.53454031193866     
   275.02194954691856     
   269.12777015603967     
   263.52072677500763     
   257.82857171235679     
   252.42517560681574     
   247.04482569575791     
   242.59202853763199     
   237.87313832661084     
   233.58340672758010     
   229.01883065393940     
   224.33557040699770     
   220.58396726566667     
   216.46049357418437     
   212.49039247825431     
   208.50021025850009     
   205.53054390529127     
   202.76616903254200     
   199.93370043306336     
   197.16897931520600     
   195.67335050857122     
   195.29926881791835     
   192.90756207329397     
   184.78169450027050     
   172.35908515846364     
   160.83482818634343     
   150.73216746233885     
   140.61121932155979     
   132.30977283243791     
   124.70064662491306     
   117.71444592015781     
   111.23156168631539     
   105.84459380468226     
   100.64309867530268     
   96.892858955007327     
   92.821125980630796     
   89.107389212578539     
   86.160137588060707     
   82.830806544085959     
   80.792149869866492     
   77.951903522456504     
   75.967344481883828     
   73.200428749391449     
   70.753796799479161     
   68.892154197163663     
   67.241179740440160     
   65.644712287240083     
   63.974037517117139     
   61.819220720241617     
   59.965828294657136     
   58.965117939041676     
   56.216685665630592     
   53.890182001296601     
   52.608639271549976     
   51.189629556222272     
   49.974183147678936     
   1077.9220893564423     
   1039.7081736589776     
   987.13342508663152     
   928.48092354077517     
   874.27056377540464     
   828.97726512019642     
   795.00872155055163     
   762.59092688778503     
   731.10448413024119     
   705.24004526759495     
   680.18335501819524     
   655.79704667162730     
   631.85969731518128     
   608.33888802790966     
   582.59504137245881     
   555.12928084258738     
   526.52486207551635     
   512.85969299625799     
   503.02343082747450     
   494.08873296842768     
   484.71092501858590     
   472.36279440266941     
   460.92777589649802     
   449.79808818182880     
   439.65192674649893     
   430.74259339545188     
   420.86824996386451     
   412.05434850570236     
   403.37188684056468     
   394.04660536251174     
   384.34433685746512     
   374.59009099363823     
   364.73196973553900     
   356.22344955000665     
   347.36391233911843     
   339.98134920542628     
   332.44086231507231     
   324.80116386148956     
   316.81698248531643     
   309.37661564406847     
   302.86927078091884     
   296.25820203981681     
   289.72493869589056     
   283.02190808747633     
   276.30525150059037     
   270.06311859111560     
   264.12543647716456     
   258.79377957573212     
   253.60381012961710     
   248.45869246390544     
   243.61277093794030     
   238.75337436025589     
   234.09992766505974     
   229.64926493604219     
   225.07596875191729     
   221.22436914676095     
   216.57830633105755     
   213.19255696176515     
   210.01700156503031     
   206.98202551631246     
   203.33802016572827     
   200.00586996846965     
   197.48005327815014     
   195.51112083165873     
   194.46097107334668     
   194.51246083468578     
   194.22083889248373     
   182.02343997244276     
   166.67250267985321     
   154.50741522090598     
   144.42551657241339     
   134.18933215158464     
   126.26035800317059     
   119.70261978941684     
   112.16287083858123     
   107.32063714416856     
   101.96208329006453     
   97.476788229063615     
   93.671724230318461     
   89.514104127594592     
   86.342002442201249     
   83.839315412662060     
   80.474317091560337     
   78.662299422123141     
   75.502314499945911     
   74.256522959646659     
   71.468469878730332     
   69.836814607519926     
   66.951649494844077     
   65.479654938541742     
   63.958443432720124     
   62.264013054393168     
   60.914043536558879     
   58.928322571739656     
   57.250750777951559     
   55.205905815859794     
   53.088581411684174     
   51.285997633021879     
   49.499861952419003     
   47.822175931641588     
   1091.1988710858141     
   1032.9332266761037     
   957.33714519127420     
   884.31064733805908     
   827.59354899071491     
   783.64954074318928     
   749.67838293947409     
   713.46755740666163     
   687.04381362435004     
   659.66712786840651     
   632.94306313517984     
   604.52138441042689     
   584.01492322686227     
   557.53007509306303     
   531.04826182354384     
   496.23179321802070     
   459.32747963956501     
   455.69125068215783     
   451.17487333753292     
   446.52184748688535     
   442.35705434170239     
   439.30833406191289     
   432.60736053495748     
   426.27414996594734     
   417.15584470264810     
   408.25227217429250     
   400.00815487069548     
   391.32234258283853     
   381.03200413664820     
   373.52061762691380     
   366.06533433044950     
   359.27211781044974     
   352.70028623371121     
   344.97365512055080     
   337.84610085471093     
   329.32939259879373     
   321.05621480711307     
   313.81432582318706     
   307.70562711017965     
   301.33832445539144     
   294.38043328778838     
   288.04984986604887     
   283.20814842198337     
   277.04429387705756     
   270.90209648560443     
   265.42426532690195     
   260.40222741408991     
   254.88034028678572     
   250.77021672020749     
   245.22968403891605     
   240.27810233618843     
   235.68037942822770     
   230.62696327140623     
   226.67438428204866     
   222.43238053546673     
   217.89732040353110     
   213.51708154411909     
   210.64581801565922     
   207.19683842046635     
   203.54886024225033     
   200.21530697640480     
   197.06297537742705     
   194.46681290876955     
   192.17673018746336     
   192.49733894740115     
   193.14159437569998     
   193.35332940860633     
   179.11651537846078     
   163.33603812005151     
   150.40785139555965     
   140.38459322668243     
   129.64842020254571     
   122.24881238919372     
   115.05744958574167     
   108.32294812599551     
   102.93609275230045     
   98.723470817618505     
   95.142755004989809     
   91.523798550069401     
   87.885345675176382     
   84.381967614562512     
   81.861351906702197     
   78.978803529178307     
   77.692847104850898     
   75.133562747715544     
   72.728081505702235     
   70.454947275222395     
   68.310098107857755     
   66.142305539641001     
   63.785598111320660     
   62.270810412019792     
   60.981037352264906     
   59.860152273576837     
   57.890166780200502     
   55.594245060605985     
   54.215427608004859     
   52.480478612115704     
   50.824023696973399     
   48.223047863110949     
   46.385290815522474     
   1106.1056532176272     
   1008.7522307845528     
   908.56285146615085     
   828.02344484758146     
   772.77396750125581     
   727.91275967255706     
   688.06584018541707     
   650.80365710883609     
   625.82932356878382     
   598.71235099739306     
   578.29193345682654     
   547.73775191578784     
   524.70851171275990     
   501.54444034883693     
   470.59129889952925     
   426.89520213854240     
   375.56239863195469     
   375.04883327223024     
   382.31038694082440     
   388.38036756586172     
   390.55104058985575     
   389.81927307126296     
   388.38677614512130     
   385.66772400523860     
   383.40996649787934     
   379.78664775945140     
   375.71072822587178     
   369.94148845871075     
   363.21205401332168     
   356.65290666230754     
   349.37967748931726     
   342.98819318167887     
   335.12334285100803     
   327.36291567417572     
   321.27717876517056     
   314.96887355328823     
   309.45306498237437     
   302.88956327987910     
   296.74135451499831     
   291.48199973439421     
   286.05985478144549     
   279.60178359859896     
   273.54956503418259     
   267.83744491981474     
   262.77555072107532     
   257.45294767632748     
   251.45382711568536     
   246.36691549008145     
   240.92789638434203     
   236.21141344522758     
   232.06350803719479     
   228.18669971489786     
   224.11299207601277     
   219.96489393119532     
   216.66598683060542     
   212.91807345317068     
   209.84543325161940     
   206.35959875287099     
   202.76055617139431     
   199.42502831913447     
   197.25070312365131     
   194.51675317150949     
   191.81500595638659     
   190.30599846377802     
   190.09866344301108     
   191.83627933647091     
   193.29548866322392     
   176.85812874838470     
   160.08210229397858     
   145.94180821484366     
   136.37404156913593     
   126.54984647474819     
   118.90538217141190     
   112.27376785372348     
   106.02975358833049     
   101.16991563851522     
   96.772672528197333     
   93.171548744877157     
   88.661795441549742     
   85.829993032269471     
   82.213579680480223     
   79.327212431070379     
   77.679229707689871     
   75.965645287488357     
   73.509255358108277     
   71.612108965407458     
   69.348867996067227     
   67.250400164288763     
   65.106957943149297     
   63.165985481120991     
   62.052042571331462     
   60.025419991961016     
   57.814713842982748     
   56.754649952945968     
   55.591648895979759     
   52.702279196245826     
   50.890819635475744     
   49.190494753581731     
   46.822682921269333     
   44.969690726427352     
   1127.2100337089344     
   979.99544547978644     
   852.15235178655189     
   768.58208824991254     
   709.48585155985825     
   663.94154184892705     
   625.24874842297811     
   592.52715325766462     
   567.90280353854166     
   544.41601054257001     
   519.50835366221554     
   501.29111298772773     
   476.66474282657805     
   452.80592204636253     
   418.33277492855848     
   372.61800195309877     
   299.99583635747865     
   296.45986823197279     
   303.68113688544406     
   313.93321614987900     
   324.33799350388614     
   332.71917293471375     
   338.61524528093298     
   342.35302931532010     
   342.18609083529043     
   340.94162871660666     
   339.53211469585466     
   337.31318825077989     
   335.59692964142016     
   333.58852776720988     
   328.73661120842837     
   323.04031392127456     
   317.65371029595934     
   313.07116651830341     
   308.25344083004632     
   302.52499452575898     
   297.49948501343749     
   291.77365169321791     
   284.63874420343473     
   278.70221650685539     
   273.57657481115069     
   268.19525831840957     
   263.09065488336489     
   257.92208531557088     
   252.05402864225618     
   248.01373954167227     
   244.37241816677175     
   238.97150059511065     
   234.88354184651791     
   231.57514857974559     
   226.44272030436690     
   222.70642622919630     
   218.83297220297288     
   215.28754475306738     
   210.86278972143708     
   207.06197411160318     
   204.13573359999884     
   200.89443343784657     
   197.73754210877769     
   195.09622546268020     
   192.84182509427418     
   190.28580812311674     
   187.52784650111442     
   186.47547115333163     
   186.23878245681374     
   188.90976250883199     
   191.36758968493115     
   174.19643931428533     
   157.74499947948863     
   143.95453190906366     
   133.06394639528619     
   125.09971631479095     
   116.38793809693314     
   110.82096646808715     
   104.21259343032818     
   98.495340840320154     
   95.961662091568272     
   91.093323385471763     
   88.293972109683025     
   85.208717763809375     
   81.862131777444546     
   78.507176976151399     
   75.507105784128882     
   73.814459158868715     
   71.630868221626415     
   70.335666958459839     
   68.103607866731835     
   65.673841814789753     
   64.027056084799710     
   63.190798654084745     
   60.877967273641708     
   59.349568685455097     
   57.130617053214777     
   56.038141902619692     
   54.299727721338932     
   52.728345924672482     
   50.341246958026105     
   48.316894894202946     
   45.241800740680532     
   44.005339926188896     
   1143.7991164608411     
   945.74876243960750     
   811.26771333580268     
   721.67965644057813     
   660.20776751952349     
   620.68941791174871     
   579.88009746071623     
   553.12982678620369     
   533.17702432148121     
   507.54448013305080     
   487.59354395575224     
   473.98281794862243     
   452.76842939870363     
   434.21054479884981     
   399.34933712324539     
   342.25197885540871     
   255.66885371960171     
   246.70149622962344     
   246.57589836394658     
   254.03392854568949     
   264.88336196743251     
   271.08194851991118     
   280.42096055642702     
   289.52995911178886     
   296.19505360635151     
   301.03104570391770     
   300.88929285894028     
   301.45226750995039     
   298.95976764450563     
   297.89015473321058     
   296.44206353250217     
   296.04506962453195     
   294.61333833981189     
   291.42987494164993     
   287.11879212276835     
   283.24696361774187     
   277.79304864011129     
   273.33486474028098     
   270.26685098989770     
   265.76285387066287     
   261.55195804862223     
   257.45205919197338     
   253.30409397136231     
   249.61799264179604     
   244.98443142600266     
   240.54163143889974     
   235.29044056293787     
   231.39437392800460     
   228.30124043870080     
   223.99413776220382     
   219.64164012428466     
   215.81944383753876     
   211.46288826722594     
   208.18329445897606     
   204.91678521561073     
   201.36172069021998     
   198.72650595068149     
   196.17971515392952     
   193.25195674260368     
   190.51509844923658     
   188.73080550746357     
   186.50153156263084     
   184.49354048816281     
   183.13953744368018     
   183.22902167955442     
   186.26899353481281     
   188.92263247875692     
   171.89135372367178     
   155.29182523544560     
   142.44947551573304     
   132.01563769321211     
   123.56471406713915     
   114.66083463741363     
   109.37406849860767     
   102.99197301482205     
   98.082078092991594     
   94.564939795942081     
   89.958737818432624     
   87.011789549528942     
   83.141327204330793     
   80.652734573225644     
   76.646718344680707     
   74.550089301521894     
   72.616878251354109     
   70.158850454689230     
   68.902443672330079     
   66.792289732299977     
   66.002703440987716     
   63.963110320812575     
   61.701410994471168     
   58.777883398314060     
   58.721875198713995     
   57.168475028531915     
   54.715145974777215     
   52.620332546308418     
   51.188421407520948     
   48.931923360722465     
   48.215566666084044     
   44.556222693870396     
   42.526414196512590     
   1175.8841799016150     
   947.03715490714978     
   802.34200294913182     
   708.56361233804103     
   645.00539497487921     
   600.02964044143607     
   566.29827131839943     
   539.10573132039030     
   528.14959968102164     
   502.20125573030100     
   484.08863661179493     
   469.20116482183960     
   442.11748885076548     
   419.65713364642698     
   391.96229219864074     
   329.57958547772239     
   235.89063091612704     
   221.14118044657170     
   215.32786129494912     
   211.32195129562922     
   213.60030671177057     
   227.85212275133190     
   237.06418119067547     
   242.58598623727167     
   246.51529966530836     
   251.82736024706037     
   260.23683060110307     
   264.63824066805199     
   267.12150028510047     
   266.63806049222353     
   267.49029664550096     
   266.63691129957192     
   262.84929371099702     
   261.22474946546203     
   260.99217539999239     
   259.43304099492696     
   257.09823720300949     
   253.36202980580777     
   250.66101450351400     
   247.78899746288337     
   245.38358387390764     
   241.29398631748603     
   236.79434668127428     
   233.07339236948252     
   230.05634461500307     
   226.81493501135486     
   223.68050284970934     
   219.23961511936227     
   216.02357575433103     
   212.78072808518863     
   209.17198797062235     
   205.56088620185074     
   202.31442816876191     
   199.50355609550041     
   197.99021654382858     
   194.45427269845246     
   191.34345530637833     
   189.51777043894188     
   186.19319934912068     
   184.67017189485509     
   182.45327941895550     
   180.90875182289977     
   180.23488733994415     
   179.50107452409915     
   179.13220209170908     
   182.96277595797437     
   185.60930508858411     
   169.70617335693544     
   154.01855976240125     
   141.49867052108459     
   131.17873612012212     
   121.18044317389942     
   113.23435118803565     
   109.62740124711152     
   102.40937696948959     
   97.085961223162855     
   93.168647222348866     
   88.762021499471530     
   84.925913795104435     
   81.598014818129784     
   80.576780702976151     
   76.512069487014656     
   73.987544241868761     
   71.114170271141788     
   69.832020299395353     
   67.874233346609969     
   66.299880066072845     
   64.415761992320483     
   62.587045310646630     
   61.324936493065024     
   58.189357356322162     
   57.394868886048926     
   56.265423466032786     
   54.863470076834155     
   52.883752922318720     
   50.187156727887810     
   48.415273677494866     
   47.770393507561600     
   44.790872274487846     
   42.001777869503570     
   1215.4695743112395     
   976.92081512145046     
   816.43716536214561     
   715.41086833172562     
   646.07437462477674     
   597.95884457837951     
   566.90277375129381     
   546.41265297571260     
   535.02896926036328     
   512.14951240101152     
   482.96769479727470     
   468.14138107520353     
   446.44158712288953     
   411.47104957611089     
   380.34938188533897     
   320.28537950266667     
   214.52025160527407     
   217.46400563802146     
   203.29246487052228     
   201.73185778090354     
   196.58382463968579     
   194.65530350403284     
   200.38838116230284     
   204.21842804135198     
   209.28851958909684     
   218.33772136693133     
   221.38875672158053     
   226.66476827408877     
   225.96888981993746     
   232.71707173889493     
   234.37707149885043     
   237.71037003007990     
   237.20529614261983     
   238.72735986024696     
   235.77331792511211     
   236.12190716051234     
   234.42096904425370     
   233.51033478425327     
   230.02883882180004     
   226.87679744930242     
   224.64045029370311     
   222.63301090793524     
   219.88119975784517     
   216.91334866711236     
   214.22513271396554     
   212.07355252787352     
   209.19898141765651     
   207.89701487197490     
   204.86290226145772     
   201.34038130535575     
   198.47619900454865     
   196.36132939811233     
   194.26593282384997     
   191.35621624405670     
   188.09333364098507     
   184.90388197746444     
   182.68136169380961     
   181.29161463793207     
   178.65096787867768     
   176.12924446787827     
   175.67726639997662     
   175.10625979194111     
   174.09311822526814     
   172.43719508582555     
   173.88968442799271     
   177.81734167897156     
   180.85756698852396     
   165.89687460727188     
   152.66499576635121     
   141.84852500834171     
   130.81416559333704     
   120.87303141545584     
   113.66168007213790     
   109.34999518533877     
   102.53415905282182     
   95.978056926835976     
   91.716114221958449     
   88.866978253975788     
   85.261820798283580     
   80.802165627261445     
   78.552987440697564     
   75.857558001538621     
   73.528033086176336     
   71.190888851422912     
   68.182947827743973     
   66.061035997819715     
   66.149483279424871     
   63.759988428432386     
   61.472258727755900     
   59.886257407071291     
   57.208907965604361     
   56.513357646493333     
   55.222282212571315     
   53.579728448262237     
   51.938198418533858     
   49.936141199802677     
   47.796525369416194     
   47.222863149981976     
   43.663340676153688     
   41.493167566282878     
   1254.1373393933889     
   1008.3528668931812     
   838.54568657235677     
   734.97012231554004     
   651.19685113157277     
   603.04909066522293     
   569.79269389831052     
   552.42416171567561     
   549.31010974069704     
   510.73878621211486     
   476.72165652543987     
   469.14414285977671     
   446.50507528235977     
   407.98009413652591     
   373.35532569863494     
   304.76369954937121     
   208.22646966045033     
   204.75314949770706     
   197.73473969297100     
   199.15362380981861     
   192.02404109216826     
   189.57409479299912     
   181.95675217698670     
   182.87503784565905     
   185.48573744608109     
   187.62922563658171     
   189.02656396434506     
   191.97404546066531     
   199.56842201155362     
   200.22145306827136     
   203.85520594462977     
   207.53244026842017     
   207.14041801976106     
   209.94088750378768     
   211.64804392431978     
   213.42465494272972     
   212.02120751410314     
   210.10447745819238     
   209.31715645499594     
   207.73793430356034     
   206.40914926849740     
   204.87650306452514     
   204.67954130183662     
   201.34815758621397     
   198.12277211124234     
   196.82234362177545     
   194.63612771895632     
   192.93779297488234     
   189.33932739889730     
   187.87298524807471     
   185.05478079157092     
   183.75045849185636     
   182.24330864319353     
   180.31660799073740     
   178.36694416865512     
   177.70770863516350     
   175.62685012891473     
   173.49675897740704     
   172.20579583628256     
   170.62646449401856     
   169.86137555377763     
   169.08068221159471     
   168.04095053765326     
   168.17377570433226     
   169.34668566823464     
   172.69715731305601     
   176.68967758767744     
   163.02171507410941     
   150.59492494371688     
   140.33435505865671     
   130.77988497470196     
   120.54135132152743     
   113.72593204609670     
   108.59753020400240     
   102.82426815168139     
   96.058033305455126     
   92.090402259948206     
   87.939447361174842     
   84.456252851953650     
   79.915059339763673     
   76.826908404645252     
   74.139453094384379     
   72.263580448516407     
   69.341518576737514     
   67.632619818292994     
   65.127649625827402     
   64.518136632623879     
   62.865205763443029     
   60.260417220028856     
   58.546136247100435     
   57.530076027490495     
   55.393141635415070     
   54.139956411647177     
   52.827875909354276     
   50.684659673211996     
   49.477973171487811     
   47.145369770989028     
   46.096115202173081     
   43.459968328516894     
   41.250152956405088     
   1288.2888269801674     
   1044.9988858065226     
   851.90202560970920     
   750.01474826423214     
   659.16219802633373     
   602.05870983230864     
   572.49311944424323     
   567.16991947980273     
   557.00045470517352     
   515.01470220228214     
   484.75721501331407     
   469.48603139136520     
   448.91669066532728     
   408.87746851751194     
   375.15165198102045     
   302.76556699604191     
   195.83615438845658     
   196.36551930913561     
   196.64496225274488     
   182.97514399512909     
   192.01877716613112     
   184.29564451985448     
   185.04968100958436     
   181.71273643603138     
   170.63884546097333     
   174.24891009956306     
   178.42625606194514     
   176.55380062677469     
   176.48233984687423     
   173.92807318379977     
   175.35137985864836     
   180.79509079384999     
   183.91544706577909     
   186.00006253159023     
   190.76171840254079     
   192.01028276835234     
   190.03666185485332     
   188.63398795912374     
   189.07733649244500     
   191.89481390243307     
   191.42328660598238     
   190.03162235457154     
   186.43108903054542     
   184.81325467289292     
   183.07113649397300     
   182.60805629606656     
   180.21007395096535     
   180.23128604811609     
   176.97129583856918     
   176.05302438074006     
   174.78021043652518     
   172.75989752143693     
   170.90496180809427     
   169.96303104965912     
   168.72810797222115     
   167.61926819480627     
   166.64092648580069     
   165.09141428375136     
   163.18673681716052     
   162.20869214551186     
   161.27795457281582     
   161.98379120387114     
   161.02682562464651     
   161.67922843522078     
   163.40135855688254     
   165.45302357369866     
   169.77793587343695     
   160.04523465978423     
   149.38735224425022     
   139.41081384443387     
   129.46293879612207     
   119.64009644389161     
   112.46250597893221     
   107.16094190091036     
   102.21406263047035     
   95.026737177042421     
   90.839466606422690     
   86.158150575388561     
   83.106069107276994     
   79.367752964393588     
   76.107694719242843     
   72.927246795199792     
   72.649128985977569     
   69.767496067980616     
   66.319165844249071     
   64.782612007036590     
   64.099151204033546     
   61.825649177589867     
   59.821903261478099     
   57.275326784058478     
   57.490734488338227     
   54.959611009571205     
   53.046061443770924     
   52.823714494776695     
   50.653653143242828     
   48.474975554575487     
   45.834619988434980     
   44.769197147790166     
   43.674059635145426     
   39.802442207654877     
   1307.9581973343720     
   1071.1833633874610     
   879.20313767898870     
   768.48999985443061     
   669.96511891393618     
   616.72630558864012     
   585.42923525805190     
   570.59065235789490     
   558.46640765731786     
   502.94898351815579     
   484.08263214871988     
   467.82962967061337     
   433.83263109755853     
   414.77956423270984     
   382.53735848130719     
   306.46352861345690     
   188.87248603882978     
   193.30488559711779     
   186.72963162673307     
   186.69407944688260     
   185.57602946304470     
   175.31016220675781     
   176.28281139779122     
   174.40142578037950     
   171.91533934621771     
   172.26573379977583     
   167.31619445164776     
   164.00562135930619     
   160.37115027560588     
   166.50256802943537     
   165.32334597648716     
   166.00057588624799     
   162.47861010502109     
   164.82942306833368     
   169.71729789776737     
   169.82064745168185     
   171.52748042033389     
   171.76150967605150     
   173.32942654746759     
   173.01741512195977     
   170.56397032488937     
   170.86590511953941     
   168.78854396380234     
   170.97486396202407     
   169.46677055801283     
   171.13033293972364     
   169.38844003831232     
   167.04306047513967     
   165.55898898659115     
   163.77267007978332     
   163.25275315674139     
   163.38647034793831     
   161.70024154662670     
   160.47349155231589     
   159.19077036901524     
   158.30011396367200     
   158.60404383220401     
   156.62647939797171     
   156.49251928929453     
   155.50907142089494     
   156.15199729755193     
   157.19953582213662     
   156.83494657262850     
   157.63239810479834     
   157.80088252084963     
   159.60350562672440     
   162.20176674797855     
   156.39220779994696     
   147.79340112558580     
   137.39037109764769     
   128.51359806070553     
   120.10093140789458     
   112.68118071005382     
   106.99014565491754     
   101.81008729522959     
   93.190805885504005     
   90.466365384479957     
   86.834846821753857     
   81.305768588095745     
   78.857653550940398     
   75.546586508839169     
   72.542125138506876     
   71.159888934625997     
   69.883894276848423     
   66.223818726406350     
   64.079144887153177     
   62.967329746537288     
   61.533296958452247     
   59.505820476291092     
   56.453757128868475     
   56.595869177364243     
   54.129101187703256     
   53.196564553721245     
   52.070005283127067     
   49.964147308519102     
   48.628919081474500     
   46.741150444737272     
   44.934521231136060     
   42.749138564265877     
   40.302673020852524     
   1325.6793469354875     
   1106.0840020822354     
   903.58836391111049     
   792.04338546993574     
   701.06594529069230     
   620.58615674870703     
   603.12806207464939     
   567.92447967496798     
   552.21506690149249     
   498.02550867597569     
   483.34947242122121     
   460.03263892628900     
   431.26862729212951     
   427.39558151015342     
   386.59352248674247     
   307.56897478133726     
   171.64685186977908     
   189.33125855362965     
   188.43031515851226     
   186.74172596932760     
   177.00391419857880     
   180.43682144129326     
   172.00387249059384     
   168.42551236281969     
   179.06595331941048     
   176.97108738274440     
   160.95331546482441     
   157.65385929719437     
   160.88029460544658     
   162.17035528134713     
   156.24981831392324     
   157.20713624821454     
   161.01252396670600     
   161.28593461311829     
   155.83443141346811     
   155.46653004739457     
   156.69707883026808     
   154.27308294982788     
   152.85345633333566     
   155.15908152563355     
   155.54272960499816     
   155.67171491603136     
   156.75112358259676     
   160.65042017162853     
   158.14428530478284     
   154.86641031763662     
   157.29933476516322     
   158.24052298451167     
   156.26720695956226     
   153.30809044727550     
   154.99041855030961     
   153.74543540118975     
   154.79594160378895     
   153.80730690072079     
   153.11131222373228     
   153.13411810781525     
   153.80443547239065     
   151.02348142277276     
   152.67658949792735     
   150.21683626859641     
   151.35061939728234     
   152.71740288150033     
   153.36722923300402     
   153.12461244629131     
   153.90280518040720     
   153.61449854098333     
   154.49629964564710     
   153.00539390679228     
   145.99868636627320     
   137.40543850378310     
   127.95254126500934     
   118.89075172813295     
   114.36483161063560     
   107.89560207127556     
   101.30609863676472     
   94.056553499017070     
   90.563017936461023     
   85.203772763005418     
   81.298526837894244     
   78.350986498775384     
   76.200310045931374     
   72.553688246372218     
   71.325140107137045     
   69.688449399930818     
   66.198873335680332     
   64.286685288666007     
   62.021911618501093     
   60.979694598168592     
   59.180238814876923     
   56.696913857609459     
   55.785992477591513     
   52.966456867552267     
   52.422242327016683     
   50.680998101210903     
   50.207732780073123     
   47.470220507329550     
   45.791985017664089     
   44.959765608232118     
   41.629211043861140     
   39.270997621553406     
   1343.0609057379465     
   1126.2734919626332     
   931.17978258264918     
   810.55122844559503     
   725.91707285139250     
   656.49136909936669     
   607.06261444740392     
   573.63061478622740     
   560.93866315821060     
   510.25334265006296     
   505.79482116404779     
   485.83977786728929     
   461.06150083080058     
   431.39307240723554     
   406.19601265931101     
   312.36411972079145     
   173.00730707989936     
   183.87068210875725     
   184.40413647168072     
   174.58636632831491     
   185.54734077868227     
   174.39048271207039     
   167.62135781970287     
   171.41195508179709     
   167.54593065427889     
   169.96227873670580     
   167.11983558694288     
   162.14954131799024     
   161.23586352134248     
   162.52220328464259     
   153.62326088771283     
   155.08009400162399     
   151.68295931354157     
   153.36700397337978     
   148.18108543330706     
   155.28355586190193     
   152.36759889641689     
   152.05647995622212     
   150.63038200630160     
   150.45987411040088     
   151.67952668747017     
   146.37473786841858     
   147.79242154732839     
   148.92907521250163     
   147.20368196089390     
   146.65005915463479     
   146.43303347597100     
   151.14285197979626     
   146.84524049574401     
   147.98212044897497     
   146.57761282127748     
   145.73249807195538     
   147.26755703057361     
   147.86471128218824     
   149.25428711685828     
   147.12619210906826     
   145.79312766355278     
   147.93883733162184     
   148.95263832468567     
   148.66274799656671     
   148.24634706860834     
   149.90175325880404     
   151.14123409989469     
   150.26475839214211     
   149.47976598367532     
   148.90296675409664     
   146.57990791914332     
   148.15161926306610     
   142.98397162813544     
   135.06384397855896     
   126.35215893543145     
   120.01133883579246     
   112.94633146386296     
   107.58962341658201     
   101.31511057260059     
   94.921657571386305     
   91.120716721833944     
   85.517086110246041     
   81.881244785680735     
   79.194798346861859     
   75.273081475212166     
   72.098309832365203     
   70.695215743604933     
   69.574395978821173     
   65.786486636437544     
   63.423647444051070     
   61.498770948300958     
   60.589179796074703     
   60.372348135326803     
   56.832664324124494     
   55.621196856014478     
   52.333308104957702     
   51.553460644289025     
   50.032784893125800     
   49.287751267293501     
   47.207954363048870     
   45.975001036331385     
   43.093296748977430     
   39.754159606179634     
   38.927275617142755     
   1342.5025480819795     
   1144.9168328585001     
   957.16934458747892     
   816.04181323242528     
   737.97305407871829     
   640.14468358624799     
   571.16033753363354     
   584.99729477966991     
   567.44798022543659     
   516.90152636360926     
   530.76020974409391     
   481.69813235270232     
   464.18931192103463     
   437.35708778462799     
   389.29051796646240     
   275.45623877707470     
   165.20563482420806     
   177.48084527264021     
   186.07909708698051     
   175.72122931155201     
   176.22687022927266     
   178.02051609779164     
   168.67464217649967     
   169.86064726445062     
   173.83406198374712     
   167.79006573428495     
   163.13803616033061     
   162.75110878789252     
   161.43944042460930     
   154.98691252531444     
   154.70525771073346     
   155.78607944091644     
   149.98333351838889     
   154.36939292547746     
   150.11355493751276     
   150.12707397900857     
   148.29313120438837     
   146.73575592770445     
   148.27664133753655     
   149.76575611292216     
   143.70713615149202     
   145.50667734070024     
   146.32529460181223     
   145.31335501123078     
   142.51008209032105     
   141.79259233192710     
   143.01113671088081     
   142.90069103210806     
   140.94348134300077     
   142.55777328278535     
   141.62123082726524     
   142.42447356886058     
   140.85203834049020     
   143.61271127335888     
   141.65295980033250     
   143.00748722071617     
   142.45020206505987     
   144.74783981291330     
   143.48167814535000     
   144.67021078747345     
   146.74776696319719     
   147.44008171747339     
   148.64908774407988     
   148.34975955119438     
   146.59487171586107     
   145.07212250504406     
   141.87200058992468     
   144.31238388566254     
   140.18607762672121     
   133.26795762627657     
   126.11349149629891     
   119.56627765899100     
   112.50794305870727     
   106.84857403222505     
   101.13757919194060     
   94.991870122944533     
   91.547005074278587     
   84.964402033840628     
   82.748107833044685     
   78.659495274715539     
   75.262410256333510     
   73.247994161313159     
   70.628483899232805     
   68.302539862459767     
   65.996967222966646     
   63.761565806298904     
   61.562218358960152     
   60.835056131234495     
   59.060183453935707     
   57.263174048710482     
   55.556147016835965     
   53.650850997535038     
   51.675485460192625     
   50.096081459373728     
   48.735221003125105     
   47.548143914957201     
   45.006532331137549     
   43.230619672704201     
   40.298861606561772     
   38.897623746125340     
   1345.6429021665383     
   1147.2261551196832     
   945.33379984289115     
   808.41006218149323     
   755.86853647505791     
   649.79822517549837     
   568.72663706031960     
   593.56783887298127     
   542.24069264534580     
   505.29815531496911     
   537.14453200303910     
   487.72812083034637     
   443.92052562594762     
   423.56147207833686     
   365.37344662300461     
   242.32397109959982     
   167.42721225428539     
   170.43460802701165     
   181.83904434542424     
   186.71236952713664     
   165.53712540191165     
   176.28440810861184     
   176.32600064367404     
   172.12111211561975     
   171.16342710022093     
   171.46094845222675     
   162.30496205891026     
   158.09973518907344     
   154.56552780087745     
   155.86860843687361     
   157.81689459359154     
   148.23701317360690     
   147.02847220942024     
   150.40560615297906     
   149.16754950845154     
   147.19036471433424     
   150.37364858458773     
   147.36836478945384     
   149.03811082654497     
   145.36371905973303     
   146.45118054956711     
   141.60593744677743     
   140.07491531030593     
   140.24895393532475     
   139.89354274677856     
   140.76476706866777     
   140.09479124043361     
   142.58396870060645     
   140.54871029173054     
   137.24101554989448     
   139.65475413111656     
   137.71510699981496     
   140.42592471542062     
   141.07799606808268     
   138.38395543509563     
   141.28158975856397     
   141.75594943441973     
   142.26704739487320     
   141.33564501568000     
   143.13109620731876     
   145.64307722857845     
   145.81603891033933     
   147.13685191462594     
   147.32651375106332     
   144.94181217943191     
   141.74366027856351     
   138.59142718871988     
   141.81164724789971     
   136.59076305709144     
   131.12270575561456     
   126.28058811038341     
   119.13425107508326     
   111.79219087612593     
   109.08999746164046     
   102.06431336433707     
   96.351146009101001     
   92.150077390762206     
   85.424646726501919     
   83.718347492431690     
   78.586887058322517     
   75.093205966113942     
   73.065448587464971     
   70.998791534898643     
   68.104390620056108     
   65.446345510149428     
   62.768991975119533     
   60.467889201069191     
   59.657418974122848     
   58.089678995091994     
   55.961995217470708     
   55.381254846539242     
   53.426237684059423     
   52.023924289957861     
   49.812147004325581     
   48.926733084858427     
   46.421086639782395     
   45.010992664127428     
   42.767393153124551     
   40.183117769897137     
   38.225589697568338     
   1357.8179530671532     
   1127.8836344694910     
   964.54892544098607     
   817.12578250497700     
   752.56615969990935     
   642.95477322807972     
   556.07410277314011     
   582.36790632647705     
   531.81607811248898     
   525.58787477906196     
   535.98962192167153     
   511.16161520331110     
   453.04073874312354     
   419.47720808426334     
   349.40806341475400     
   225.40948954045405     
   163.82498532885938     
   170.83381223718396     
   177.43571498266061     
   182.81119812543716     
   171.90260689349509     
   173.20241156947873     
   178.78634295270962     
   171.89975910258397     
   169.54845720721465     
   169.87579803006520     
   168.43787792056335     
   157.65834336931192     
   152.85044254383936     
   161.55250814206778     
   157.05988202733084     
   155.09839350657418     
   151.09667849215833     
   146.97901170689042     
   148.33309293305598     
   149.11035052741286     
   150.57568854375000     
   147.74969093009150     
   148.35325003836843     
   145.31743134858658     
   141.57527120945102     
   139.58310423254287     
   138.85949458007258     
   140.44333426592394     
   142.50209879175469     
   142.72467149480516     
   137.12641993443464     
   139.14996670280163     
   137.66345393856844     
   136.15526803144843     
   137.70776382093894     
   139.43126014228142     
   139.48409138770424     
   140.12342376941177     
   138.38744256403541     
   140.71140048101611     
   142.69548170850177     
   142.74316785749230     
   142.75255944575468     
   143.49226570717127     
   144.34576794177212     
   144.08562397536008     
   145.83377882605913     
   145.98354811970944     
   144.25110218509641     
   140.21879911225264     
   135.74529798689085     
   138.28677268554034     
   135.18830023361275     
   131.02983012570090     
   125.11879369110886     
   118.55450788089554     
   113.19294538937481     
   108.92605492975595     
   100.92897387547885     
   96.524937308812142     
   91.461169228356979     
   87.087533271863947     
   82.947694605011520     
   78.788594537182149     
   75.595394704504457     
   73.298383249412112     
   71.637701359163643     
   68.104617191457805     
   64.088989429811079     
   63.968700227493386     
   60.619756584581573     
   59.305810141446074     
   58.829835943317399     
   55.915897303437099     
   54.824739032746848     
   53.101263346166519     
   51.377714086409298     
   49.479450109969349     
   49.274738257928192     
   46.519900584228559     
   45.163933242016583     
   42.220851504284454     
   40.625768915190392     
   38.539756123552465     
   1327.6253603869609     
   1141.4448959620572     
   950.91836098000658     
   870.14193436610719     
   788.70215731283429     
   675.10002004390003     
   546.44422857555594     
   563.43132198440776     
   531.92198477958868     
   543.28153925108393     
   535.17035889174622     
   513.58299142493809     
   462.29892041192079     
   451.34569406640765     
   362.55020710452226     
   249.57275170615989     
   152.98716330893075     
   163.06993597257730     
   179.12986436009055     
   174.98198235732622     
   183.78983736622962     
   174.14639840657225     
   180.16164007851870     
   172.97225237178111     
   174.07837142037994     
   164.93743621381776     
   157.82742496823948     
   159.70584874185815     
   153.68508007446422     
   150.18714940447228     
   147.96850468830473     
   151.01082946063804     
   152.28963948849653     
   145.03830974132623     
   145.52751640425487     
   152.06242321469205     
   148.89410774002195     
   153.06360609307745     
   148.34349893735404     
   145.95958542437421     
   141.09322711489889     
   139.22508812644205     
   141.25599475449908     
   142.22683292594536     
   138.85665546093932     
   141.82660975647821     
   138.44639553218167     
   139.80211087264396     
   137.48375146235389     
   140.11373713238243     
   139.27224995125948     
   137.54327405361866     
   140.16299357734738     
   140.67470421540645     
   139.24182332651196     
   140.09117868477711     
   139.65331571817597     
   141.72121798683622     
   141.97328819336394     
   144.33111425553778     
   143.73092063826911     
   144.56402798633090     
   144.49566211396649     
   143.85778853787289     
   143.43310047849576     
   139.29971823487341     
   134.25448791142159     
   137.07180246055742     
   134.29342463481211     
   131.98907210781854     
   123.72596150820672     
   118.41173629774644     
   113.41259381567258     
   107.24321405461764     
   100.74532367443486     
   95.840518808028079     
   91.657342673320500     
   87.437046488543572     
   82.392739200576386     
   78.903031136466353     
   76.207720423341570     
   72.379952672164222     
   70.416586924593290     
   67.025552926866382     
   64.063704782757156     
   64.184125278873509     
   61.724753347366295     
   59.440815407107323     
   57.717155091250433     
   56.226547532663609     
   54.426554328183272     
   53.022322779511946     
   51.955084527484857     
   50.093468652258721     
   47.777578825860338     
   46.020634001030707     
   45.203877512668072     
   42.453262103331191     
   39.801837263048000     
   37.556737776964532     
   1292.4828817260368     
   1150.6653256084410     
   960.77675788948261     
   892.84784315111619     
   783.96518666231941     
   703.36144763158325     
   595.33799217881847     
   564.20345103767875     
   495.60969087223907     
   524.44822829831833     
   500.88608395821973     
   495.50767784464739     
   486.16328151344135     
   436.91090934394867     
   389.81518017364192     
   300.57897358700029     
   160.29332684832292     
   163.37204180401235     
   180.14860052781057     
   174.24280057599810     
   183.59448117997152     
   172.12740292719593     
   177.17521733502554     
   177.18717113099757     
   179.35000719075342     
   161.17830704559202     
   160.67936024020037     
   158.79579142220433     
   149.85543904331934     
   151.03693189430186     
   149.18327944447952     
   150.77439338963495     
   152.57286410055792     
   146.24855395678844     
   150.29036114514608     
   152.27725488578903     
   150.83468036261775     
   144.80664370712714     
   144.39394407862250     
   145.27248388240633     
   145.16254535339391     
   140.38356820962053     
   140.44074320441186     
   142.73497651327398     
   138.41462168356938     
   140.30447159745040     
   141.27319148506180     
   138.63449740743880     
   138.42965133668093     
   141.26418498298369     
   139.69574458000946     
   139.12940522233757     
   141.88793369173914     
   140.00940803042823     
   140.84689767435964     
   139.72977929432801     
   139.15279203580485     
   141.11374647028092     
   143.52107589627883     
   142.74643808105361     
   143.24103186344010     
   142.22909535600715     
   143.98257933025721     
   144.56462422052408     
   142.54576607301581     
   139.17232032603584     
   134.18073511185787     
   136.35593605414624     
   135.12836193544240     
   130.92650085232756     
   123.97199534886433     
   118.89809512956035     
   113.04187335124401     
   105.29129613471319     
   100.50229147653357     
   95.202844842428050     
   91.217146359985321     
   87.867474255402229     
   82.021116491715532     
   79.391362850402231     
   75.227577838376774     
   73.001414351584614     
   69.825705934527534     
   66.789628029051727     
   65.238160285228858     
   62.513106539981159     
   62.120004071202530     
   59.443097802901406     
   56.819971313731799     
   56.708797593842228     
   54.937621217114128     
   52.251779402846381     
   51.791613877475939     
   48.528253864636923     
   47.971772514348601     
   46.085763428518639     
   44.337126715989001     
   42.624724455754190     
   39.469822853457821     
   36.771780653471112     
   1305.1389331238458     
   1142.3583194212258     
   970.45612852284194     
   888.61905480371001     
   789.84772849825470     
   702.31604649944234     
   581.79459387096483     
   619.08385484862674     
   490.21785847934802     
   532.12882724082851     
   489.08130562592294     
   462.15960665679603     
   477.99595198588463     
   398.26248356858935     
   396.80204464651496     
   274.95375457207791     
   166.01509201735013     
   167.22812826992259     
   175.59685335369528     
   175.21474366183310     
   167.18877150947392     
   183.04009595573825     
   167.91191692556026     
   172.42096335178661     
   174.40379894923745     
   166.20178537641866     
   155.55370996741806     
   153.73392512061162     
   149.12751171267607     
   145.31616164887203     
   153.17766276923913     
   156.57276339635933     
   154.54341751821414     
   151.56417973806026     
   144.78472322719071     
   148.14067402718726     
   149.54299815911133     
   147.97375683152583     
   146.10440736859093     
   145.30578569510749     
   141.35391655415526     
   146.70647680128451     
   146.46583452756795     
   141.73279405262446     
   139.36968517990206     
   141.73790456137021     
   140.51583401279274     
   137.77217359644294     
   141.55367263980989     
   142.13981883097100     
   138.67628840539723     
   134.69857248748391     
   140.30596893260537     
   137.79376028701745     
   137.53956808698558     
   137.61189808750825     
   141.30741049506881     
   140.65103000152618     
   144.65924405674212     
   142.35115273356143     
   142.48577061263629     
   144.67127614039245     
   144.55753472134390     
   145.36164566105032     
   142.37298236181874     
   137.14738664329346     
   133.24216050271659     
   135.99592831877064     
   136.42856776073705     
   129.35912763730300     
   125.61552722070617     
   119.15121973847144     
   113.65352827947612     
   107.01878253617157     
   100.66115703942880     
   94.313953523856554     
   91.411606047830929     
   85.721353534868257     
   82.669673162204418     
   79.281648367930728     
   74.606986313478728     
   73.943297300375917     
   71.181796358910077     
   66.947270684930430     
   65.939987223310709     
   63.010639581261898     
   60.972842493688766     
   59.164024623463831     
   56.209072041978800     
   55.666325526919024     
   55.163122607298796     
   52.963382886352335     
   51.873599814650220     
   49.021701933876500     
   49.615032622505723     
   45.726178066781429     
   45.465561171287746     
   42.944208709230672     
   40.272967461398807     
   36.868194022829243     
