           1
        3200
           1
   990.77725573175758     
   934.70449211827281     
   894.93747420019531     
   863.97202665603140     
   837.04632618053211     
   816.81418624685773     
   794.02720102716967     
   771.20033315404658     
   754.18551957780016     
   733.03242053991414     
   713.78969951410738     
   694.20134486902009     
   677.31626679767214     
   660.15001295765796     
   643.17889181216378     
   623.40479238623891     
   604.39569992427391     
   589.87829110803250     
   575.32766695451323     
   561.89128187487711     
   547.04824581436765     
   532.95001593549580     
   519.81698982838850     
   506.59936751985987     
   492.44843643459922     
   479.31152682684001     
   467.26019881951504     
   455.49548855295166     
   443.08230222322698     
   430.93623413753238     
   418.79778967387381     
   408.07811974365825     
   397.31589185660005     
   385.95824899012302     
   375.82602430281554     
   365.48135961197312     
   356.40888995377736     
   347.51760613499664     
   338.90172848825773     
   329.80895420249232     
   321.34251505363153     
   313.75071005032567     
   306.97851800760242     
   299.56729148292197     
   292.71984720829710     
   285.71276458448597     
   279.29543195415306     
   272.96292381328522     
   266.80230081363760     
   261.21795237382344     
   255.51593054564304     
   249.95317964684958     
   245.10261262159892     
   240.80538278778869     
   236.18311621358765     
   230.85542848855835     
   226.78771587283637     
   222.56060306284346     
   218.99289035112730     
   214.69236930190726     
   210.89404159316354     
   206.37173565722549     
   202.40332314460670     
   198.15617976319345     
   194.37923802060246     
   190.29147050255887     
   186.38618614487206     
   182.56778805507130     
   178.78309547180922     
   174.94878972198268     
   171.19789377327979     
   167.74078307267780     
   164.43387214264669     
   161.08131071928716     
   157.65970877689716     
   154.47625571317388     
   151.30630580926584     
   148.08505741395948     
   144.89052031042684     
   142.00928342984176     
   139.26216490092918     
   136.56904751024467     
   133.75072650527002     
   131.19666312095615     
   128.38262816203826     
   125.90251594067638     
   123.50041870925263     
   120.96468287582056     
   118.53266424293398     
   116.32153167991422     
   114.10982846780985     
   111.84456806957672     
   109.74788592402059     
   107.81139297623565     
   105.71187355369653     
   103.70354812544007     
   101.75466416168051     
   99.889785536873603     
   97.935520808670105     
   96.066113416966374     
   1011.8378807065855     
   976.91083006564145     
   935.21811221750704     
   896.50660572405104     
   869.28147110614577     
   840.69851144239965     
   815.24857277050535     
   791.07616640539970     
   770.61864249531425     
   748.89052113669459     
   729.31239060264215     
   709.78740063470150     
   692.14111349152085     
   671.82438903593231     
   654.91817284092053     
   637.70465074598656     
   621.03251822430866     
   603.40323919791842     
   588.42542970677800     
   572.55150511538443     
   556.04957789400191     
   541.05248652538080     
   526.77773355924307     
   512.88336332810582     
   499.03139289720696     
   484.81755414847538     
   471.58391196110250     
   458.04381165282769     
   444.97695238119650     
   432.09431753723669     
   420.41120088048018     
   409.39001874260794     
   398.52448949656900     
   388.54546348567806     
   378.29620937014380     
   368.08917300037865     
   358.43912691108733     
   349.00036568862311     
   339.89801832002735     
   331.46273462875513     
   323.09739449656036     
   315.28715501545889     
   308.09707353461852     
   300.61812110301804     
   293.86179266213207     
   287.33488027542143     
   280.26339188146676     
   274.12987368043872     
   268.44137194141052     
   262.20764003232432     
   256.70818609378415     
   251.11124830791945     
   246.43292349593872     
   241.57928100680974     
   237.28066451643915     
   232.38300324184746     
   228.34645952305593     
   223.47807960526046     
   219.32644603141995     
   215.54894013198077     
   211.42343696563270     
   207.13026259071100     
   203.25998882684004     
   199.25264668094508     
   195.13159840770228     
   191.40595202360237     
   187.29661122911355     
   183.35928459696004     
   179.60070186452683     
   175.72357253573210     
   172.09341157206211     
   168.60131659698581     
   165.00423598757962     
   161.35140292202362     
   157.88519490109130     
   154.72764424032596     
   151.50482451037490     
   148.42870604929664     
   145.48689815623570     
   142.71814951739449     
   139.63594913007199     
   136.82082452914310     
   133.93584172630307     
   131.26457202510244     
   128.63033484458458     
   126.22430587428096     
   123.64859050867136     
   121.22379979456797     
   118.84414185889935     
   116.54045079360890     
   114.20663616808663     
   112.05545535541827     
   109.81546915231738     
   107.72420259650329     
   105.66421649626849     
   103.61667340112261     
   101.68522882822535     
   99.650531455327865     
   97.759635953234636     
   95.868305973380473     
   1015.8720828695082     
   982.76544555140958     
   950.48498105649878     
   921.86599502818399     
   890.74037327951692     
   858.65278601914440     
   830.98605956980191     
   805.05126298067796     
   782.32662814872901     
   761.81285418673633     
   742.12195146543706     
   722.03177631187759     
   703.56946862464167     
   683.58022506898374     
   664.92275742479103     
   646.44687152555764     
   630.93525806086620     
   612.79083865657469     
   595.02601609119779     
   579.83237980567492     
   564.25284447365482     
   548.25970457066387     
   532.68644293220007     
   517.33707985216370     
   502.28981464435901     
   487.40762471758728     
   473.13183889605966     
   459.18479752820485     
   446.66326989902217     
   434.39887192610394     
   422.37614111278953     
   410.59579781980784     
   398.86601322402578     
   387.81180532381785     
   377.39453019192075     
   367.80129012852746     
   358.98341770997615     
   349.02951363978758     
   339.86809360670202     
   331.06120201309989     
   322.74546747742204     
   315.03933239764393     
   307.76034305616463     
   300.46977017372660     
   292.94171751612851     
   286.46636289701991     
   279.82868618040976     
   273.82449505421698     
   267.61317613367538     
   262.14397731877000     
   256.63030652758005     
   250.55611901291087     
   246.30847407893975     
   241.80848656732519     
   236.70970094447557     
   232.12803874690459     
   227.86892155901526     
   223.49668178110517     
   219.47191729788653     
   215.66978183565925     
   211.50922625202662     
   207.72819311916996     
   203.51069708026313     
   199.76568985602461     
   195.75908181469873     
   191.60484472199934     
   187.45094958434498     
   183.56953468604041     
   179.78623820861753     
   175.94385821681951     
   172.26432861898456     
   168.68219855106594     
   165.09285311637302     
   161.38577226626265     
   157.97076546263474     
   154.72846689502052     
   151.58210679781689     
   148.53333055928081     
   145.25520667087397     
   142.24019566025504     
   139.30821299031336     
   136.73578560937477     
   133.95354835728776     
   131.28639959830869     
   128.66595814449323     
   126.09033385481409     
   123.60133838893144     
   121.24041095898183     
   118.84353227594193     
   116.68273056215517     
   114.45493451269793     
   112.29667271554685     
   109.96299815115884     
   107.79070373464810     
   105.64512046564096     
   103.60399579895690     
   101.55162118765762     
   99.512179379803456     
   97.548649779619112     
   95.587701809287694     
   1020.8417803375028     
   988.42068031101996     
   959.99767028634960     
   932.56860792548241     
   902.72368702531367     
   876.68027662736267     
   847.81729377332113     
   823.04985142060775     
   798.42729212409381     
   776.40862967503165     
   752.67108963629698     
   733.88993506427073     
   712.81852747734115     
   691.10562700785931     
   673.55758417278059     
   655.65284272101394     
   635.61989339521017     
   617.68702947961435     
   601.80305656341318     
   583.85710437530906     
   567.02703804265161     
   550.13579928708486     
   533.18022216387794     
   517.43886902530448     
   501.74503757202831     
   486.86256219416737     
   473.24817325322829     
   459.86208721300704     
   445.52642111996533     
   432.66386320133734     
   419.40112482409836     
   407.09741270329567     
   395.72983448070789     
   384.88967981967971     
   374.53234395167613     
   364.70297280702357     
   354.76237556099636     
   345.47480215912697     
   337.26207259598357     
   329.45064376052846     
   320.84845369349142     
   313.25445062194956     
   306.16906738844153     
   299.01419932412261     
   291.83856369101397     
   285.35269649987799     
   279.30913392440391     
   273.82264563617196     
   267.80061150451945     
   262.46830151514382     
   257.19544715701045     
   251.73894616770457     
   246.85357320619491     
   242.32743973270817     
   237.79615105532380     
   233.30885597430515     
   228.66608575517162     
   224.79492112477624     
   220.96684549718077     
   216.82261096575064     
   213.39999525868387     
   209.78182412468468     
   204.95388061339909     
   200.98147335449661     
   197.10457346057430     
   192.61621367075423     
   188.77418450210266     
   185.08011517530900     
   180.92432812144591     
   177.00709958607939     
   172.97431514039224     
   169.54695945149751     
   165.78315964219928     
   162.02751361658625     
   158.66706406839114     
   155.30684075727410     
   152.03421435225366     
   149.03283296003968     
   145.99532914174279     
   142.83453402673524     
   139.80847453329079     
   136.93590724121600     
   134.21972904794208     
   131.49125438230021     
   128.86280241014364     
   126.08767023670691     
   123.63468302141442     
   121.20535420691215     
   118.85142095106846     
   116.39626299218109     
   114.07262695398769     
   111.59795869590860     
   109.41323505752086     
   107.21319760883476     
   105.01401365102588     
   102.86795132067454     
   100.83337223838714     
   98.730182026300369     
   96.816652593289149     
   94.899117067869213     
   1025.9172044654540     
   990.79799562770472     
   958.78500852388743     
   935.29094755318374     
   909.71800951035971     
   885.39274067155020     
   861.02286411362581     
   836.99715444383150     
   812.58510770830708     
   789.80484522391453     
   765.89161207482505     
   742.71430473161683     
   720.69447992434903     
   699.37513909232450     
   680.10057508302725     
   659.57054891281382     
   640.74920518519161     
   622.99863907666099     
   603.10469471288263     
   583.70149460392417     
   564.88276812844242     
   548.28850902647116     
   530.36055216545378     
   513.77802332210592     
   497.61774374387426     
   482.81129216342754     
   467.64373525834839     
   453.39070419089649     
   441.29674378912767     
   429.31412090673479     
   417.83844993290899     
   406.30190355842331     
   395.68955420168106     
   385.41686279472441     
   375.38894628442279     
   365.38854979502287     
   356.28606244843746     
   347.32017703610080     
   338.95070641017855     
   330.79096934984847     
   322.26731197283715     
   314.70637356763763     
   307.95866346990215     
   300.42987745516086     
   294.26127470696429     
   286.83446678185817     
   279.80083462475449     
   273.40473756068428     
   268.41305218227967     
   262.85848343229276     
   256.86768144768797     
   252.34310704304573     
   246.94525929259243     
   242.48595957590533     
   236.84782843381504     
   232.97201662764348     
   227.71214825461044     
   224.16994679509827     
   220.19131212110551     
   216.61226291135722     
   212.62167411702762     
   209.52670304343238     
   205.19635620841655     
   201.33875732852675     
   197.19053801035378     
   192.71488421344492     
   188.74013459151939     
   184.84342151449670     
   180.66588781518260     
   176.49986789333053     
   172.33756947720207     
   168.62704015439226     
   164.94681940268566     
   161.15575942858118     
   157.77739710348726     
   154.71881494281098     
   151.11128132167244     
   147.87227225805523     
   144.89965221188095     
   141.99551213859939     
   138.93059623830624     
   136.07169207566787     
   133.25240716843794     
   130.49364541219768     
   127.73450334360814     
   124.91596355247593     
   122.43852994871989     
   119.88725013076264     
   117.34152611089226     
   115.00219661108730     
   112.79941359876777     
   110.48922199562659     
   108.13741623100078     
   105.70470425431382     
   103.45039309652756     
   101.36954846691971     
   99.319018417932483     
   97.096188339258887     
   95.048125990493176     
   92.806160530956092     
   1029.7738764060293     
   994.72805460828567     
   965.21340621056947     
   937.81840116465492     
   915.39484152292687     
   892.94638174374154     
   867.20444117314753     
   843.92538689908406     
   820.19346118129306     
   794.81410953943714     
   772.14872641585816     
   750.85942068906354     
   729.23536821238940     
   708.10489061209978     
   687.54549605476609     
   665.94069041462330     
   643.23447330401950     
   620.44488410444080     
   599.12699933257102     
   580.67345660793580     
   561.87303789260761     
   544.37262740785161     
   526.68516958219323     
   511.40128679013947     
   496.70377570092205     
   481.72111463518615     
   467.58767432571608     
   455.16430511370447     
   442.04763122959201     
   429.62599831607997     
   418.43650258632988     
   406.82912868861371     
   396.01805524142327     
   385.08255784184837     
   375.69351354568028     
   366.09930839546746     
   356.47725929884712     
   346.99291014195529     
   338.46997726977963     
   330.88162108845381     
   322.22066009173585     
   314.49878280842512     
   306.91208262992444     
   299.82046734246018     
   293.25512204667859     
   287.24063257760207     
   280.23760631473829     
   273.98903917417510     
   268.32114962708056     
   262.97374827133820     
   257.51715391677334     
   252.23048346411326     
   246.90492422537000     
   241.77752433147043     
   237.63171522307670     
   233.61980979690540     
   229.34375091194045     
   225.23037885659849     
   221.02948444908625     
   217.50458049837059     
   213.84589596121731     
   210.17431776716344     
   206.24224157695562     
   202.20586079401414     
   197.84956893210651     
   194.13126568539792     
   190.00380528949105     
   185.70008291872963     
   181.44979968495630     
   176.86846566054871     
   173.02486313417396     
   169.02061217983047     
   165.21161530031608     
   161.38289679490924     
   157.79262517951801     
   154.12687307787391     
   150.55355560899858     
   147.26689323480107     
   144.18274801545806     
   140.95577505578487     
   137.88481310721929     
   134.99655102031224     
   132.07109959965013     
   129.24047304797989     
   126.44431399911933     
   123.60718992650266     
   120.82700483779278     
   118.33252196177027     
   115.90192392468413     
   113.21772530298912     
   110.69511354761657     
   108.41303986660164     
   105.92239010488834     
   103.73294899804382     
   101.51713951473135     
   99.369394857753122     
   97.127937795432018     
   94.901129172972418     
   92.678824434469234     
   90.555512021828406     
   1032.4855490360405     
   999.42648281762968     
   969.13861711409061     
   945.81739935566543     
   920.42233343104090     
   895.35195435957667     
   874.54149104032012     
   850.79233754818961     
   824.70590517457026     
   801.09114178270363     
   778.12939652275918     
   756.40749802101436     
   734.55776708247720     
   710.86324644446836     
   686.57369486052949     
   663.28703087504084     
   640.01558574329147     
   618.81869382880336     
   598.38936130778779     
   577.47467614931600     
   560.65884948125677     
   543.32925236763390     
   527.08137239214307     
   511.24037625556991     
   496.25237922399810     
   482.98173317558013     
   469.22777673549513     
   455.27513602114379     
   442.36815464849462     
   429.73120756155777     
   417.24648427582287     
   405.71853715061013     
   394.41927708554527     
   383.76024952555946     
   373.69021666255696     
   364.15879191970095     
   354.95488244472688     
   346.19996729987110     
   337.62627055666633     
   329.82705867795357     
   321.78560855950474     
   314.46668336236087     
   307.05921388304023     
   300.34449007841482     
   292.77042531459244     
   286.16618510148197     
   279.40655867574037     
   273.03564024625217     
   267.18860169485032     
   261.98658750680318     
   256.73970416115594     
   251.83367867405917     
   246.83453782168630     
   241.88578067348050     
   237.91792183293114     
   233.61340621152686     
   229.19859349497244     
   225.86146941743732     
   222.04414330536474     
   218.17075576193383     
   214.04811913550134     
   210.90135164423597     
   207.33501896009776     
   203.01764942391674     
   198.81197449506479     
   194.49258154492873     
   189.84476725911293     
   185.59318727905770     
   180.87200065536143     
   176.52490221225875     
   171.99510392761397     
   168.61718856777446     
   164.83008509012842     
   160.63292198290455     
   156.45467837580986     
   152.95046939854444     
   148.93377534618705     
   145.46218810051636     
   142.38192750889027     
   138.82141577970714     
   135.51742933949876     
   132.60381994366858     
   129.57986749413823     
   126.43164786535615     
   123.39615780729557     
   120.48600622757186     
   117.76039092214847     
   115.14287902975119     
   112.59600482620347     
   109.96047452562169     
   107.34555862569258     
   104.74384693747550     
   102.21485903566771     
   99.658959510051517     
   97.379713629499520     
   94.915207118878016     
   92.716218915777290     
   90.444695435865597     
   88.195817225953405     
   85.887798412144662     
   1037.7622449755347     
   999.56955882004149     
   973.56519892731944     
   947.55600631112952     
   924.81680436861166     
   896.89201766529106     
   873.35071799745538     
   849.03621498590041     
   828.26262417325734     
   805.26466218850442     
   780.36697364909639     
   754.84153974733726     
   729.89525453716931     
   705.81982603325412     
   682.30188294357845     
   659.35293521621350     
   638.03418998643087     
   617.93711250590673     
   598.68456292555220     
   579.88707827818757     
   560.12711218589425     
   541.88600726354775     
   525.41157487725866     
   509.82685681313376     
   494.62175190931822     
   480.43326867863925     
   466.58782900029973     
   453.47602902585129     
   440.37173106118519     
   428.74961595075587     
   418.19569430541952     
   406.86231238856334     
   396.10475717105430     
   386.25947365342034     
   375.52403498109521     
   365.73229462366368     
   356.58769620021093     
   347.86111920215615     
   338.75553748590301     
   330.95621202014576     
   322.68192450621291     
   314.77526080931267     
   308.06420066069700     
   301.39039680412787     
   294.29974476819319     
   287.37152349729394     
   280.96866059919466     
   275.61582423232653     
   269.61765098286469     
   264.14928379099547     
   258.24071496780795     
   253.20600283031735     
   248.62380365061969     
   243.29810247806503     
   239.21423013897586     
   234.86473394471975     
   231.05442663980057     
   226.39523072977130     
   222.83631051543688     
   219.23708368750260     
   215.56843094981934     
   212.06320318994267     
   208.78427109648794     
   203.74842205057809     
   199.79810515367561     
   194.57160398580299     
   189.46110937462245     
   184.84024366925115     
   179.29429536569384     
   175.09538071480574     
   170.73992825951811     
   166.57593868703697     
   162.15038163108892     
   157.95281001102492     
   153.70931320706205     
   150.00380826580289     
   146.19258619072360     
   142.40551039769306     
   139.01832191006906     
   135.33445665463071     
   131.63181619871543     
   128.61806825265694     
   125.37037218792727     
   122.25450046798673     
   119.19911207095063     
   116.33606254511611     
   113.63148069221211     
   110.73799126399662     
   107.99816665447423     
   105.17235756507756     
   102.54430053858511     
   99.850646808547793     
   97.382273240679979     
   94.817163890900531     
   92.300104965264666     
   90.018633826076979     
   87.538674025373894     
   85.507794151003722     
   83.260830130788179     
   80.952261473975852     
   1042.4935004436811     
   1006.3400724455533     
   981.55347277076453     
   953.06185430546952     
   924.50106236279657     
   900.17394972260195     
   875.19844748637342     
   849.33081251797012     
   826.62647374873723     
   803.44371171730518     
   779.84503608153182     
   754.27160636241558     
   729.55053781176161     
   702.84030127435096     
   677.76335950015573     
   655.12482194728352     
   631.28968339287189     
   610.75951098241467     
   590.44760473116003     
   571.01026277195001     
   553.50888285879796     
   537.41071238490053     
   521.72559026162651     
   506.14593387400043     
   490.78204733819217     
   476.31834742015565     
   463.14609323476276     
   451.09302773451327     
   439.94556870859412     
   428.48909751269235     
   416.59169288151043     
   405.30816024198043     
   394.36712707016801     
   384.01363889729600     
   374.21795094206175     
   364.72561853422116     
   355.93628065341403     
   347.00595513476856     
   338.14051828069370     
   329.75011852033742     
   321.53734397247899     
   314.02862501548157     
   306.73582257273176     
   300.22105234801296     
   293.31451036777179     
   286.98857283423587     
   280.60680829450234     
   274.45213235988166     
   268.43651098104698     
   263.17024874472639     
   257.23886981272494     
   252.50342034945049     
   247.35133832664920     
   242.83573773591675     
   238.21650474874360     
   234.21811538296782     
   231.17871944259520     
   226.93196265868619     
   222.87750911983295     
   219.53512817704677     
   216.44740159150825     
   213.19815332587953     
   209.80106877729065     
   204.89309247462757     
   200.06206428372798     
   194.26828142558739     
   188.74137478066825     
   183.40729776183784     
   177.64267994372128     
   172.82176415143658     
   166.96573028337076     
   162.33878280666985     
   158.15128474918373     
   153.86140578354019     
   149.33858403512636     
   144.70271141508366     
   140.66305519331422     
   136.70466644253770     
   133.04984046003335     
   129.20022760362667     
   125.70469556811049     
   122.58530065661587     
   119.02689308686530     
   115.55929245207602     
   112.50062027249814     
   109.29650113307420     
   105.73539094431163     
   103.02737958455832     
   100.38261586087100     
   97.398565148373081     
   95.068507250527915     
   92.484517570473400     
   90.087306259543240     
   87.296364963295247     
   85.022191662091572     
   82.906470608447819     
   80.466508254488460     
   78.077333889420856     
   75.732317036328340     
   73.515826273841810     
   1048.3502822943638     
   1011.3550469037605     
   980.02189254134623     
   951.84492690535922     
   925.88851411425230     
   898.84952379740116     
   876.66125675628382     
   852.23561893326587     
   826.28917073303148     
   797.96156212299093     
   770.08582873100079     
   741.94385196350208     
   720.37520333871885     
   697.83318192433092     
   673.60028602970431     
   649.21535809232637     
   626.90275372265887     
   605.10673811427455     
   584.11381769229547     
   565.96747833186396     
   549.03016031553227     
   532.64576111884787     
   517.16398430845959     
   502.28240946329288     
   487.79812941834996     
   474.13364009623251     
   460.77450677244678     
   448.26687533735435     
   435.67432493447649     
   423.93911479117412     
   412.96481693006410     
   402.92121473954523     
   393.02719839241848     
   382.57881812507560     
   372.61521889828850     
   363.48641604594212     
   354.26285682150365     
   345.50001415586217     
   336.86347234932248     
   328.74060223853462     
   321.21945172118734     
   313.56505716439557     
   306.10575751233807     
   299.05281772639285     
   292.03894031655204     
   285.86340908628273     
   279.37813483752473     
   273.34992727232822     
   267.77967299058309     
   261.99262107432259     
   256.64835570049172     
   251.88055702138510     
   246.77474930987847     
   241.37046866263222     
   237.28055546383109     
   233.65324425618786     
   229.44154293648228     
   225.93189796131048     
   222.39749784503869     
   218.50352467951214     
   215.64034115533158     
   212.25711123373912     
   209.41507937522294     
   204.55219052591707     
   198.78638335180517     
   192.66698446463568     
   185.96319095006265     
   180.08485931447501     
   174.16063161108661     
   168.50001862394171     
   162.61172830716205     
   157.15194607022602     
   152.88857546515919     
   147.95717203692379     
   142.91336381963305     
   138.64577427171565     
   133.87023288379345     
   129.77747281514058     
   125.88025220025411     
   122.08214794468469     
   117.92701402583039     
   113.91346993227316     
   110.20175630719839     
   106.87258116620427     
   103.44104318884987     
   100.24459341963070     
   96.978097169263961     
   93.972617207364678     
   91.359573684504085     
   88.370086466700030     
   85.697222420747238     
   83.362951301617244     
   80.852443451450455     
   78.719168095770669     
   76.719255971583465     
   74.136620340952518     
   71.756526386557780     
   69.495264118051324     
   67.493697103939695     
   65.168438389755522     
   1053.2721217908320     
   1016.3186381445582     
   987.05533878922029     
   957.96488258217835     
   928.13630503718707     
   900.53353114891547     
   871.79419495554225     
   841.54767925479200     
   813.46492709756012     
   785.05279085956886     
   759.54045391124600     
   736.11385846155304     
   711.16982563580098     
   685.44230660196581     
   664.21248297382863     
   644.28550859386360     
   622.80791579552067     
   601.61201139638183     
   581.46721473302955     
   562.13268121104795     
   543.93327527393376     
   527.19332688402596     
   511.59171819480082     
   496.62440000571576     
   483.02968839424398     
   470.03396824675502     
   456.99447293700803     
   443.82257081953861     
   432.47672914454847     
   420.75404198285884     
   409.76852538701257     
   398.57789476428439     
   388.07802280199093     
   377.96957263979857     
   369.10152175421439     
   359.21890754932070     
   350.53823055523998     
   342.08565224236457     
   334.03933712449327     
   326.02674364360735     
   317.39755224002732     
   309.57210076272372     
   302.90134463836102     
   295.46000410977359     
   289.16978611500963     
   282.70073742823377     
   276.91893374976667     
   271.12234407102159     
   265.29122793183893     
   260.12806182367501     
   255.12500517398638     
   250.64040988165291     
   245.76826998414128     
   240.82874678622380     
   236.95795825119581     
   233.36389208868673     
   229.54312605570163     
   225.92462443263179     
   223.19052877800362     
   219.87711567104157     
   216.98113881360874     
   213.98962439838144     
   210.97954645956483     
   204.55442296584206     
   197.71215919834623     
   189.28257129714933     
   181.69466867845102     
   173.75443322452082     
   166.72443054082856     
   160.45685204463723     
   154.10367861404077     
   148.43430452802815     
   143.04910822258256     
   137.35559545987883     
   132.59663647912936     
   127.94578698280050     
   122.97683026758774     
   118.20704348457939     
   114.23112183646451     
   110.44044264779042     
   106.66570767112120     
   102.94306088210411     
   99.207244821032248     
   96.588839058499005     
   93.344385637423727     
   90.283156206333018     
   87.249449641495715     
   84.740699415893971     
   81.842195618233788     
   79.266746573183354     
   76.569548731221047     
   74.982613746874222     
   72.634562810771143     
   71.171790092157707     
   69.096009477796315     
   66.713779063186749     
   64.923511210417047     
   62.330701423973842     
   60.077828347380560     
   58.280593119455801     
   1054.9470706662958     
   1025.7539015166421     
   993.47049402934567     
   962.10707821863161     
   930.65342783606286     
   898.86013606041797     
   863.99116688284857     
   832.18397606371138     
   802.82189940149442     
   773.24220352232169     
   747.11161875120274     
   722.77298182652544     
   699.29232525328166     
   676.31819201387361     
   653.90500670587994     
   631.49586051164852     
   608.05581251240255     
   586.42237352534789     
   569.48427113169078     
   553.28630985674170     
   538.37060517741088     
   522.45870962430968     
   506.92289107990894     
   491.89175662990510     
   477.60343967483232     
   463.88190665558511     
   451.84858912703100     
   439.39319224086103     
   428.01129185274988     
   416.52050063133544     
   405.49065921150486     
   394.98863083544899     
   384.86907212039830     
   375.15196067326775     
   365.42566306728628     
   356.35368738030468     
   347.28946410429643     
   338.73577038299004     
   330.81194506625542     
   323.49496721903756     
   316.48474512640627     
   309.06260557900578     
   302.21419999241277     
   295.92594638116140     
   289.15837154579287     
   282.49257269628447     
   276.87400107232935     
   271.36247323993643     
   265.96590410618535     
   260.83500652361954     
   255.27768643461209     
   249.96391170281277     
   245.47592021900743     
   241.05558858406829     
   236.59971271420642     
   232.23721955460192     
   228.44090456102390     
   225.34948083734756     
   222.00610399090846     
   219.32772230312389     
   216.71689618387074     
   214.97182853435419     
   211.50399324779224     
   203.49935328542949     
   194.51904673036100     
   185.34843938414846     
   176.42744090457680     
   167.59380555666479     
   159.42815883116566     
   151.97922886319319     
   145.63446953398662     
   139.05656130296606     
   133.35398053290768     
   127.55037453079866     
   121.76867965664270     
   117.88615596035754     
   112.16247006228318     
   107.64063618914695     
   103.87028995066264     
   99.253438976791429     
   95.112484648242784     
   92.356158507189463     
   89.328160317941936     
   86.807093976571522     
   83.935706494165260     
   81.219701024772334     
   78.466271262056054     
   76.327993583053768     
   74.328841327649798     
   71.772747148043351     
   69.542830250532134     
   68.019589162691346     
   66.748261380210025     
   64.335435005665190     
   62.834481603734226     
   60.426654277203660     
   58.534911603055164     
   57.182662459879246     
   55.605983093480681     
   52.618288239718858     
   1066.0709187431526     
   1029.4916872056792     
   994.08065525779205     
   960.77102733184370     
   925.16250867117401     
   887.49120999795366     
   849.34073522855715     
   816.60888119392894     
   785.76083516119422     
   759.37680097534326     
   731.16301787497457     
   706.87047899730703     
   685.83943378753247     
   663.80692197255371     
   643.35738964256268     
   621.40021889275795     
   597.25749203675002     
   575.29624744729131     
   556.71281962447540     
   539.70819983851231     
   522.96702174396376     
   509.29962818036620     
   496.33520422029585     
   484.13262862889485     
   471.78987738349969     
   458.95635723381935     
   446.18940588630289     
   433.72278036648771     
   421.30493008664985     
   410.38324757719556     
   399.07235772520323     
   388.33584237451976     
   379.27923584012632     
   369.85518741089550     
   361.01787913629732     
   352.69082135906069     
   345.47980497652765     
   337.59592592536143     
   329.68596261735240     
   321.15942102329433     
   313.42897972491562     
   306.13924830544823     
   298.27872242942959     
   291.76891043156814     
   285.64474402961741     
   279.54945171282407     
   273.41478944837252     
   267.94891014748009     
   262.28313704593455     
   256.84909313020904     
   251.97802132523157     
   247.17631945689845     
   243.18752393322816     
   238.32314839927744     
   233.82438321486387     
   229.93303992325730     
   226.25855952325898     
   223.20560231139979     
   220.10016559322113     
   218.55328893229478     
   216.80765514530023     
   215.38515208761521     
   212.53343271978559     
   201.56494114512861     
   189.94276151454642     
   178.43986865565003     
   168.13012687139909     
   159.13473234210755     
   150.41765308277263     
   141.39302548503150     
   134.47244936507900     
   128.33032439843794     
   122.74153825504163     
   116.98108012927156     
   111.78821092557124     
   107.82473928331368     
   103.14015943556559     
   99.739924697500925     
   95.033729733364382     
   92.182060730826464     
   88.429693425427047     
   85.048460768468075     
   82.810529711830625     
   80.561909198638247     
   78.009057237961258     
   75.345206847819895     
   73.783777065934871     
   71.462677381454085     
   69.809001028765863     
   68.163632418628808     
   66.279902707651644     
   63.623107741210561     
   62.499008517842988     
   60.896303792142511     
   58.423975196585715     
   56.949383724329557     
   55.679823676215470     
   53.986582488124156     
   52.141252663039538     
   49.480303156874633     
   1074.7774552249446     
   1037.1301814629689     
   998.91574761639845     
   953.25252913922486     
   905.38739612635800     
   859.53072326651409     
   822.25228303350332     
   788.83201373684949     
   761.39680125096731     
   733.70273756835434     
   708.50072380259280     
   686.45381059993144     
   664.01624754503905     
   639.86400183010335     
   617.68244772937294     
   593.21973813172997     
   570.59742207469480     
   554.97859442120352     
   540.38018874814702     
   525.55926197780809     
   512.55257023779279     
   496.82648624780370     
   483.28769379626578     
   470.17477984270499     
   456.99612774016350     
   444.83660893497409     
   433.96067160406551     
   424.14584754729333     
   414.58892711731539     
   404.33450526019976     
   394.50981907785666     
   385.07087186013791     
   374.87535371794490     
   365.96987589058995     
   355.88419022643961     
   347.13365890259678     
   338.37349731194627     
   329.68616201457507     
   321.78263921047090     
   315.00569122822606     
   307.67391421509467     
   301.12504382766537     
   294.73401424177007     
   288.76351207065159     
   282.69529028515007     
   277.45222747226376     
   271.94798748444185     
   266.72223120214943     
   261.48196735733677     
   255.71514997989919     
   250.78638898867214     
   245.40452326363919     
   241.10355506808176     
   236.80270752037444     
   232.24770528284566     
   228.36668427693593     
   225.08721113103513     
   222.55447046611349     
   219.20915076572720     
   217.55111342656943     
   215.89710895633425     
   216.21339284374667     
   212.80137807371682     
   198.14910430650698     
   183.84100869571017     
   170.79484051839000     
   160.21172932047011     
   150.59689711799905     
   140.16723215129045     
   131.24569769791555     
   124.74601222169640     
   119.37305044657768     
   113.48954075691353     
   108.42090769525367     
   104.30705277422111     
   100.24586176295712     
   96.392735729617755     
   91.567740577212845     
   89.185906068053910     
   86.686075569140812     
   84.612971168985354     
   80.947483697331791     
   79.305811178239310     
   76.072027089821972     
   74.213675591107034     
   71.531373381692447     
   70.151961848297944     
   68.503356857781000     
   66.207485711029776     
   65.751492069705250     
   63.908246887086456     
   61.904848040648915     
   60.224794046101920     
   58.982555411617611     
   56.839767988742196     
   55.933985509926870     
   54.561909667209591     
   52.607358512048322     
   50.663826057323007     
   48.530546424831904     
   1084.4517313359884     
   1040.3031705079695     
   988.41657646392741     
   929.53090108513481     
   875.24944655575382     
   828.94406528670493     
   790.97848878215336     
   759.40202999301005     
   730.68155899064868     
   701.57002776113347     
   677.04382675764737     
   655.76518992731667     
   633.42148782339802     
   610.96193501226946     
   586.28956748902772     
   555.42880144813114     
   525.61592246826433     
   512.60754005606452     
   503.29373725028790     
   494.58324949844121     
   485.64477073118536     
   477.02710977870527     
   466.81641699371028     
   455.59859792743123     
   444.31929706941327     
   433.64807812098667     
   422.79415541464334     
   411.97387491927373     
   400.82963767155638     
   391.19877732980763     
   381.96058922238751     
   372.98164585892175     
   365.08782908607793     
   356.71027701589674     
   348.96801257103806     
   340.32237956673646     
   333.10374794299241     
   325.87591050230691     
   318.26117998371001     
   311.95084888964459     
   304.14905464753838     
   296.64965170171649     
   289.64676208839751     
   283.22907142216968     
   276.79096850464458     
   270.64095047490139     
   265.28741889668595     
   259.49501058003369     
   254.73035677673170     
   249.96005438078294     
   245.40554667860150     
   240.97004150492370     
   236.34613761606721     
   232.59645845099990     
   228.79322299326131     
   224.66220887872356     
   222.04024432768966     
   218.77976384613993     
   216.50209243722628     
   214.16678226935608     
   215.47328145445016     
   212.76642875714816     
   200.79877161802077     
   186.35470136251024     
   172.21154594846925     
   159.25717021261130     
   149.19282872547439     
   139.86478040934327     
   130.63054455774034     
   123.89967173007381     
   117.49500469014109     
   111.98272299317648     
   107.61807218627681     
   102.75766257522596     
   99.178978496986502     
   94.586059696847656     
   92.120001989452803     
   88.733378394871551     
   85.419173784343542     
   83.038002803858504     
   80.919286987231715     
   78.307147764257778     
   76.920984420168324     
   73.988084408602887     
   72.797298983392324     
   68.989723781742384     
   68.079029880523279     
   66.666516414146216     
   64.583110169393308     
   63.206174170693330     
   61.957786922167401     
   61.099663320749755     
   58.080028260267667     
   57.729180371503233     
   55.708906316087379     
   53.767440167323414     
   52.087262991505959     
   51.237424133631123     
   49.247160532807669     
   47.173168972940509     
   1094.9755774439634     
   1033.1479761693347     
   956.78157070980683     
   889.53756528650706     
   833.12869883224778     
   787.49759308248679     
   750.20524237870382     
   714.93053282918868     
   684.29948673929891     
   654.81556351927509     
   631.86158104876824     
   608.48963993924531     
   582.87848442524626     
   558.12462468940180     
   530.43664030444756     
   496.02038448929875     
   460.96070816699148     
   455.15635476684088     
   450.47384147504221     
   446.69948249676804     
   441.33765305275909     
   437.26812385609571     
   433.18020909124095     
   426.63927191785314     
   420.60324169803681     
   414.20387373197741     
   405.04257637035926     
   396.03308260656564     
   387.68784716032383     
   379.71905196880516     
   371.14568983099036     
   362.07675561789108     
   354.11647877765768     
   346.56642597801402     
   338.61476411498495     
   330.98890839654138     
   322.73748471219591     
   315.99765806174395     
   308.79358208647409     
   301.81915695296954     
   295.19491968074283     
   289.36018280584943     
   283.28282115654690     
   278.01845000091595     
   273.55631024469568     
   268.29539679713287     
   262.42942859197086     
   257.24193454172638     
   252.90483368385145     
   247.80308689307910     
   242.86155305734394     
   237.92631345051262     
   234.01384451738886     
   229.34955627429912     
   225.52501578335512     
   222.44150196842483     
   220.26149543718583     
   217.08730977842228     
   215.67997241350363     
   214.32708356596316     
   215.01929313448545     
   214.64886606219065     
   198.14829414403974     
   181.75366558947698     
   166.81831284869224     
   155.41395391870924     
   142.87356485488706     
   134.88544722180848     
   126.87782615972694     
   117.59778084665474     
   113.69946560465446     
   108.60302348397707     
   104.37173455034278     
   99.006781531392534     
   97.029489123136045     
   92.678473964472417     
   90.414401828926728     
   87.443668112555116     
   83.719755448162161     
   81.582196848144960     
   79.662548188814739     
   77.566298249391792     
   73.725350532473939     
   72.420162465503864     
   71.465061543072650     
   68.143603770601160     
   66.214096044078474     
   65.015535987802963     
   63.406456965675872     
   60.976384728853333     
   60.690280766506120     
   59.311565644022295     
   57.627622758828558     
   55.729977319901025     
   54.664539569501336     
   53.329816291741416     
   51.611899576101166     
   49.150928422675598     
   47.916874768295990     
   46.272892263033405     
   1110.7284947764674     
   1013.4295835151031     
   914.94180751747081     
   834.79301193098991     
   773.88942699477229     
   728.32313860387296     
   688.94500211445711     
   657.03472013365558     
   625.77604056408109     
   593.67346114262477     
   568.75025703888775     
   546.42855877532361     
   518.56610279166011     
   499.48002727806210     
   468.75401007902661     
   423.86402055888686     
   379.25060775563156     
   380.03265328607688     
   388.62843018451997     
   393.86717918413700     
   395.81755273135690     
   393.09173909301620     
   388.89876260994578     
   386.73855121491852     
   384.01085420988522     
   380.48596136316792     
   376.34853774637628     
   372.37883111618191     
   366.33932000407901     
   360.34084814507986     
   353.28711572640941     
   345.98052623417095     
   340.10504271094487     
   331.99338184851052     
   324.82162709939342     
   319.21092122416923     
   312.57231061922528     
   306.15287655561582     
   299.59392117842049     
   294.23918623847135     
   288.49673313098356     
   283.60070032982355     
   277.16834451189601     
   271.36272290551119     
   265.81647172346504     
   260.75422404431026     
   255.94473955891169     
   250.36337567972569     
   244.95693477115105     
   240.93715046598959     
   236.04075862962844     
   232.07464770217413     
   228.70757745721710     
   225.03997158235370     
   221.98406060772689     
   217.79209200759303     
   215.21350064341016     
   213.99948571264594     
   211.85947993713762     
   210.33034617763246     
   213.41709071063178     
   214.75035192542163     
   195.96782964807119     
   177.23054427343018     
   162.70221206461233     
   150.91691400876152     
   139.37572694137825     
   130.89284145407092     
   123.60377954799212     
   115.58232374629722     
   111.61910907842899     
   105.21672987293111     
   102.45836470460996     
   98.040872453978395     
   95.079314718334757     
   91.504634274787406     
   87.750223815162684     
   85.738850121819482     
   81.951402259996939     
   80.249678278574308     
   78.281781922242288     
   75.385230821503498     
   72.407538765154499     
   71.140189349897426     
   69.850474053604273     
   67.909792366644496     
   64.338227076229558     
   62.293988744142169     
   61.824165446994400     
   61.207354530904958     
   59.502878112848961     
   58.302890460868525     
   56.303659758459460     
   55.204340888767227     
   53.448019777143394     
   51.702809619237172     
   50.628127267137913     
   49.162683495872898     
   47.390008606506946     
   45.479173105264344     
   1123.1520055793983     
   979.12223488036261     
   854.61438879072068     
   772.52356469824531     
   710.75379130216686     
   662.70993794399158     
   624.95631256691240     
   591.90256214502779     
   565.53640689559143     
   539.15217510726995     
   513.54628663144047     
   494.11989815630545     
   464.44936552804040     
   445.59829029630885     
   419.28655819492070     
   372.32128500579910     
   301.70025507635387     
   301.09822604172200     
   307.70291160112697     
   320.45765058712919     
   331.13451830306366     
   339.31761443885603     
   343.35881497414175     
   345.97092664193394     
   344.17313482927216     
   341.73421392150101     
   339.58082686408892     
   337.91154106622827     
   336.66875004781616     
   333.64617760687872     
   328.70591545341563     
   324.64260500071714     
   319.86333964146712     
   316.17413505260873     
   311.46895842981644     
   304.03872332542380     
   299.18977513260421     
   294.60399445681401     
   289.14924529612802     
   283.62810180681157     
   277.95994561589282     
   271.55222890564789     
   265.69291348267768     
   261.20736893632522     
   256.30078032588818     
   251.56678372400359     
   246.75449116137128     
   243.08902867607097     
   238.80505361431068     
   234.89648041937210     
   231.53322184774086     
   228.96771938064049     
   224.75422447074300     
   221.52799106434742     
   217.69948219280602     
   215.27812679989484     
   212.16785502693875     
   210.08973924043272     
   207.76485306375417     
   208.65369575944510     
   211.95242370013625     
   214.08614440786417     
   194.31553439454220     
   175.19202936629273     
   160.83425076927881     
   148.31371901630598     
   137.72632551577053     
   129.06329275186957     
   121.93092812249581     
   113.99356014194572     
   109.78544232434865     
   103.56877809714493     
   100.35205469772926     
   96.642304370558861     
   92.818797601388155     
   90.513887657774461     
   86.239866492701850     
   84.084677838019516     
   79.405005536829066     
   79.420938511228059     
   76.765863867425793     
   73.202582232393112     
   70.807601922761108     
   70.038299650277494     
   68.828420228445111     
   66.979141614785988     
   63.617382969371363     
   61.715342735890431     
   60.675765739835171     
   60.214380644204283     
   59.432430841897492     
   57.026022065935848     
   55.345204564172946     
   54.002510497915452     
   51.906655215061811     
   51.569283365687568     
   49.397834466690760     
   47.317741521335250     
   46.117532169066017     
   44.786452279118343     
   1146.0978098913370     
   950.05895778909166     
   809.65955195152549     
   720.67900030703345     
   659.13516242201638     
   612.96726420224854     
   589.35238400769936     
   557.16196881875157     
   530.99483940136827     
   501.37235974854548     
   484.27306232443601     
   469.12507939354930     
   445.92889042078900     
   425.28596179043427     
   401.89963586542763     
   346.26958784272483     
   266.72946400803369     
   247.88737329876705     
   247.66740174333478     
   257.60202960878689     
   267.90938697241444     
   279.30613331777352     
   287.90630854309796     
   293.68744744914841     
   299.72993477664488     
   304.98102164280346     
   306.60604933878096     
   306.93198264316311     
   304.68784388280335     
   302.44898599039885     
   299.17383430534915     
   296.82670056576353     
   294.01113762324655     
   290.68990830461200     
   287.24977418424243     
   284.29236591260099     
   280.11476369262522     
   275.89775990150571     
   272.49126926042698     
   267.73403319568575     
   263.58552841533577     
   259.96039549459704     
   255.12537184149662     
   251.23143106809735     
   247.35618357600805     
   243.42297039435491     
   240.24422214492185     
   235.77762086462053     
   231.64695639255083     
   228.32472612641010     
   223.52740661262951     
   220.56195413937817     
   215.77630294535490     
   212.70374334594305     
   209.49216784243822     
   207.30124452678854     
   205.34922242428712     
   203.36484546788157     
   202.96529916114733     
   203.56641773108311     
   208.06554270060576     
   211.62437111434468     
   192.45944167104457     
   172.36569371553531     
   158.86698804760402     
   145.95839268274409     
   137.81402383257094     
   127.93197661589363     
   120.65364168312826     
   112.21814358295033     
   108.27914853389646     
   103.08925685745842     
   98.446627782397272     
   95.317693284556171     
   91.040277044561194     
   88.742794327843228     
   84.443652446218692     
   82.251313538592299     
   78.186183454050408     
   77.756189214902051     
   75.410515755745550     
   73.118134800961059     
   70.521450382752761     
   68.723514934903193     
   67.335497136858294     
   65.233821004273352     
   63.050567272452440     
   61.224035626254704     
   59.760635035182240     
   59.516548015077504     
   57.450786376707342     
   56.141569840958553     
   54.613640307916654     
   53.029086903487837     
   51.187013204335969     
   49.626716535591697     
   48.710030280105663     
   46.764189845716338     
   44.877331873608419     
   42.666805795498966     
   1177.4248153768076     
   948.94644563211727     
   803.02135394343691     
   705.46614120840536     
   639.57568128152536     
   597.57644307518603     
   569.34956485483417     
   540.76341288308447     
   515.56818410665630     
   490.46588160032877     
   479.48074870415127     
   466.65869441585994     
   439.51463159793400     
   420.44200205148292     
   396.74554989413537     
   337.35015809026561     
   243.45272757377057     
   231.80702050366253     
   224.46656224499961     
   225.56457535766765     
   230.99128605432952     
   230.00175658249310     
   235.16059436977463     
   248.98667832636244     
   257.01655202544850     
   260.63450300984130     
   264.06171356919174     
   266.27580685487243     
   269.43459366696288     
   270.90433793513853     
   270.62192441218383     
   270.94703481515126     
   269.87466237084789     
   267.64981631901514     
   264.76710743963912     
   261.09549863997540     
   257.40290327274920     
   255.70886788731607     
   252.34604500133463     
   249.58136682978295     
   247.37384550061790     
   245.06642925486744     
   242.12992449905920     
   238.45261123106633     
   234.49337033908989     
   230.76362295521415     
   227.63737599112690     
   223.70777475252939     
   221.06827375675900     
   217.70430565897922     
   214.88285966736458     
   212.25845987561797     
   209.36615173474735     
   207.31257914546734     
   203.63027232168525     
   201.32761134996525     
   199.53173419600284     
   198.80622878745476     
   197.56083132893119     
   199.54387900195016     
   204.27263474270882     
   208.69493902709604     
   189.78910698218846     
   171.03340222144766     
   157.62995746820008     
   145.84551205073160     
   136.82253691214876     
   126.51909595533044     
   118.75338221316875     
   113.16642924372059     
   107.07470439705604     
   100.78312526061092     
   95.866257214297008     
   93.193117332083887     
   89.852997089596073     
   87.825707512314750     
   83.813986761004060     
   80.993848722489091     
   79.302345095253045     
   76.965700216563761     
   73.111522779756783     
   73.357417826016516     
   69.012820232630503     
   68.771113550900424     
   66.771786329196999     
   64.014113517167686     
   62.143579007335234     
   61.234557422313259     
   59.869851291586308     
   58.227130009523130     
   56.798340355821672     
   55.210193920735932     
   52.858354022723674     
   51.715439287691247     
   51.053507654471979     
   49.698312936121710     
   48.174144590280825     
   46.740769003508902     
   44.853133628678449     
   41.946727297135951     
   1219.3455886795580     
   981.17009504727753     
   824.72048124289597     
   716.18180449556417     
   645.65519294377737     
   592.88998291570499     
   565.03127420434362     
   543.83016752858089     
   509.35746696154678     
   498.99018337377186     
   475.09277064979267     
   461.90211052941731     
   445.67366272040465     
   426.33733764844709     
   387.42563207121742     
   327.82184738026450     
   223.28173374560279     
   220.52658062851512     
   208.83243152967725     
   208.10819591010295     
   211.15900468554312     
   214.70317793581347     
   216.95676930610870     
   207.02817961009819     
   208.86469967714703     
   216.87387460618848     
   228.02452250259179     
   232.47983473165687     
   234.84627019702987     
   237.23930620797898     
   240.05421531284657     
   240.37750168831039     
   240.53712981714011     
   241.18368522997451     
   238.95723302178965     
   238.21850736299041     
   237.38164445990705     
   236.05542317405386     
   235.27991989899363     
   232.33721855401760     
   230.42001412682967     
   228.26664182968264     
   224.97658249903427     
   220.73102804521574     
   218.90075603728164     
   216.23996147128346     
   213.71597949520194     
   211.20858464596637     
   208.38196859962602     
   207.03091796372988     
   204.80441188209636     
   201.94550773452323     
   200.36431349479130     
   198.97031684166041     
   196.88321224834175     
   194.70909680336163     
   193.02367332417452     
   192.64370142680133     
   192.49117389121764     
   193.95621014448918     
   198.53203793888520     
   204.06597739175592     
   185.88870361270452     
   170.30606552350866     
   158.03385567124957     
   147.22783784946557     
   136.80627516872525     
   126.69734339278190     
   117.44891213341046     
   112.30111197826820     
   105.83323257631542     
   100.79953625825928     
   95.346916999916488     
   92.207917144477847     
   88.436538547358026     
   85.424156194580846     
   83.100649453904509     
   79.953340565656276     
   79.407506363270841     
   76.290752000337648     
   72.205489137783346     
   71.793182533559730     
   68.816072434485960     
   67.410373415790673     
   65.610743023245135     
   63.661826518201920     
   61.495526302390132     
   60.026740422916532     
   58.701653956122748     
   58.219902085838513     
   56.364663400293864     
   54.760968652270869     
   52.920073132700566     
   50.385065230007015     
   50.683725904813492     
   48.503719244982584     
   46.708815670318074     
   44.773217509554144     
   43.405888966953768     
   41.617018285281887     
   1258.3060253703156     
   1017.9151595565804     
   854.03301744139117     
   722.42932086291046     
   652.99282668491219     
   593.27162998285598     
   571.22016207721003     
   543.71403987210670     
   508.18172774658359     
   497.40178059206505     
   481.83565012487884     
   463.74026042189263     
   443.79569184173846     
   424.76319129173828     
   380.95057711043592     
   317.05083235986478     
   210.23269469489330     
   209.13895583653144     
   209.32034165592106     
   194.31118225288844     
   199.94195593847249     
   194.45100620050229     
   202.09609168007518     
   204.84423535642853     
   198.92416971402076     
   186.66899348528568     
   193.72932214827284     
   198.41951016880233     
   204.17066284749106     
   208.29624612923175     
   210.86019491443756     
   212.89821111172722     
   212.80833854310640     
   214.97506052944905     
   217.55295000168732     
   217.65958387898152     
   216.46774876593369     
   215.04922890345173     
   213.30966220234023     
   213.97498805332054     
   213.14203663781376     
   210.38877205342348     
   209.34211324389020     
   206.90406274204091     
   204.11740624517338     
   203.84452644233303     
   201.29930183083800     
   198.92613202051706     
   197.44221298404446     
   195.72818816741432     
   192.84858809127081     
   191.62222384188027     
   190.74924061019738     
   189.35439814356238     
   188.11923180436344     
   186.21861340569339     
   185.01488282287679     
   185.46072208883777     
   186.61330442004021     
   187.66497788633151     
   191.42525031333577     
   197.59268326187174     
   182.09378504232180     
   168.83873336572483     
   157.36130844361148     
   146.98143229601263     
   136.68302240107823     
   125.45130563376816     
   116.05727949680060     
   112.04875400596268     
   106.62471893424747     
   100.78487016891958     
   96.052567034082301     
   92.243503634233647     
   87.417779904719765     
   84.291350677285607     
   81.785570978811421     
   79.405723346602983     
   78.197475201077282     
   74.755028725641552     
   72.410472908961154     
   71.622798986646117     
   68.561202679054304     
   66.000976813329856     
   63.914798236675814     
   62.699582143364154     
   59.976140409103920     
   58.920902422861047     
   57.788006609124601     
   57.260682093613084     
   54.616903221920992     
   53.795294564715405     
   52.662146529448137     
   50.363617538922895     
   50.221226476278133     
   47.320474144332920     
   45.531409061337484     
   44.528470577942805     
   42.919345067938053     
   40.585000576727033     
   1294.6860885598569     
   1051.1685630726013     
   880.42813538914675     
   741.95230287101606     
   657.56405331727819     
   604.59566096560275     
   578.26657448153048     
   539.82012644217752     
   513.64987348642512     
   489.23139525775605     
   483.21429562530989     
   458.71926099609567     
   433.85990218746213     
   412.88902933049690     
   378.26930394477614     
   303.78941808795832     
   191.73068240276032     
   207.15758304166036     
   203.58984028634410     
   198.49930946523051     
   194.96486528711651     
   189.58557058421690     
   191.58849787415789     
   191.66333215011215     
   189.41084881215573     
   189.61984362117471     
   187.21260401733687     
   188.16024786304695     
   182.53508328161453     
   181.44024507312986     
   181.84775409505750     
   185.76078551985808     
   187.49568657197256     
   193.36207051982768     
   196.57762437275699     
   196.12880131554041     
   194.56047761941511     
   192.56856907695644     
   196.52892694999611     
   194.49899399650400     
   195.78764841214482     
   194.47970628476645     
   192.96351389390250     
   191.64402714668577     
   191.13426856125665     
   189.02806610492144     
   189.26008749897221     
   188.74667921058551     
   187.03658695432372     
   184.71806011447831     
   183.47193375025051     
   181.33130897747549     
   181.60006776169911     
   182.10847363119615     
   179.67135903783171     
   179.93324736847018     
   179.49013904081613     
   179.38681154697466     
   179.37100259662517     
   181.51743430465970     
   183.15258650395725     
   189.33151391550780     
   177.06700024316882     
   166.36803850307382     
   156.08333186079955     
   146.71151822678024     
   136.04516572697364     
   126.12352251915593     
   116.60970686803657     
   110.23893641254527     
   104.56837667055339     
   100.26520057244912     
   96.967529881127078     
   92.546705633324692     
   87.395269929127380     
   83.301745247715260     
   80.371676795514588     
   79.073149170243028     
   76.830599232766929     
   73.704464177401718     
   71.059550074731476     
   70.457868847284601     
   68.193129187848115     
   66.032111198320578     
   63.450238471040038     
   61.635029160850635     
   59.367759865868294     
   58.506140690241800     
   57.266238987279124     
   56.272204846457917     
   53.562092327916645     
   53.355547805578709     
   52.730193319287366     
   50.165998952750265     
   48.948149276137158     
   46.728963886532924     
   45.861927218255509     
   44.370642283824310     
   42.493378783204967     
   40.481849771686434     
   1322.5085712017967     
   1092.1214942519607     
   907.25995882880932     
   765.54011316232413     
   675.87602880665509     
   614.62767274058274     
   568.30967720780200     
   539.95457906795514     
   516.53270017991190     
   491.89400657180477     
   484.28957124133700     
   453.26963356940360     
   415.91542469823389     
   407.89574715222193     
   370.50641270055678     
   300.92807144173617     
   188.06225138122937     
   199.51435377998041     
   201.37624299892187     
   198.73287213693732     
   193.56953042877518     
   190.87219144807409     
   182.27881396535142     
   183.50781912437003     
   184.44757390271275     
   177.76060540048229     
   182.78812079673281     
   180.95647990838035     
   176.64759449301803     
   175.56160031093219     
   175.76688504668422     
   168.87160323152440     
   170.62107795991207     
   169.00919348832241     
   173.26170385816829     
   175.87798083840121     
   175.54202727457746     
   178.23320990097343     
   179.00367476997027     
   176.71102002302842     
   177.96845436689733     
   179.37722496550555     
   176.87701823451596     
   177.48328012692707     
   177.29616679675559     
   176.58741769343857     
   176.24867895236233     
   177.75926542289562     
   175.88759815852373     
   174.32907174893228     
   173.40540831799049     
   173.55737337172553     
   172.93419095925810     
   174.43256416434173     
   173.47766741204376     
   173.43976610607001     
   174.15980569971822     
   173.55084135980582     
   174.46976957937926     
   176.82904346391558     
   176.68423622145428     
   180.33813981946417     
   172.77412468192134     
   163.43629988329002     
   155.57698575645404     
   146.59735147422023     
   136.09417294603591     
   126.25130901782524     
   117.35577141997715     
   109.59537187469080     
   104.11045858976118     
   101.32962798736219     
   97.134555264223351     
   93.001765161695445     
   87.911397519910125     
   83.860030090680112     
   79.826406999813443     
   79.114867679522249     
   74.391646434112857     
   73.270010277099402     
   70.807483114215700     
   70.157461084901797     
   67.630492851210235     
   65.309234424226730     
   63.483970608580549     
   60.868557251101393     
   59.917495631093175     
   57.328516418080028     
   55.471622123761378     
   55.560160808886963     
   54.107115176147815     
   53.043330578608149     
   51.687307392646851     
   50.466557825930472     
   47.377737016955578     
   46.764769926702158     
   45.040770991551035     
   43.464502045381714     
   42.079711811701728     
   38.829767594769564     
   1342.0292785856220     
   1118.8753466536550     
   927.59062325268667     
   799.62318604357347     
   694.34917137426669     
   616.96146584484325     
   581.38371847502992     
   536.94404032775788     
   522.49016341989375     
   488.45771142797184     
   471.01077347629132     
   450.54107308515370     
   434.48447660596707     
   402.19757276235487     
   375.24805799624590     
   298.68004094595108     
   189.47682562330135     
   195.43492183046658     
   197.50188989551097     
   195.60358944806717     
   191.09309552613493     
   189.96436283126059     
   185.35710154573354     
   176.48425573958636     
   182.01757742717118     
   180.61166405229687     
   176.35189076491676     
   178.43895477532368     
   179.52267844130745     
   172.09630939401899     
   169.11716331598376     
   163.02259847074998     
   165.05845048191489     
   165.14046379522469     
   165.82752619510924     
   164.55211121460948     
   164.98999533993168     
   165.30109859399786     
   163.30617973286959     
   165.75656321236670     
   164.12434911251805     
   167.69406609623945     
   168.45928517019348     
   168.61751388071951     
   169.66946660154539     
   169.95583017703942     
   168.13538599016562     
   166.01972738674317     
   167.28649067518222     
   164.61690140837018     
   165.19188516354004     
   166.25431012301658     
   167.23856009138973     
   167.23419867432270     
   168.46651113128155     
   169.00385436369834     
   168.67987292689426     
   169.92862161498957     
   170.88667929675833     
   171.01881816407254     
   169.79404494234984     
   172.15010387168707     
   168.47473958994601     
   160.90144018400440     
   154.23527547145659     
   145.40199471518304     
   134.51779397612538     
   125.38511997138784     
   115.78674806629205     
   110.14483821185854     
   103.64942673516312     
   102.14037360379646     
   97.410068263281346     
   92.694315550647502     
   87.440196116338541     
   84.179762165827199     
   78.443933622974782     
   77.461028073356289     
   72.887742021771714     
   72.964800254686651     
   70.662066678984573     
   69.880962751452486     
   67.890794581897680     
   65.689232861833673     
   62.352307469014249     
   61.733584856247525     
   60.345864260427078     
   58.017814892765301     
   56.392977983143055     
   54.695774453872552     
   54.545210013135900     
   52.147844284240350     
   50.976466019309107     
   50.281962607107396     
   48.274678658819397     
   46.770581658195589     
   44.272064316982849     
   42.788106157449221     
   41.228710027119646     
   37.772676483370091     
   1354.2461634617657     
   1138.6457803987100     
   952.85050260131072     
   844.08323616447376     
   726.17490716941654     
   632.47607071102993     
   603.58279237847478     
   561.42807907392717     
   553.73171996600831     
   510.73521138770985     
   490.32025194922016     
   468.33076508257841     
   438.49129723458361     
   406.53865338520728     
   388.65985912067083     
   295.27413828511794     
   178.25731505432597     
   188.82556830008826     
   193.84652470721716     
   190.15930398965295     
   186.06431713687030     
   184.46610688309516     
   183.38144165419072     
   179.22977820672844     
   178.36623873622315     
   181.29217622976643     
   174.51646939586823     
   171.41197569115405     
   174.12343820917380     
   171.27170715234527     
   167.81909715641657     
   164.34667801765238     
   163.10924988424054     
   159.13715930606244     
   158.78050249623254     
   158.50241680355413     
   158.42688211479714     
   164.11214669655948     
   161.52001681160047     
   157.74530048439314     
   160.13813557905820     
   162.16235254224171     
   160.37261370882842     
   158.97162208449248     
   164.55166840471475     
   160.95917227856893     
   157.37367617935953     
   158.33000877993447     
   162.89573399971323     
   162.87889961422960     
   162.61723093690739     
   162.06890584552789     
   164.24899431107036     
   164.32161587532232     
   166.71221252287876     
   165.21932421432473     
   164.55795107938002     
   166.44088832112300     
   168.20690775273798     
   166.78239413320364     
   163.73139667618096     
   165.01138091808846     
   165.31103388801324     
   160.40664878562177     
   152.48442520763012     
   145.62608774225069     
   133.99187996442586     
   124.19787931220222     
   117.80769436095677     
   110.81444754508854     
   104.43685990164420     
   101.09465958720284     
   96.582471724691331     
   93.154560353743676     
   88.193089632121001     
   85.280613648176384     
   79.513138290794473     
   77.499480001750555     
   72.982883227449307     
   72.288267449581397     
   69.900329538957976     
   68.688848804521967     
   66.384890717429755     
   64.902640501821679     
   62.810672220586682     
   61.520232164826766     
   58.291136260610571     
   56.209356834459705     
   56.158458084012338     
   54.856553125057658     
   53.451055423871445     
   51.789138809234593     
   50.282059473097490     
   50.498408558911059     
   47.302864796025958     
   46.436201983114842     
   44.662478885790968     
   42.081063340563801     
   41.958557157317578     
   37.550121727434373     
   1366.1150929929195     
   1142.9319605295307     
   965.25803348182535     
   870.59743788549702     
   742.75327310990042     
   639.01825159077316     
   597.38854807863299     
   572.14710664335746     
   563.13821634421731     
   522.98210808020121     
   495.89248058415404     
   480.11444539714404     
   439.17758499808809     
   419.36712507969924     
   418.41893023278834     
   326.09795284077489     
   171.90572955812149     
   182.42945749739673     
   192.09883173332014     
   185.43092826049255     
   188.17091798844694     
   175.79311290967701     
   180.09162698606627     
   181.26491988482081     
   178.55199531886799     
   176.16540857881532     
   175.94816742637917     
   168.79557563977608     
   165.31144724717575     
   170.61946378743872     
   165.18533226912783     
   168.70533263153868     
   165.40798249732612     
   160.49677938821060     
   159.71539431850084     
   162.24362973332700     
   161.97819901518417     
   160.16775043912270     
   157.31364537311305     
   154.35801867833658     
   154.60809757983716     
   153.13425815708081     
   158.94359244117169     
   159.63546546261284     
   159.95688241249911     
   156.66539358911723     
   156.39811063436389     
   157.67377667811925     
   157.64222249236460     
   158.83402431019084     
   160.12394913440667     
   159.02513312091412     
   159.81707455152804     
   160.03154237873059     
   163.70669214066473     
   161.88807383445484     
   163.87471958364227     
   164.10403338031216     
   165.86409972689393     
   164.18439329945784     
   160.49281241593371     
   160.13581620593067     
   163.71084433546594     
   158.82399380983497     
   153.31567937617683     
   144.65253033964802     
   133.41158725152843     
   127.43254574074547     
   119.27663570945647     
   110.81550062235632     
   104.56105888043953     
   99.918441355966308     
   97.269404576225156     
   90.621219488137754     
   88.350205656911484     
   84.731079076658091     
   79.598036167601265     
   76.479159021901239     
   72.921576288778098     
   72.004622804431804     
   70.704454706762633     
   68.859158807466528     
   67.472715518915152     
   65.209176083960557     
   63.930224251360350     
   60.365422567136861     
   57.487690137002048     
   56.827871991872158     
   55.316158714145729     
   54.803944202195694     
   52.576199774686884     
   51.745398787425145     
   50.587176612707474     
   48.989135629652807     
   45.938006299873635     
   44.638889137627196     
   44.491464115889094     
   43.276853086551156     
   39.498676411341052     
   36.883999706790377     
   1353.3987718416977     
   1174.4400173313684     
   998.63485447660787     
   896.30047481140309     
   771.72682369101449     
   653.33062869817343     
   605.44161314754660     
   567.60241637064098     
   548.64271113983227     
   526.41750998977136     
   487.42008828045562     
   443.27779227020199     
   426.99217237474699     
   418.95579217289708     
   418.38086796254845     
   338.82681278181417     
   167.06284801025222     
   179.50369090714005     
   182.71871317938152     
   194.67491411625650     
   187.26624314297928     
   178.86739449397874     
   177.91691369508408     
   183.43463254198844     
   172.53395583548755     
   176.76194184669956     
   175.02698941707746     
   166.89727276514918     
   167.63839890963322     
   167.51310800182395     
   167.22964716371106     
   162.49118926542164     
   159.30508320772930     
   157.40615236356524     
   154.65364617136453     
   163.31102629614077     
   164.14177560860020     
   160.78743487739189     
   155.92696295725710     
   153.32689541335992     
   151.67227412935091     
   153.55649371122655     
   155.63526047398210     
   154.96754359587641     
   157.97526078733506     
   159.20182528169761     
   156.08940792869680     
   155.58522705399520     
   155.09136986889334     
   156.96681940025806     
   155.74297276865889     
   157.08973667382003     
   159.20731013746655     
   161.40472158053802     
   162.65217448681648     
   161.87603353750188     
   162.07848709527147     
   163.38273377296363     
   163.21652108332748     
   160.29373700523630     
   157.45098427288809     
   155.83898512862379     
   159.41232885568709     
   155.98198239283920     
   152.71488452878376     
   143.66462234806167     
   133.39658228215617     
   127.22488247730251     
   120.04745545931164     
   110.34803648602143     
   104.77432322826901     
   100.34102920055540     
   95.790170232953642     
   90.483452157560095     
   88.261554954393205     
   83.253948608262235     
   81.407578499324671     
   76.869372497619054     
   72.791747963944516     
   71.455774393988250     
   71.212504781792262     
   67.563464327728781     
   66.124292109463397     
   64.301782086237253     
   63.644062775026185     
   61.061457682137409     
   58.016823942987131     
   56.723800591363769     
   56.117233485813138     
   54.462694710686534     
   52.057259782044433     
   52.077601044698838     
   49.772012422525293     
   49.213600787078391     
   45.927937625821102     
   44.563522935554928     
   43.347064291774309     
   43.544838323193439     
   40.492208929823960     
   36.515802420248370     
   1364.9820628802875     
   1202.7055612377646     
   1014.4151132242754     
   905.16143954223162     
   799.50160603493805     
   669.54384627555237     
   604.16415505254849     
   573.66740258274024     
   571.48988859178553     
   500.23371706668974     
   475.05525851954553     
   433.48910504096750     
   427.51737613364401     
   425.33688230942477     
   394.29699240525537     
   307.69234851002773     
   153.13531082797962     
   180.53293381108298     
   185.56896828173907     
   191.27715760733133     
   180.87536161776089     
   180.17670436510394     
   185.48788954183479     
   181.07179939078483     
   175.60823487269522     
   174.30539398579700     
   178.84345472469525     
   167.18829776796534     
   169.06102300770488     
   170.59143991295096     
   161.01242878385898     
   161.05374255776013     
   160.18628789735655     
   160.91882457577211     
   158.29460543962489     
   158.49342346787131     
   161.39477768865785     
   157.76754346431252     
   155.21633171328693     
   153.64575323729633     
   150.98841535453147     
   154.06961089396881     
   155.52583158491143     
   158.01827757742751     
   156.86837982986870     
   157.33359572422640     
   154.54760179914351     
   152.27224255626024     
   154.34044022064589     
   156.94815970617881     
   153.54051340945830     
   156.72139767130733     
   159.02592584039203     
   159.82261074734691     
   158.55163066452337     
   159.36962743213223     
   160.22966435695935     
   160.77017404565132     
   162.71306598172586     
   160.39996662352550     
   155.11272213401830     
   152.95557323322276     
   156.74075607351756     
   155.52898507652310     
   151.60987428441405     
   143.76071821579578     
   135.09573755250665     
   126.18975257219520     
   119.02976296741444     
   110.46338683242030     
   105.46863427008655     
   99.347540110128108     
   95.515739191738589     
   92.841767284112009     
   88.416348347059156     
   83.241384491391514     
   80.830763262862632     
   76.729863593508526     
   72.821620350126636     
   71.827243232254460     
   71.126198375096180     
   66.785232896021284     
   66.013314123816571     
   64.180448314523431     
   62.958784262233479     
   61.707417949912632     
   57.436185172099570     
   57.439138652773551     
   56.623836434658202     
   54.337324136846945     
   52.728759212563389     
   50.587228257070620     
   50.666022939619815     
   49.866352730391014     
   45.963922688185619     
   45.240098702003174     
   43.714185652995681     
   42.933432793647839     
   39.950775564096190     
   35.789554248105468     
   1351.2385840419336     
   1205.5704644117864     
   1015.4270432952690     
   883.55708106090162     
   814.98443072570285     
   680.06403033724837     
   607.70218052817324     
   580.57011548287699     
   587.81652486417306     
   519.37579936037571     
   462.47429883787038     
   448.38678141226916     
   425.55250041036084     
   400.90285638271354     
   362.14063985361025     
   287.40640487156583     
   156.24235537584576     
   177.59738384672627     
   186.11581801486329     
   183.89023126934808     
   186.24249558828598     
   178.18401901274740     
   179.81281488819175     
   171.19751302531009     
   176.39974765862485     
   174.83477265820324     
   173.96728642884867     
   171.58221937720208     
   166.67765943903731     
   160.14736373367438     
   160.95669404125948     
   158.35458137917641     
   161.04012813521209     
   161.68653297294827     
   158.48268388692105     
   156.82993994746033     
   158.68689060272951     
   156.69970457291822     
   151.20495570468728     
   152.90842107096640     
   153.29925097250094     
   155.30607516809411     
   157.68324258076905     
   154.39240432634477     
   156.28271853669307     
   155.39923294844291     
   154.24090518990948     
   156.39549022036437     
   155.55739078352264     
   155.74553181495611     
   155.31843178613045     
   156.28317295625726     
   158.70186511735147     
   158.14750622233720     
   158.25492453219510     
   158.54964876363994     
   160.63535835091753     
   160.33187628249527     
   161.13320623474436     
   159.23175956111817     
   155.46573041220771     
   149.58544789555074     
   156.09980413746314     
   154.88108265286999     
   151.00211312305174     
   143.45155141116666     
   134.67673275630051     
   126.86484571336979     
   117.82746040849379     
   109.39168143653687     
   103.93681135969480     
   99.808750143427147     
   95.530196659167643     
   93.227433313368238     
   87.805395861162395     
   83.899458815194535     
   78.975196589016065     
   77.996940526169141     
   74.131289794288293     
   72.508014632624892     
   71.223812809690131     
   67.311270696205696     
   66.043077209015479     
   64.268007676212079     
   63.074085597437119     
   62.054047056145734     
   57.828987127857012     
   57.613690144286778     
   56.612384892831429     
   55.224243176398232     
   52.301160625108132     
   51.102283451959671     
   50.206700218859083     
   48.896815807386972     
   45.908766106169026     
   45.411735096663890     
   43.668513624616487     
   41.617964687273755     
   39.149910914344645     
   35.780996003828193     
   1343.6459313660089     
   1175.0963135274110     
   1010.3116834816359     
   862.70446991513904     
   803.57279116205564     
   695.73020404297517     
   634.42626105343493     
   601.18656213571398     
   574.60904978626309     
   512.80626666636749     
   460.12736526265132     
   425.10638501890253     
   429.39286018768740     
   407.54927532456355     
   340.64090874734393     
   298.86061232630715     
   148.34706996754639     
   169.48325208399228     
   179.06083207484568     
   179.46537101287365     
   181.93880527359701     
   176.51292320383533     
   180.92482826852500     
   174.85217139967568     
   172.10761577981498     
   172.80394749040011     
   167.93057585456427     
   169.43571916814540     
   168.31021316753214     
   167.34472939862684     
   161.97614054229908     
   164.26118145587188     
   160.03946744054207     
   154.00334528292180     
   155.69464360081250     
   156.53356570684463     
   153.35677824424917     
   151.81636916694626     
   155.46103030397802     
   154.39256543345923     
   158.36899521915694     
   152.82288761566417     
   156.95400494477428     
   150.91830138608975     
   155.22549605208542     
   155.98709925852199     
   155.76648154738569     
   159.55336750779742     
   154.02386365783494     
   155.29939603926780     
   154.01205441789327     
   156.50894376138677     
   157.53543571041263     
   158.46051193851744     
   158.68430355131886     
   159.38311182683285     
   159.68819419675583     
   160.29504086751353     
   161.10385026747434     
   157.85889936465259     
   154.13145141284565     
   149.10415038021821     
   155.47727885519151     
   155.03935107594583     
   148.06748169771237     
   142.32133700077893     
   133.50936607213791     
   125.90643640363137     
   117.27134402454692     
   108.89679260073036     
   104.95349742677300     
   98.548659758609276     
   95.729233322739304     
   92.914621702518517     
   87.333888906448337     
   85.603129722607832     
   80.424739644065852     
   78.783821220471367     
   72.905008469213229     
   72.057506857491660     
   70.753292158888982     
   66.934920984351095     
   64.432751973661198     
   64.731481805123835     
   63.357262185773976     
   60.929588246895776     
   59.271392568061067     
   57.213536771109119     
   55.735971416502565     
   54.842168244455252     
   52.322961705794327     
   51.530099776734843     
   49.963783657595570     
   48.581029691371931     
   46.824694762649131     
   45.798505729373900     
   43.758701342780455     
   41.242277568610092     
   39.003584353594562     
   35.671093343558880     
   1350.5328442254338     
   1157.9911050362125     
   986.31319851331591     
   851.58563153078899     
   807.80553597472942     
   679.31295421479058     
   633.98623426115967     
   634.47133031605404     
   587.81297340301944     
   460.11772646426607     
   434.28642151362629     
   418.40800307162164     
   464.86902636683288     
   418.64949891325909     
   317.94848963945196     
   312.15007666820577     
   156.63705872421281     
   159.72806011950712     
   177.34995680500919     
   178.21902843040402     
   179.67591379523529     
   179.87355504754322     
   179.19404296550030     
   173.29033358864945     
   170.34583650610969     
   168.51018994619380     
   168.66793550598172     
   166.72577779827179     
   168.76136458530462     
   167.65509110409008     
   164.71082551589339     
   157.57476977760172     
   157.74510856263601     
   148.98390202817691     
   151.74849017587351     
   158.12348555646227     
   156.67616279564979     
   154.27348082749995     
   153.75793703599726     
   153.25986858008579     
   159.87334181613991     
   154.99835704835192     
   151.41274631288385     
   153.57124047366975     
   153.76684276010798     
   156.08451773567816     
   158.64344406268486     
   156.77951940535647     
   153.55806143181832     
   153.59500036008762     
   157.03667652796204     
   155.68688900552246     
   156.32899340316089     
   160.11442191945696     
   157.29452725566628     
   159.80850934161009     
   159.46174293444506     
   159.79129791137441     
   159.98380693987329     
   157.44403821398757     
   153.93826666891601     
   146.58487074919967     
   157.66225203583187     
   154.39693678959668     
   149.07702081477899     
   141.86468071733805     
   133.81903000324192     
   124.97702792110833     
   117.00674321977041     
   108.57802560576293     
   104.37768584643618     
   99.300712297135959     
   95.648268604929186     
   92.308714143394326     
   87.555308016333953     
   86.007837175609723     
   81.184173276375105     
   77.291864651716949     
   74.090460944509289     
   71.970418661629282     
   69.295419508806901     
   65.412214832542034     
   65.256643050972500     
   64.162048675834541     
   63.197044452287201     
   61.819553086699223     
   58.558671595732157     
   56.788251731571584     
   54.204588408498026     
   55.108472839443330     
   52.054035367904135     
   51.524580119507419     
   49.818604641327653     
   48.124648636347757     
   46.780176561975424     
   45.559218854363259     
   43.143326502784397     
   41.061960622518541     
   39.723646164277419     
   35.355768458451116     
