           1
        3200
           1
   909.59772558329405     
   863.18783319839065     
   832.05118422502903     
   809.39739680386140     
   793.29982397196989     
   779.93798016396408     
   759.47056831241184     
   740.91251962753211     
   725.12963148982863     
   712.48275120490939     
   694.18286522569827     
   678.08818346654618     
   662.99969907499860     
   647.29992045131962     
   632.89734553782353     
   618.63571618653202     
   605.75041527546500     
   592.82501464873053     
   578.26454389004471     
   564.42925496171779     
   551.09663179196457     
   537.63389476979444     
   525.34465013123156     
   515.03136235703232     
   503.22722023995010     
   490.05698005098907     
   478.03756187621957     
   466.05561629453217     
   453.46037294383211     
   442.54449016602268     
   432.51188795012092     
   423.74348722256138     
   414.04782843209875     
   405.41306980563508     
   394.95014024392970     
   385.06613186402058     
   376.30405866889186     
   367.48053304256547     
   358.94057817237808     
   350.88991574095303     
   342.76671238119468     
   335.14504423012494     
   327.28441530545774     
   319.79647848009620     
   312.18287238326798     
   304.90926953576025     
   297.71312647033471     
   290.53374603507541     
   283.97015136111941     
   277.49237809084036     
   271.39844655570198     
   265.76673299803429     
   259.83450386830657     
   254.31727174869826     
   248.75257342112519     
   243.36705567452404     
   238.21983925594907     
   233.34890373795844     
   228.77058127000475     
   223.99734113532634     
   219.53862288228839     
   214.89418541175004     
   210.36200958978509     
   205.98164278697368     
   201.87956407149352     
   197.88765200259368     
   193.95924606476152     
   190.28905543290375     
   186.74164676791810     
   183.10487003764376     
   179.49863183617055     
   175.91286922814834     
   172.52452956114001     
   169.17051732359971     
   166.07619366188206     
   162.89911755619309     
   159.74343732757364     
   156.73390664973442     
   153.87023872175467     
   150.86464127834972     
   148.18485488273197     
   145.50334630342260     
   142.98726845060546     
   140.35571816855057     
   137.88045276983351     
   135.59951144345743     
   133.04474322367577     
   130.65407443818836     
   128.44058933656592     
   126.22055196504664     
   124.01034531151215     
   121.78352139583144     
   119.71143081785425     
   117.70912145446924     
   115.64725565718929     
   113.64575786197565     
   111.67447330032925     
   109.68846852852541     
   107.55870477069411     
   105.46638498527923     
   930.11745100350515     
   904.01416468195453     
   872.77184174377021     
   845.30087568737940     
   819.08002460127454     
   794.72604045415233     
   774.88757626685265     
   759.69409410010348     
   740.13355026501972     
   722.61620600745482     
   705.29675482344567     
   691.97650906314243     
   676.45206322125227     
   660.63141796655930     
   646.45408539716846     
   630.13958910747954     
   614.73361297271413     
   600.62094862703452     
   586.37505195594576     
   573.80729330629595     
   559.46365584036005     
   547.55408433458797     
   534.64074265162333     
   520.14737944781416     
   507.29685291547753     
   495.31337598524613     
   483.02685614373058     
   472.19081263926972     
   461.55305236588981     
   450.72285819140723     
   439.95190824501350     
   429.21952042430632     
   418.09917492289759     
   407.13456044007671     
   397.59428349378493     
   388.36151188194776     
   378.76717193994290     
   370.03833081646928     
   361.42173620329481     
   352.56425353355075     
   343.89256720429944     
   335.78234021605408     
   328.33654733920355     
   321.05877023783250     
   314.04018063522005     
   306.85060309588107     
   300.27775214247697     
   294.05055983931231     
   287.56368413224499     
   281.22584019751361     
   275.14767715995526     
   269.09979609901279     
   262.99232029957608     
   256.86907857497704     
   251.35249032000962     
   245.59135006276728     
   240.40065348256942     
   235.05177682939117     
   229.80562938546396     
   224.77019700849206     
   220.19613082471815     
   215.71986423418451     
   211.45468280729841     
   207.21255943987998     
   203.09593302260737     
   198.88717360645563     
   194.99239013917966     
   191.10471287463830     
   187.44394791658544     
   183.86602438101994     
   180.11246989436586     
   176.55343522016878     
   173.19324259174260     
   169.88407538006837     
   166.53835343850520     
   163.45926563437962     
   160.49573179439119     
   157.51223914376519     
   154.51217146514986     
   151.73751732194671     
   148.93954987928930     
   146.15176824420570     
   143.32197487340272     
   140.69317999995653     
   138.17348577168056     
   135.66211945436854     
   133.38461173035196     
   131.22068529299594     
   129.00508928755451     
   126.76919488577676     
   124.74148586060394     
   122.57298474363270     
   120.38557258599531     
   118.40624272874506     
   116.39182143437253     
   114.37969944388172     
   112.40834545131447     
   110.27911844205511     
   108.02077624575664     
   105.93240047385201     
   927.33038763077343     
   909.49657593798963     
   890.41989082706937     
   865.15075247308653     
   841.17480448983736     
   818.92300647014827     
   796.21216442164246     
   776.37070338612375     
   757.78558429077168     
   740.36858220624606     
   723.76034232496067     
   703.95385938410493     
   687.17094431019018     
   669.42672580030819     
   652.45349396314418     
   638.15564904922485     
   623.25127047616888     
   609.69648535185570     
   596.29509205095496     
   581.83918336166141     
   566.60891428761170     
   552.28766580866647     
   539.89376987412049     
   528.13977154205236     
   515.61852418154001     
   502.55765249343392     
   488.81317852259383     
   477.17224272237877     
   464.56448315284672     
   454.41560177177428     
   443.24948484354195     
   431.80609855972045     
   422.26960554168818     
   411.79947368609294     
   402.16518944412684     
   392.19619850537009     
   382.91052222666491     
   373.74252220389178     
   364.70940388959349     
   355.99807700094800     
   347.90114015227454     
   339.91512581981965     
   331.82452989824327     
   323.43289547316226     
   315.62747083096070     
   308.30510662992123     
   301.15065092808413     
   294.44470620160615     
   287.76591944145002     
   281.67436199763034     
   275.03138252610341     
   268.94438872915646     
   262.96605605571551     
   257.57101352565786     
   252.17970916485905     
   246.93243678523660     
   241.66190778272482     
   236.77150705317871     
   232.27998416264583     
   227.40963996694342     
   222.74572620076844     
   217.98654289166481     
   213.35238524784393     
   209.16689407076868     
   204.98119031094342     
   200.85867456932164     
   197.00563475485473     
   193.05888767370843     
   188.98284407198133     
   185.35264502270536     
   181.60175857951677     
   178.15831813159085     
   174.79149906639174     
   171.55978397568705     
   168.15908893962583     
   164.85795130704147     
   161.65502815468750     
   158.74045913358063     
   155.79307172671139     
   152.86592133374896     
   149.98177979454431     
   147.18461527595906     
   144.64074319934420     
   141.95446032211271     
   139.40580280960245     
   136.96730133856065     
   134.51490083939353     
   132.19577995224282     
   129.92174863141844     
   127.76348339510807     
   125.64071928524231     
   123.58998992714086     
   121.49174095807263     
   119.38231869092328     
   117.41363592217797     
   115.39455179268806     
   113.35176514476262     
   111.18917437550724     
   109.03927945109076     
   106.81229583005845     
   933.29438412180139     
   912.38797994850631     
   895.67337166630591     
   879.33423422014891     
   857.37618224297353     
   835.13734286821182     
   811.87345228452864     
   788.40695416241317     
   768.99199687682028     
   748.58305263641137     
   730.66468381138327     
   711.63149679574099     
   693.93501794432404     
   677.75893062658895     
   664.20186886169131     
   649.33715479275725     
   632.28640381519654     
   617.22686297663063     
   601.21372741359676     
   585.84674988580298     
   570.20084585058567     
   556.66708966570377     
   543.67726166754323     
   530.98011822211333     
   516.82909071436234     
   504.05952665290351     
   492.68225309334446     
   480.47039469144960     
   467.98187313153505     
   457.34069375022756     
   445.50983556305005     
   435.08054551233960     
   423.84722417126250     
   413.15259320641951     
   403.71659681820199     
   393.84665667649102     
   384.57158892506402     
   375.44186643501178     
   365.82217445728793     
   357.05470822183145     
   349.04360999946351     
   341.11878842558116     
   332.94850094760659     
   325.14947699321817     
   317.90570435913446     
   311.00927689449190     
   304.22746294958569     
   297.11649257752265     
   290.57771603878365     
   283.96861343418158     
   277.96628978231684     
   271.70482708366552     
   265.55646426893622     
   259.81249228201222     
   254.04379510555148     
   248.63597111206678     
   243.41504926338624     
   238.01225553819538     
   232.65419744249397     
   227.99020492960611     
   223.19793028285210     
   218.55789464440420     
   213.86656560800080     
   209.18057759044058     
   204.83810901621723     
   200.64392967597854     
   196.56254959226385     
   192.57878904430135     
   188.68120892422635     
   185.00308785297511     
   181.48502889564867     
   177.84347751279378     
   174.37080699670446     
   171.11540817785831     
   167.89350695823583     
   164.70905671892694     
   161.63674892280505     
   158.55545949587315     
   155.64961346570078     
   152.74042816858281     
   150.03971094646747     
   147.23054338475990     
   144.76194487602365     
   142.06053981441849     
   139.44991917893748     
   136.92429127061010     
   134.41515527310210     
   132.17948911078548     
   129.77813076039689     
   127.50275484892447     
   125.35153083128516     
   123.36797199433309     
   121.37723450783056     
   119.27658871896084     
   117.22909364607239     
   115.25724099715148     
   113.24358736854327     
   111.07101052152839     
   108.95855151492411     
   106.64691060073956     
   942.64893798056198     
   921.59309208965078     
   900.07938021351606     
   880.74801563848325     
   863.61367869408855     
   841.02511580003943     
   818.87566913649391     
   798.61277318048110     
   776.54789537292368     
   759.71219201620079     
   739.33141063217249     
   721.81846457744700     
   703.80795090819447     
   687.35971994088436     
   668.81951606085170     
   649.71411117708669     
   633.99633466921625     
   618.60813157498342     
   602.84422223127387     
   588.28852345735015     
   575.32012209370521     
   562.36642969034392     
   548.97057025072831     
   535.09362619856211     
   520.82648815826622     
   507.86856224751716     
   495.53078176728707     
   483.94702315542696     
   472.59307315467055     
   460.88196833495914     
   449.66949321075543     
   439.02748891994349     
   428.57700743035321     
   419.09430651379228     
   409.82748448891687     
   399.11900180996633     
   389.74546048916488     
   380.12840752130194     
   371.61374517024711     
   363.16340746458701     
   354.16217798982774     
   345.86552877548621     
   336.73110139333716     
   328.31180037115450     
   320.63506071841385     
   312.91241641919987     
   305.70102847721171     
   298.06113386171853     
   291.03566928319134     
   284.14876355470983     
   277.55696473301634     
   271.33058948556175     
   265.63821904792673     
   259.63083492634291     
   253.66475343861771     
   248.49214833667159     
   243.18376383809243     
   237.75469079268652     
   232.83623315661612     
   227.84853439257151     
   222.86303158440768     
   218.15102086629909     
   213.85106800622873     
   209.57368820798729     
   205.52628257794277     
   201.45108617761539     
   197.25678515430116     
   193.21016410486840     
   189.48231458664452     
   185.82421629471543     
   182.11133463804870     
   178.64511221580204     
   175.22500975842405     
   171.79490512918619     
   168.39876629177544     
   165.34987913754793     
   162.15827884419747     
   159.05817495136952     
   156.00713246234039     
   153.05641984758316     
   149.94035679281117     
   147.22949116565536     
   144.69540156754610     
   142.04228566997142     
   139.35744580923017     
   136.96149250890812     
   134.52766672412776     
   132.19713014977907     
   130.07101682589189     
   127.81494772845238     
   125.75453524179042     
   123.54927014962459     
   121.56171765121539     
   119.69603379616660     
   117.68264739405390     
   115.80450409930609     
   113.79436020567366     
   111.46313006192835     
   109.44763445487033     
   107.04702123788654     
   947.06442938437272     
   925.63020318999088     
   905.11230444856938     
   884.85153517554261     
   865.23885400397739     
   847.71316113144042     
   830.29337666323397     
   811.41057073436377     
   789.20065891461650     
   769.61951548700574     
   749.16389827096623     
   730.25972371900673     
   711.65988440757906     
   691.31179344773477     
   674.90514660548274     
   658.44628438367386     
   642.33657724746115     
   625.01103961903391     
   609.33748954317241     
   595.83450891135612     
   580.09102709450212     
   565.04420762441566     
   551.51896677864863     
   537.40557893142807     
   524.83963335689873     
   513.19881332954435     
   501.41027294726962     
   488.34670549626787     
   476.36680644428839     
   464.73643250866138     
   452.65603243291446     
   442.59781750114036     
   432.19293735866808     
   421.10967282428459     
   410.59444860721874     
   400.37519032805415     
   390.43166445770680     
   380.27485867176370     
   370.50591451218929     
   361.00531172736322     
   352.34431071331875     
   343.22128646571599     
   335.17600199271982     
   327.08660770039933     
   319.02360654283103     
   312.33807472095208     
   305.26582075371488     
   298.47138451349957     
   291.64519673947075     
   285.35707494013633     
   279.06602987033750     
   273.37431344746813     
   267.46753673461069     
   261.56785980944312     
   255.56308546222675     
   249.68707980090741     
   244.07264227939396     
   238.96961674092813     
   233.90349665364465     
   228.98124152768389     
   224.09440098300652     
   219.72457228382626     
   215.05649649783675     
   210.39591296062670     
   206.10993359505255     
   201.97025200044573     
   198.14577769161582     
   194.28842736964492     
   190.32917099868203     
   186.35098034788794     
   182.50750443429752     
   179.08425493369580     
   175.45308150455290     
   171.91668405871962     
   168.66170826722427     
   165.48037566594317     
   162.30219647623881     
   159.09188433442844     
   156.23363268305724     
   153.24762684428839     
   150.24467700127008     
   147.47634552965866     
   144.93152932375992     
   142.32224473399771     
   139.61124631292495     
   137.15968011886730     
   134.72334655872146     
   132.38615811781037     
   130.20708574002242     
   128.00616458888837     
   125.80677755059423     
   123.67273677354538     
   121.80022160669019     
   119.70216310019134     
   117.74056718477246     
   115.94767841635621     
   114.02336518001837     
   111.92827091113587     
   109.67168557840054     
   107.04478893601434     
   948.59244537223537     
   928.68142499786416     
   905.90614018186693     
   887.35496909199651     
   871.15831405082804     
   851.40005488773261     
   832.51417974513311     
   815.88905598782424     
   798.19507197891312     
   773.90547291591326     
   756.29568402045095     
   736.56123137003237     
   715.55129586892372     
   699.17941398152084     
   682.21075626387710     
   664.81214873927740     
   647.23428327895510     
   630.82294408021039     
   615.02525019888731     
   599.05318651630614     
   583.56800426006100     
   569.48879690866670     
   555.14879601122493     
   541.51718112459116     
   530.61246311406603     
   517.05175113701762     
   502.55255284667032     
   490.67594071413680     
   478.85805764843582     
   465.16855654368328     
   453.33049114036129     
   441.62140164568939     
   430.47663770971616     
   419.68122821711756     
   408.06019149279882     
   397.94237174393800     
   388.02605353352465     
   379.02906116312624     
   370.61529997817968     
   360.87252516284013     
   351.89843180065935     
   344.00253946552760     
   335.66024952932219     
   327.88280637092248     
   320.90736027431609     
   312.91933442484060     
   305.27742543476847     
   297.85599979774543     
   291.05876036203927     
   284.00277516771223     
   277.69090151136152     
   271.08577054735662     
   264.63428827840033     
   258.54693283108008     
   253.09597762437812     
   247.74448808265717     
   242.47834212095572     
   237.23856683114076     
   232.20873058836858     
   227.23843278691749     
   222.44820714382513     
   217.74745882527014     
   213.12102359088871     
   209.00306523107196     
   204.73455419308380     
   200.65787019465751     
   196.57249126146667     
   192.50754785057819     
   188.58140529755232     
   184.94739050054918     
   181.42248129410223     
   177.83254471292258     
   174.20383520268632     
   170.77169026709700     
   167.53703785324467     
   164.41210052511966     
   161.45143240443616     
   158.32740719120213     
   155.37594390191487     
   152.41043174246684     
   149.51109741910670     
   146.77208185240161     
   144.35525545932870     
   141.73322026891555     
   139.15054591920276     
   136.76306254259009     
   134.36012036369638     
   132.14540507832885     
   129.93571033881014     
   127.67433050358333     
   125.70835549744882     
   123.71844830179086     
   121.79971196956279     
   119.71267135565111     
   117.69454411247987     
   115.86030545574584     
   114.04522130252153     
   111.80526338016040     
   109.15379789501544     
   106.22704506712589     
   953.14897063795820     
   929.51779348249136     
   914.42231710891861     
   896.07139225383867     
   876.30090512989955     
   855.99587654632842     
   836.63096480591571     
   816.33070829041822     
   796.43225463721797     
   779.61636671782833     
   761.97270089009407     
   742.05424709155079     
   724.56239599928426     
   706.20133334412878     
   686.65639602557030     
   669.00128013281574     
   652.70902583756788     
   636.41693985459085     
   622.58223901060660     
   607.78127855279263     
   593.91579410230383     
   577.98614993946740     
   561.59448474545559     
   548.16590283267340     
   534.20465379716666     
   519.06462944901045     
   505.20242059035093     
   492.26401119424611     
   479.37078126634674     
   467.12396183507690     
   455.70061533607759     
   443.34605942881740     
   432.21535508806744     
   420.71733280468356     
   409.79226024287681     
   399.00640380769335     
   388.28265029978712     
   377.90808509095166     
   368.12209295229030     
   359.74106453732247     
   351.69267071702660     
   342.85482324590726     
   333.76012736657367     
   325.96427118531807     
   318.34157592452021     
   311.07466844179874     
   303.73460638955856     
   296.76930044542178     
   290.13476564343239     
   283.84012259627946     
   277.38035875202269     
   271.22721885953138     
   265.48777494186083     
   259.85843873302980     
   254.34081105460785     
   248.59914419718905     
   243.40071046476120     
   238.20663623927214     
   233.08458624965181     
   228.11920092525949     
   223.40116721749092     
   218.70176621058152     
   214.28543177198358     
   209.76304267588966     
   205.21460721167853     
   200.94347392832427     
   196.66179856706108     
   192.66156486361223     
   188.83728486685078     
   185.09985790375529     
   181.30340920828630     
   177.78135027537286     
   174.40900083210934     
   171.13757543283629     
   167.78193939421934     
   164.58572379771917     
   161.51748992079530     
   158.30164119836570     
   155.29473573471225     
   152.45553178768867     
   149.58603804196625     
   146.73731639500338     
   144.10929389487487     
   141.54884676951013     
   138.87871421747869     
   136.46210516396016     
   134.09546646532269     
   131.92087660120063     
   129.65692150187365     
   127.50175777209937     
   125.39317642012199     
   123.38442531685303     
   121.41260355187622     
   119.57078007375634     
   117.76582295694766     
   115.92696895602710     
   114.08405620073704     
   112.00613149611156     
   109.17583483875900     
   105.70555862255645     
   957.91205847862727     
   938.00313006918691     
   916.75207062868992     
   897.27329991047486     
   878.77134864295203     
   861.83955178327096     
   841.41427597388599     
   821.23085751589088     
   800.52046176376632     
   781.50235832896374     
   764.60616885454328     
   744.76219370909371     
   725.84907919581337     
   706.18497086773914     
   689.73604271765475     
   670.15509606832006     
   654.68004164545164     
   640.67552528449903     
   623.47327020638181     
   606.73702713505281     
   590.83638169053233     
   576.09949540931029     
   563.32237062949764     
   548.09286740301991     
   531.88538550056478     
   518.21483246855178     
   504.89854383859102     
   490.60327586613613     
   478.41414284489952     
   468.46662072861216     
   457.01288280687015     
   444.52671286251541     
   433.23826517614174     
   421.46722254011883     
   411.54889061718291     
   402.27325859461882     
   392.47250652213654     
   381.97661697001547     
   372.16782992464823     
   362.98315631462009     
   353.94809742598363     
   345.29007246637536     
   336.87085692660582     
   329.23833818081761     
   321.29690431898325     
   314.01451721975883     
   306.54437531141468     
   299.22139878638899     
   291.88743237194814     
   285.11533602978892     
   278.96063669947051     
   272.65399934065078     
   266.25655554070920     
   260.15002314224830     
   254.17645676038933     
   248.47985661434063     
   242.85955457434471     
   237.60772142429880     
   232.21069110632848     
   227.01108418454476     
   222.16633851440758     
   217.73746932305403     
   213.28283137937669     
   208.75741954435119     
   204.41850122147511     
   200.28958180498967     
   196.03647294073471     
   192.14349536586457     
   188.40125292611248     
   184.54508178711734     
   180.77898381205250     
   177.16097861958940     
   173.80163192094483     
   170.37019803019834     
   167.04028966922488     
   163.86459076455233     
   160.76210829843743     
   157.88151375685581     
   154.84293882474032     
   151.96228082596778     
   149.01916107963453     
   146.27646524459334     
   143.60021067992989     
   141.01589810889652     
   138.60485570119968     
   136.09333944565469     
   133.79741570677703     
   131.45508440396864     
   129.42590371503420     
   127.07008637668491     
   125.10689053227136     
   123.10663407371295     
   121.16824841467800     
   119.44225007783176     
   117.64543758850171     
   115.81368889148006     
   114.06997825359555     
   112.03081696252841     
   108.88651095634755     
   105.22604956850358     
   960.31361333236487     
   941.88663169187362     
   925.76943943131823     
   904.79146035068356     
   882.70240228515615     
   863.00283922834296     
   841.35286161610406     
   820.27068359926159     
   803.54044739693381     
   784.97814408366594     
   766.04027246917315     
   748.57522681710907     
   730.97727017274769     
   712.49122463563390     
   695.81242626247354     
   677.29894232395452     
   660.75202103186916     
   642.81410805063933     
   625.34464451801068     
   610.84420025601946     
   593.13363685061574     
   576.85443206704531     
   562.02165386706315     
   547.93250876217417     
   535.40719699948318     
   523.20337006291538     
   508.65235559691700     
   496.70927385618813     
   483.74278087828088     
   469.68739701764821     
   456.48397151154626     
   445.16584482587200     
   433.69998655474126     
   422.04053377248823     
   411.27803703556822     
   400.34469387469909     
   390.91110783531019     
   380.69792375626969     
   371.45505897462147     
   362.15761164578623     
   353.11414255874428     
   344.14073076589762     
   335.56228886312886     
   327.59763320345439     
   319.73150089380897     
   312.00083871973641     
   304.49128236295138     
   297.34499766029717     
   290.52066316300409     
   283.41675027298288     
   276.73194917307933     
   270.33923491462724     
   264.39888939408576     
   258.18622243268101     
   252.46130607533567     
   246.91423246182060     
   241.42669094361827     
   236.30541110151259     
   231.36977739319337     
   226.66337654192915     
   222.03757278043378     
   217.34843066476770     
   212.96642273353271     
   208.39425897385203     
   204.13246608262904     
   199.97546728807743     
   196.15325839931080     
   192.19011906243588     
   188.59014391424418     
   184.91107914252561     
   181.01252564698817     
   177.44939542369252     
   174.07886379285350     
   170.71565292588835     
   167.42624464703684     
   164.23518551509386     
   161.08154416323339     
   158.08358073753317     
   155.17736741027528     
   152.03154331171751     
   149.39812640470115     
   146.70728986206831     
   144.08496760494984     
   141.42153809844604     
   138.83777983437932     
   136.60018099308502     
   134.16905214709624     
   131.81520792444562     
   129.65487469843254     
   127.49051593452030     
   125.44350348885584     
   123.36505922212359     
   121.68720344466398     
   119.79341670292645     
   117.89596350398622     
   116.23119450967039     
   114.55218252913971     
   112.57793216577514     
   108.93539398226797     
   104.68310336750658     
   969.36429516759313     
   947.17572096153162     
   926.24443293140098     
   902.48901060026378     
   883.56295521876928     
   866.19203498185641     
   846.17124329778903     
   828.13902486305744     
   807.71271197465626     
   787.53739890650445     
   770.28949265349570     
   751.27523661446185     
   733.15503691262211     
   715.78055147176622     
   699.67586165931561     
   680.39539680688938     
   663.17077571423238     
   646.68249449646100     
   628.51464873921259     
   610.57430922194794     
   595.90839424840146     
   580.79485019441267     
   565.50930522944179     
   551.91782854722817     
   535.97280479363349     
   519.58609801820376     
   505.01836686149147     
   491.41492978442938     
   478.21444307029617     
   466.71815226984825     
   454.53928757077801     
   443.26007779052179     
   432.33931443348263     
   421.71418756004931     
   410.87043788089898     
   400.37597779081511     
   390.07784913066848     
   380.04364654681501     
   369.44954310815513     
   359.96559997400880     
   351.61042224275093     
   342.23193026643548     
   334.40780752430351     
   326.54972647720768     
   318.61611134850159     
   310.70309999060089     
   303.62871777881014     
   296.50652488948458     
   289.76462730819452     
   283.50547189023075     
   277.29325542036344     
   270.50565081358525     
   264.31927035615786     
   258.50814923918006     
   252.99660335677532     
   247.59610928653748     
   242.21415611594924     
   237.08865594815171     
   231.89412763433808     
   226.85825692052055     
   221.94236277860040     
   217.53911305441289     
   213.04222588830419     
   208.75954603194202     
   204.51150240956167     
   200.42934830425671     
   196.11803543936622     
   192.02565749122948     
   188.25609835712459     
   184.41902963894560     
   180.76287674344400     
   177.11718671022652     
   173.49315336778528     
   170.18327749618206     
   166.84583468834686     
   163.51257005550480     
   160.37877716943871     
   157.36659652657937     
   154.48333018492778     
   151.62757657151019     
   148.80841305991675     
   146.05888174840385     
   143.49128663084707     
   140.82504196499508     
   138.22620522235957     
   135.83209307945617     
   133.49118648026078     
   131.21692011749749     
   128.87368020302824     
   126.95172895699120     
   124.76289234430450     
   122.86270272743616     
   121.22544199440836     
   119.39082142053108     
   117.84310162600713     
   116.05334051874479     
   114.52359755941050     
   112.61318866831870     
   108.43463442683608     
   103.32786308668840     
   970.62555867623030     
   948.46823721892417     
   929.25867601581365     
   909.56671822824205     
   891.50270574373076     
   868.50351447787079     
   848.93830199678246     
   828.25429508337140     
   810.23215613241155     
   792.91927103266448     
   773.82538906913919     
   754.09820444358718     
   734.80913165144125     
   715.90751423759298     
   699.80262666212661     
   681.95859623030856     
   663.78814959555234     
   646.64418495092411     
   629.52897999614333     
   613.66443414801927     
   596.51211021973927     
   580.40312084571292     
   564.47185643891521     
   548.70140590647406     
   534.57688774924691     
   522.35031586989749     
   509.23645730292628     
   495.50857759449144     
   483.19237498911070     
   470.58462396024731     
   458.11181225767740     
   446.09420984787130     
   432.92681894093585     
   420.82855356773683     
   409.30561057411876     
   398.13407574641690     
   387.69531738250856     
   377.66223917289221     
   368.27014267600532     
   359.29907657780717     
   350.70536593399339     
   342.43476535976299     
   334.26878198709562     
   325.80201596907966     
   318.08826424481259     
   310.72869349075825     
   302.62666543985716     
   295.47964366237409     
   288.59508757920082     
   281.90472100393612     
   275.26067511804268     
   269.35966164606396     
   263.31457203179349     
   257.83315571105959     
   251.80521835829219     
   245.95780971503257     
   240.27601300332091     
   235.22802541899520     
   230.07970574296900     
   225.27193226137973     
   220.62506745676444     
   215.76761758512723     
   211.10183672722562     
   206.87364842440547     
   202.46264232583599     
   198.51944828097504     
   194.43369892776138     
   190.58969153307515     
   186.64394999445480     
   183.05717114077993     
   179.55876984409511     
   176.14289488605741     
   172.86953889221800     
   169.55172722473952     
   166.33103829478716     
   162.89814638552903     
   159.90073454899752     
   157.01043885788192     
   154.09904069319086     
   151.11747092845587     
   148.40429406465620     
   145.68701809380224     
   143.14814014163835     
   140.62551069465516     
   138.06014974295240     
   135.53791061314899     
   133.08878248478595     
   130.78842339734743     
   128.70619577878506     
   126.65458792037785     
   124.45652721703011     
   122.52876691811477     
   120.78375117178774     
   119.20174472853932     
   117.54993057256297     
   116.13175381256573     
   114.83108336685997     
   112.78433702062438     
   108.12001865114868     
   102.17982159817072     
   972.40424354106744     
   953.35075479286627     
   935.63994359931553     
   912.91118968626972     
   894.22995297951115     
   872.73054092089546     
   851.97351469656132     
   830.31041234016664     
   809.83731666534561     
   789.68668003292532     
   771.96202099323818     
   751.63168626352842     
   733.75756119987045     
   715.49802217649130     
   696.13126321186962     
   679.29261777538181     
   663.13177376798717     
   645.61046644700946     
   627.34380412202245     
   610.20752207469877     
   594.51638046052085     
   580.66058492168042     
   564.88347092432900     
   549.56415884764783     
   534.29145520546012     
   520.04940411902362     
   506.07928197387923     
   492.05107911371886     
   478.46675142142493     
   465.71993203514046     
   453.17661412151784     
   441.20201048362202     
   429.36965183824327     
   418.15420706487612     
   407.95500484473411     
   397.43155389203480     
   387.31200988806921     
   377.77037310114360     
   368.19304068985969     
   358.53852568627048     
   349.58351367432732     
   340.73794476101040     
   331.97137540050983     
   323.39211603078911     
   315.19734631804636     
   307.65857877407211     
   300.59728335829834     
   293.58633829706980     
   286.86704659106016     
   280.53225880928011     
   274.00382319985863     
   267.56439544051972     
   261.51278686880323     
   255.91890536244082     
   250.04117172067180     
   244.80591783535809     
   239.54557619220103     
   234.01125681969251     
   228.94500859863683     
   224.07545571207160     
   219.23075168168359     
   214.48386548347858     
   210.17327044719283     
   205.92197259560623     
   201.70464667100680     
   197.59860521734342     
   193.40280750475264     
   189.42479233184650     
   185.60013961424551     
   182.00354448290173     
   178.37325891478463     
   174.83522312556573     
   171.50092134011817     
   168.27393036312120     
   165.12171386784075     
   161.97747224352452     
   159.00009025556403     
   155.93992859177030     
   153.03658615607026     
   150.15350061327084     
   147.32601612462955     
   144.68084713415496     
   142.12866953671150     
   139.70610531573934     
   137.21054035270538     
   134.77790110262239     
   132.62161557653124     
   130.24738209306082     
   128.12447825260602     
   126.19133358937468     
   124.24077016255126     
   122.16046127922078     
   120.53967865718027     
   118.98994548162540     
   117.47034735049965     
   116.21774365246731     
   115.18579853903165     
   112.84511845858333     
   106.95484439018530     
   100.15092544981724     
   977.89622713192114     
   958.11277575082227     
   940.29792807933791     
   916.69895576628346     
   894.18582851726796     
   873.73307792771493     
   855.11301903465244     
   835.58858982843003     
   814.33222135245956     
   795.75005152941935     
   774.33242027099766     
   754.88268886774711     
   734.61196298885147     
   715.62068423390110     
   697.95718749339017     
   680.39633388078175     
   662.88814656507066     
   644.72826393161040     
   626.70549972215883     
   611.65860784023289     
   595.52013711526649     
   579.27279853459561     
   564.31001079530745     
   548.38759464211080     
   532.80182446412960     
   518.00084632870414     
   503.29837922817791     
   488.31039975417366     
   476.09063180515511     
   464.31163332336121     
   451.10642874527827     
   438.99637780716671     
   427.01601104090025     
   416.24974690396925     
   404.93406369729894     
   394.09363697914432     
   384.08457725817703     
   374.76573203439256     
   365.43359749761152     
   356.59911654160049     
   347.84416845435078     
   339.09184027406116     
   330.91808428814215     
   322.93388727313413     
   314.94263575161091     
   307.56160541396707     
   300.37782816675110     
   293.02903886653030     
   286.14217003917707     
   279.33118227533487     
   273.13891531257451     
   266.89675844538806     
   260.97531136652606     
   254.84120196617732     
   248.99905620449113     
   243.51750595680792     
   238.49877043401841     
   233.29306487968191     
   228.20964325727883     
   223.60447721619374     
   218.84232845284248     
   214.24080492208711     
   209.82363631049327     
   205.37322832398397     
   201.06517981815088     
   196.86396769114188     
   192.75952955348129     
   189.10287045257482     
   185.23399748582713     
   181.36904091449873     
   177.90442990812898     
   174.37024935263949     
   170.99340221096782     
   167.69923185873813     
   164.24334357565544     
   161.05862907662180     
   157.99516675842290     
   155.07295748753131     
   151.96805741679026     
   149.13112281304240     
   146.36668807006856     
   143.76221371829067     
   141.05511432582611     
   138.49490995208362     
   136.06308689658428     
   133.52567234701701     
   131.32599917842475     
   129.07205480082644     
   126.90234706546363     
   125.11387353007655     
   123.31098414071015     
   121.20446709747073     
   119.57891392743470     
   118.04248730757151     
   116.63560125014592     
   115.96595866060439     
   113.70227593864712     
   108.56722843036680     
   102.45657181339686     
   95.265608257679460     
   981.32149271098967     
   960.18489488721343     
   939.85588029795190     
   919.01665975911169     
   900.31759834102206     
   881.33469436915993     
   857.99030281100966     
   836.76741685263960     
   816.52638278868028     
   796.13227387747577     
   776.04895266033111     
   753.33536813499472     
   734.26753644988116     
   717.16487132037855     
   698.72631091098242     
   677.60299738362812     
   657.50841817036667     
   639.94176329367224     
   623.78285530886433     
   606.44518357112031     
   589.26525311857802     
   572.75513516267620     
   556.44543552962534     
   542.45118205238214     
   528.44544216073791     
   514.83364405415909     
   500.32210672230860     
   485.32959413200138     
   471.50833624690756     
   458.44661967800153     
   445.25270067833276     
   433.23024130923852     
   421.16155764491987     
   410.02026432242542     
   399.89230668053722     
   390.27075222335498     
   380.31391750193052     
   371.12349626688456     
   361.63178193424642     
   352.37977425386663     
   342.54219780055604     
   333.80735503286121     
   325.85953216188244     
   318.34592757342659     
   311.09959833493679     
   303.48091782778334     
   295.94580078934979     
   289.59866970891295     
   283.04505574380676     
   276.64892229407440     
   270.32534091883821     
   264.38014431072537     
   258.20811578245150     
   252.77244356800060     
   247.49037530727063     
   241.71623247503493     
   236.36696682747510     
   231.28479749757349     
   226.40494188520816     
   221.65529008979237     
   216.85917848968188     
   212.02623124560938     
   207.53306694653116     
   203.33576741980170     
   199.12049552209817     
   195.30971797698678     
   191.43219917772521     
   187.61896186272804     
   183.58213805783566     
   179.99702581613124     
   176.55811019975832     
   172.95648335596795     
   169.61846626763108     
   166.42365498181402     
   163.19014761582412     
   160.02147574658207     
   156.84190827062372     
   153.91730746724218     
   150.80014636533525     
   148.09289631669543     
   145.39168541953291     
   142.66429728217000     
   140.24486588059904     
   137.69761274223561     
   135.39076048980073     
   132.91717532011120     
   130.69728641241653     
   128.61629759580546     
   126.60989147169906     
   124.52810331573870     
   122.80865366055883     
   121.04782804272259     
   119.40599501067257     
   117.88464076254854     
   116.51635608839209     
   115.97511843250257     
   114.10624140498169     
   107.86947866143237     
   100.62377858339005     
   93.072934337700275     
   986.67897440801721     
   962.90632385166600     
   942.02571780358267     
   923.75324623210793     
   900.94973065671638     
   881.54266699961113     
   860.00841113253250     
   836.76916290921122     
   817.74749274452540     
   797.30840314037482     
   776.55013647304884     
   755.61762570216570     
   735.94824080999638     
   712.11516897408706     
   692.09576109588579     
   674.88073564993260     
   656.84241725218726     
   639.36608139198120     
   619.83564421834762     
   602.60695857595533     
   585.57855226540539     
   569.72963293001362     
   554.45743168177751     
   536.86907324103277     
   521.96505915975763     
   508.26961663267014     
   494.39910259642801     
   481.70065470968984     
   469.58950598254444     
   456.91453794689164     
   444.76109017006729     
   433.23711741669177     
   420.88783290911755     
   409.78214882162001     
   399.23377691541259     
   388.34694674170157     
   378.41799299831285     
   368.38211209494762     
   359.55531970635627     
   349.95101999927999     
   341.39323645621681     
   333.28961128418848     
   325.68795394702715     
   317.23524591146213     
   309.64795456786214     
   302.40309260798279     
   295.33244052420537     
   288.66395695466588     
   281.93585884075026     
   274.96973686711306     
   268.71183287453044     
   262.31242692718018     
   256.76538666011828     
   250.82884950417281     
   245.14148196928284     
   239.53398366063081     
   234.26931617214791     
   229.07465765422313     
   224.05132067391884     
   219.16343040954405     
   214.66353747443668     
   210.33329790312348     
   206.06014063609885     
   201.87327528055567     
   197.42046647096558     
   193.50848089548342     
   189.39563891202511     
   185.69632109263165     
   181.88367621921645     
   178.08117473348170     
   174.63326435613439     
   171.08150778185765     
   167.86296131227627     
   164.66800692054528     
   161.34103874106307     
   158.33278151290796     
   155.58461302516019     
   152.59701617708126     
   149.92562457779812     
   147.08884790083914     
   144.55814137239574     
   141.92410569974271     
   139.32095177990323     
   136.72061787846368     
   134.48317533486610     
   132.07851787247932     
   129.93353036796358     
   127.55190139514531     
   125.39941156909404     
   123.35967745162323     
   121.58990060522855     
   120.02471487979604     
   118.39748700872315     
   116.82781472941133     
   115.95749385023623     
   115.60837385730584     
   113.78679597066660     
   107.15787012107482     
   99.334577388655845     
   90.407059197076194     
   987.34434173272541     
   967.75612328824513     
   951.11227643444931     
   929.50396363396715     
   907.73701938662680     
   888.43702556762298     
   863.79219483428869     
   840.40821891264807     
   816.98911783475899     
   795.03448847102459     
   772.50526723742428     
   751.55025396881729     
   731.09385668200514     
   711.42624225260056     
   691.59808671684095     
   669.13780658759447     
   649.94678383284224     
   631.07584114338181     
   612.98116805704581     
   594.98407594248999     
   578.89199817108511     
   562.90454188238073     
   547.22238802969503     
   532.28676986205028     
   517.91537252336673     
   504.20700108755420     
   491.60973633998537     
   478.15084228292415     
   465.16170274365334     
   452.59256790835866     
   440.95460391820251     
   429.26858882404360     
   418.04973469738570     
   406.87081206176003     
   396.24879000346778     
   385.57141186966601     
   375.69206392073437     
   365.93588139077684     
   356.16637837319286     
   347.31144610427441     
   337.60599868333713     
   329.34917475067175     
   320.42999203295682     
   311.92912503257935     
   304.93334206814546     
   297.23952706457220     
   290.36063820061133     
   283.37343314506842     
   276.60639352970338     
   270.63044044618209     
   263.91861901967638     
   257.68402443077912     
   252.16448183055050     
   246.32341505905882     
   241.17415588509004     
   235.96325801253121     
   231.36245940992748     
   226.11064323929179     
   221.03698023690146     
   216.59487453746405     
   212.19386079657068     
   207.70052053327436     
   203.72628391466870     
   199.54155902467323     
   195.27921864130133     
   191.05825768678923     
   187.20580105034512     
   183.63364605397572     
   179.97065819802691     
   176.37405449840028     
   172.87969117590609     
   169.50923343347841     
   166.28447251009209     
   163.01405562500881     
   159.98073514006256     
   156.84853729940932     
   153.82524971535713     
   151.08685517910283     
   148.39362696741870     
   145.72410320693788     
   142.94780393123725     
   140.37513101919544     
   137.80361391778405     
   135.15551191663570     
   132.96848371318842     
   130.61916047345449     
   128.52820986051339     
   126.33862000510877     
   124.37174812017625     
   122.36085219129268     
   120.51089116091117     
   118.91028762383164     
   117.50279461173122     
   116.16021632402123     
   114.91211704013998     
   114.79180127201005     
   113.08457076499181     
   105.63097666568154     
   97.194395622625962     
   88.265831214715973     
   993.45530497306140     
   974.39154997406615     
   952.23723662973282     
   932.39703087867781     
   909.04836644740180     
   887.91358127243257     
   861.93633261203172     
   836.58220304519364     
   817.34074591271519     
   792.94988931980333     
   765.76552357231265     
   745.35258455615349     
   723.45713973389070     
   701.08629372090331     
   682.23620957791775     
   661.60831567836715     
   644.02668145526036     
   624.42081151755065     
   605.76537851226851     
   589.08376918891418     
   573.07546330668220     
   557.57459836375551     
   541.30798758081653     
   526.34257276756011     
   511.87854962591041     
   497.64377916096510     
   483.33271236851863     
   469.65900313645380     
   457.29768652874230     
   445.27248825382799     
   432.87334168229546     
   421.55098376338128     
   409.92945378833804     
   399.64008596486303     
   389.48900367263627     
   379.52916347727108     
   369.42590186872263     
   360.43050295696560     
   351.10783480089532     
   341.96235382405359     
   333.17152747424382     
   324.12309400025288     
   315.98103762016552     
   309.09628543765609     
   302.14944711942491     
   294.68545596137938     
   287.75084642765654     
   281.24715781286847     
   274.74600842899417     
   268.19039359893071     
   261.67639986002081     
   255.62475336764354     
   250.38654801945677     
   244.41901349667830     
   238.85082816735050     
   233.45332492648436     
   228.73048034151688     
   223.95370756934216     
   219.05594596813805     
   214.23311798453921     
   209.38350248037557     
   204.94573032281579     
   200.84801158917969     
   196.44398487957741     
   192.27545671300504     
   188.43740433311007     
   184.81588972350761     
   181.15259231859858     
   177.68667218097011     
   174.13753438369167     
   170.65557330074617     
   167.17172657270339     
   163.91908909371770     
   160.70887023941049     
   157.67299482783810     
   154.64721020864363     
   151.70861432498452     
   149.01549708321352     
   146.39543250904057     
   143.78609166207923     
   141.21817488913123     
   138.89202289615542     
   136.28268317891911     
   133.78107412000284     
   131.55445479039452     
   129.47205233845978     
   127.16386349885951     
   125.30480861439688     
   123.18548696821738     
   121.19240223088303     
   119.44608164157773     
   118.07375631797862     
   116.62116909104259     
   115.49265921637330     
   114.38490362425838     
   114.40323247340055     
   112.72909064703535     
   104.80101624805067     
   95.708025193684492     
   86.520608153313717     
   995.16101695128850     
   976.25285633967701     
   956.63284426676421     
   934.99277896491981     
   909.89767304614588     
   882.91756375375974     
   859.61829237399593     
   836.35661509957708     
   810.26547623227202     
   787.61328254135003     
   766.86450805417155     
   743.69488273840875     
   720.37329600847988     
   698.78317294679277     
   675.88011157336700     
   654.77095793012336     
   633.91015720484074     
   614.42405356943368     
   596.29637154765464     
   578.61033378172021     
   562.46299115174986     
   546.44703819423739     
   531.15823618978175     
   516.01830447917052     
   501.65365818910618     
   488.89324701960010     
   475.87420560094995     
   462.81220953708373     
   449.54289005495428     
   436.33692983117822     
   425.58665796485991     
   413.89327106722078     
   402.83941274909671     
   393.84482379005868     
   384.31114102681090     
   374.14039350037774     
   364.45102967000633     
   355.05512289846757     
   346.35748260523201     
   338.40631541274138     
   330.40319157910437     
   322.50500401024055     
   315.23626353611752     
   308.15002220038502     
   300.25058043514531     
   292.28563825884356     
   285.31260967472997     
   278.37683540761748     
   272.15389650908816     
   265.41912584089232     
   259.32205221020456     
   253.29576570756655     
   247.59513791039330     
   241.82215724142250     
   236.03955266519293     
   231.00148743550173     
   226.03678256177329     
   221.06889982098292     
   216.38640312995392     
   212.02421762165761     
   207.32071945552889     
   202.70876348042475     
   198.66704102932718     
   194.37960103033052     
   190.26624706033468     
   186.34204333476822     
   182.55136760170299     
   179.02763188516957     
   175.34805741251319     
   171.61872015767153     
   168.35624957556695     
   165.05375829617097     
   161.87861833507480     
   158.66866309040938     
   155.88220629193182     
   152.77963952283335     
   149.61210701601334     
   146.66995451511548     
   144.17802124339750     
   141.40303944372113     
   139.18468812870287     
   136.77960645770091     
   134.34613563146507     
   131.87163441823648     
   129.64545526471704     
   127.29095703281344     
   125.18208990716779     
   123.05805413018038     
   121.19597273019716     
   119.36247630214277     
   117.79420935523731     
   116.44259915946341     
   115.00298278621017     
   113.81300887806313     
   113.10296018091890     
   113.03755544545413     
   111.72589530214216     
   103.26778306152697     
   94.001469574815189     
   83.995667177644279     
   998.96313378321861     
   982.42969302008305     
   963.30116065478467     
   937.01521348945391     
   913.99808684009463     
   887.87433698325788     
   859.83550928098430     
   831.85361726037365     
   808.38776812473213     
   782.28904644729664     
   756.19358730265594     
   733.80763997742895     
   711.15828611313759     
   690.39081370103418     
   668.30366495995963     
   646.03037437276134     
   626.03670431672379     
   609.93903977942921     
   591.54525735722427     
   574.69806781549119     
   558.67177825271119     
   540.92371974454409     
   524.75471103447842     
   510.11738721651244     
   497.35174052678184     
   482.56888250422674     
   468.51825197559640     
   455.71650781051608     
   443.75958111078177     
   432.50774244431653     
   421.19558141470981     
   410.89355040690282     
   399.86877067601677     
   388.77422984029550     
   378.64042694095053     
   367.68213943949058     
   359.27466122464074     
   350.13397317088521     
   340.41183091548260     
   332.06725808510782     
   324.55765515538843     
   316.22748156003047     
   308.24205900250007     
   301.45536456827443     
   294.24372814858299     
   287.38662082004328     
   281.25530764306461     
   274.99418526421999     
   268.79918688908140     
   263.52918521666481     
   257.32240259177320     
   251.66057463915553     
   246.21511608783959     
   240.28493274204729     
   234.91713774747794     
   229.50450346444757     
   224.44521666778158     
   219.65110190265358     
   214.86408804271900     
   209.98929527813675     
   205.43639223067086     
   201.37512266001244     
   196.97074210833333     
   192.63858474639972     
   188.68310100151638     
   184.89158333606113     
   181.14555776310127     
   177.12874578187288     
   173.75106419202001     
   170.31775748442757     
   166.92336895799104     
   163.96087641084745     
   160.76466994711231     
   157.67305528256279     
   154.40742803098053     
   151.44910926650266     
   148.68611262257906     
   145.80034579407661     
   143.25283432182690     
   140.41060106467251     
   138.00478236522062     
   135.36423216343394     
   133.17873747511803     
   130.54687206405166     
   128.40877968541596     
   126.36517964432687     
   124.40260982057902     
   122.62698131237215     
   120.43600838835452     
   118.70538949127322     
   117.09244874319414     
   115.47797308724166     
   114.09646187137739     
   113.10131451371120     
   112.43749701093816     
   112.67805477824018     
   110.85089129903342     
   101.66490246903227     
   92.254191112533988     
   82.426016669961200     
   1010.3287334530949     
   990.38306576217315     
   967.29811787621247     
   941.55012624339258     
   914.82230108537271     
   886.32389763294304     
   858.85262923466325     
   829.22312117856688     
   801.41176466482898     
   771.48627269471865     
   746.93944739631218     
   723.33809632535872     
   700.05427867823278     
   676.73244386430508     
   653.99567166032728     
   636.12409544049899     
   617.41357550789201     
   597.35102993350301     
   579.83770382404214     
   564.65005145128396     
   547.96331099240820     
   530.75530117402604     
   517.36130953640429     
   503.24993286902060     
   488.31602661222956     
   476.06109250550361     
   462.78443407165474     
   450.56261263622855     
   436.97915356901592     
   425.12859455159014     
   414.39274330610556     
   404.05231152800587     
   391.99228644704959     
   380.50182177798484     
   371.02061260249923     
   361.46591710591116     
   352.50777099987658     
   342.33713149060179     
   334.29288333816794     
   326.25452408682196     
   317.93293695047555     
   310.22208133467706     
   302.51899095373375     
   294.67822218953648     
   286.78897730129290     
   279.23677375542184     
   271.99170611859734     
   265.09197561902852     
   259.56216413066295     
   253.86569084338407     
   248.00331816081751     
   242.25467603300223     
   236.35069896455798     
   231.91632112311200     
   226.97760910882752     
   222.40086705145819     
   218.09579638730935     
   213.61828468883425     
   208.80843837296615     
   204.48096999208195     
   199.98209711387736     
   195.73251635860680     
   191.72631210360302     
   187.89717379255862     
   184.06995740900396     
   180.48062909942786     
   176.68697907926222     
   173.22588928828418     
   169.92441211921437     
   166.62796826435985     
   163.50021964082976     
   160.28811203054192     
   157.32276443768842     
   154.17237623193054     
   151.26296110327758     
   148.49062551771217     
   145.72881293216449     
   142.99273083681874     
   140.32903820187914     
   137.78815489716612     
   135.51684914834274     
   133.06123676263519     
   130.88098623166198     
   128.59689291069935     
   126.36882258241735     
   124.53371126170816     
   122.73335574572522     
   120.65334047592643     
   118.69091671442872     
   117.14244045567347     
   115.76502228432111     
   114.34999461269351     
   113.00432276698200     
   112.09342028013840     
   111.44653019328979     
   111.77539897135475     
   109.46333550566547     
   100.11686558140842     
   89.905396534996669     
   79.961450370593695     
   1013.3731921109450     
   993.69250418883951     
   966.15457033577025     
   938.49492986478367     
   910.98723358596965     
   879.09333095578268     
   851.77084495047234     
   820.29826962731863     
   791.95361637756935     
   768.24071216558809     
   740.52102345058370     
   714.96278705556904     
   689.45048581217225     
   666.07396849088127     
   643.73978696129916     
   621.85269401640380     
   602.95051679362791     
   584.87938915826351     
   569.83321713255214     
   552.50940222434531     
   536.87543602080871     
   523.55211309651031     
   508.49970195688758     
   490.82535512709228     
   477.43280404237714     
   461.57711774467407     
   449.20367120540300     
   437.15346782121344     
   425.14830945891191     
   413.82803536117751     
   403.16469560917778     
   392.80159049287397     
   381.13878348238757     
   370.69525877097141     
   360.25137458735367     
   351.90454001577791     
   342.74513040112549     
   334.54451522099680     
   326.54134483557300     
   318.34783571419166     
   310.46542480752970     
   302.46862298952806     
   295.65310536600805     
   288.46027256686239     
   281.28292872506609     
   275.04226143050954     
   268.42663929491090     
   261.51007764557687     
   255.69044192092198     
   249.55481637860345     
   243.79883976134667     
   238.64752250419298     
   233.33963678586696     
   227.94529980158393     
   222.28619340211031     
   217.23176150382125     
   212.28348890891644     
   207.63837747764089     
   203.09914445797594     
   198.81706250386674     
   194.70545912178085     
   190.74798336447890     
   187.14526368563764     
   183.52585253047363     
   179.57812196376614     
   176.10964383930991     
   172.30117180586740     
   168.95609515086574     
   165.91794474101962     
   162.42143270969845     
   159.30622598189180     
   156.15476854172806     
   153.28753098248501     
   150.32477469148253     
   147.40064958297597     
   144.83442226464499     
   141.97855743496757     
   139.43339112967061     
   137.01946510023529     
   134.48506393967418     
   132.32403938644759     
   129.93492881138198     
   127.67479078455703     
   125.69628335967045     
   123.57489179132554     
   121.59063137320368     
   119.80473897820664     
   117.95928300283742     
   116.18100329368592     
   114.59486207001260     
   113.13201402065866     
   111.65901573485127     
   110.73243413268548     
   109.92275422375828     
   109.31095056774708     
   110.06915321228642     
   107.75548505435233     
   98.792213312255669     
   88.821105948731542     
   78.833355040039422     
   1015.4315563398777     
   992.74582360246120     
   969.55754887436683     
   940.14820440210372     
   906.99765072962884     
   871.32785498777912     
   841.68216667642332     
   812.30067977395186     
   781.28657259018598     
   752.67338160667316     
   724.40364119474327     
   700.69334735105599     
   676.23781399966140     
   651.72277712684297     
   632.23553165527721     
   612.29583346503898     
   593.96899182960738     
   573.32998450638001     
   553.74803395044091     
   536.71097246694251     
   521.38940998266685     
   505.68367082315041     
   491.96685718171085     
   476.61447849654553     
   464.41845040284096     
   452.26552242378057     
   440.27216397886940     
   427.52043448789959     
   414.56626284031665     
   402.83285513074668     
   390.68271724245000     
   379.68073754012789     
   368.86711959664228     
   359.94332007927886     
   351.34363478824980     
   341.71725625108365     
   332.66239404063123     
   324.26941706770816     
   314.94904041352032     
   305.92088992714110     
   297.67820285407345     
   290.81843765014361     
   284.07110466434938     
   277.25294392122959     
   270.55201932582889     
   265.10655692499608     
   258.87231384031446     
   252.90410676108530     
   246.54542355276430     
   240.92175756257777     
   235.59676695952578     
   230.24940324737537     
   225.06751919139410     
   220.51169901399908     
   215.97907237554830     
   211.89964472877318     
   207.13943572622165     
   202.78214984185314     
   198.46420733892444     
   194.03617515631356     
   190.02678462262088     
   185.88435448537248     
   182.03780016847622     
   178.13180490139882     
   174.63713989951049     
   171.08131136278382     
   167.71983529680287     
   164.61590483546331     
   161.19901376000331     
   158.11734484236155     
   154.80437230617227     
   152.07480292486190     
   148.94714972060240     
   146.19122119191508     
   143.72676330235146     
   141.04090066212214     
   138.74389355609154     
   136.42385705567386     
   133.83379609759709     
   131.22268180872112     
   129.00696924896354     
   126.83364952914430     
   124.70751610351078     
   122.62174767013762     
   120.57729922247314     
   118.70509967426716     
   117.24048473725666     
   115.33959225602109     
   113.62982107227695     
   112.36769996192272     
   110.81711041466716     
   109.60444947396041     
   108.61805377533169     
   108.06370550502498     
   107.64064981070118     
   108.22607877620929     
   105.91904412565617     
   97.144773300114935     
   87.139618474694132     
   77.315446065299454     
   1019.5880710056617     
   996.09252390532811     
   965.81851303145993     
   935.07060203320816     
   899.37550744568614     
   865.15667788084420     
   829.84542532080275     
   792.65051448986821     
   761.77265905546153     
   733.75106587136747     
   709.53880708919337     
   682.15902585385425     
   659.25625308771419     
   638.06241283409986     
   617.54552246199319     
   596.68879755545186     
   575.80161115750093     
   557.50864144022762     
   540.59576753753151     
   523.57641027274531     
   507.63654025448034     
   490.90595899149741     
   474.73091886056363     
   460.85565873526173     
   448.07027458536271     
   437.20624491084794     
   425.33340498605617     
   413.09634732320160     
   401.58225945090589     
   390.42991144480430     
   378.81307170056243     
   368.24897188223389     
   356.86089611564989     
   348.87223969598870     
   339.08470431773083     
   329.76774804713017     
   322.41601003835217     
   315.31882655136320     
   306.90840473818434     
   299.39888914260916     
   291.79510854346597     
   285.97872272777488     
   278.55900011584231     
   271.31802929172579     
   263.73408994475159     
   257.59816319167862     
   251.23940338813051     
   244.80149531913150     
   239.39466629415494     
   233.66471115829168     
   228.57460275804340     
   223.34046737796854     
   217.80657513938323     
   213.71570282457529     
   208.16088292003184     
   204.10216638289717     
   199.73354584552635     
   195.30549914780772     
   191.34449965455207     
   187.56723683304600     
   183.88609853648177     
   180.08624409562080     
   176.62352253667257     
   173.22092682158311     
   169.46705559669567     
   166.07060563093663     
   162.53819160664290     
   159.80713869567978     
   156.74654309422044     
   153.99436324172973     
   151.19909952933770     
   148.03586652585102     
   145.28181295116076     
   142.34661888982021     
   139.91111814377405     
   137.62992093360060     
   135.05543464721060     
   132.61326465238128     
   130.42402280517416     
   128.06306433842346     
   126.28323480409837     
   123.99721383991442     
   121.92379466180617     
   120.39088533131729     
   118.37267814891129     
   116.47190091677189     
   114.84644540308726     
   112.84848480403691     
   111.31587632636285     
   109.83614152881991     
   108.72807840940406     
   107.59028673064682     
   106.93506280634232     
   106.24555872281670     
   106.24511469396199     
   106.20160734272227     
   103.93732355320664     
   95.369866109486111     
   85.742336596260287     
   75.844958485756393     
   1023.3545414868973     
   996.68934902782166     
   961.47878609712564     
   923.42704803717174     
   891.41075253078293     
   853.54468707254341     
   811.44696955711402     
   776.91335080254828     
   746.34393868657196     
   719.50872632624601     
   694.17420458459492     
   669.21129868225285     
   644.98179032772623     
   623.43190188491621     
   599.98181035663754     
   578.16430577662379     
   561.11155391147406     
   541.86628339699723     
   523.13357137014509     
   508.27082239121125     
   494.72150100068711     
   476.90850833991618     
   463.46667451065269     
   449.23870364854912     
   435.46300549355885     
   422.25403967095821     
   411.71123525240239     
   398.41515532353304     
   387.52162805086249     
   377.66642797670443     
   364.85257671038420     
   357.88562190824439     
   348.90309324731192     
   339.13439436775866     
   329.68973098050697     
   319.80926765008655     
   312.10485904799930     
   303.01624545425364     
   294.77728619016494     
   286.12894666278169     
   279.02775371037114     
   274.13535006724157     
   268.01249024437038     
   261.20982004337566     
   255.94766047911668     
   250.58032000051548     
   244.56990859356478     
   239.38491019193862     
   233.53994578921811     
   228.32370749680254     
   222.42879498552463     
   217.91296509718444     
   213.61717556719350     
   208.45398571162016     
   203.35077151245341     
   198.93173179739341     
   194.50663266793325     
   190.54530347136341     
   186.62170950631361     
   183.04647859291649     
   178.68348410615801     
   174.54056222771982     
   171.35698861101793     
   167.98745391606852     
   164.34578263550316     
   160.81545715463682     
   157.67294181644570     
   154.58046875030138     
   151.63053095164642     
   148.94618687887669     
   145.78921756145974     
   143.06256435515164     
   140.36718689889349     
   137.77183386556851     
   135.30416394303856     
   133.06356048253878     
   130.61944957260033     
   127.98077874954257     
   126.08189560372745     
   124.01491223546269     
   121.67963557710038     
   119.81372990223002     
   117.91641995960077     
   115.96735704720044     
   113.97249870282236     
   112.48912240807169     
   110.86622300097162     
   109.98486456590688     
   108.14487818912906     
   106.86370237446806     
   105.99250928203085     
   104.99852841803914     
   104.40228347516998     
   104.33847178624850     
   104.15415591338370     
   104.12754560678837     
   102.06530082489722     
   93.635314485176039     
   84.371422399944237     
   74.539671731521935     
   1033.8866955908136     
   1003.1940823275246     
   963.35560589932584     
   920.64716944295537     
   879.23308340530980     
   836.51523257984059     
   801.78191953202645     
   765.72731135031347     
   729.82629949100158     
   700.67625953445042     
   675.34866674978377     
   652.74280970255393     
   627.39495250317009     
   608.62577790299986     
   586.60266454233806     
   565.37622845112162     
   544.93234344844745     
   528.24419109390419     
   509.72092271621960     
   494.50188345988408     
   476.88603998220810     
   461.62134775765986     
   445.63194129436829     
   432.21091101547017     
   419.26668044692809     
   404.15082086638597     
   395.52499662155105     
   385.76591747506120     
   375.68911693385763     
   366.00986697290523     
   352.50457159792836     
   342.70932075289556     
   332.57335139315001     
   325.87110118326586     
   317.28407920854193     
   308.96560214257153     
   300.26545558323988     
   292.86246199121535     
   285.57613025059169     
   279.04933937528995     
   272.80550446508391     
   265.77240212590578     
   259.58590629255008     
   252.23787971489003     
   246.32619354961085     
   239.61555966153853     
   234.07321500943289     
   229.25049240933555     
   223.93358217688359     
   218.57674230744556     
   214.18905427644438     
   209.42707790927892     
   205.02668929377882     
   200.43994481874867     
   196.45566481358372     
   192.84973188175343     
   187.89330753220833     
   184.25512240987769     
   180.51900753434734     
   177.18020843791780     
   173.41927524097585     
   169.65696178289141     
   166.96263313028714     
   163.71054566620813     
   160.31908446308344     
   157.26480391479379     
   153.77479043334455     
   150.79052628919359     
   147.84749870063891     
   144.90720651011551     
   142.46831735776169     
   139.50060866715944     
   137.21527904211030     
   134.46394569577797     
   131.98648441867064     
   129.72918897327469     
   127.16637263634689     
   125.45816425896878     
   123.24529162245329     
   121.07755876031254     
   119.18111397081520     
   117.44360227143942     
   115.40471225493691     
   113.71076884285569     
   112.52312059008571     
   110.81627563193734     
   109.66117298521337     
   107.89227258821509     
   106.35889753944208     
   105.83630116375068     
   104.91128319371408     
   103.95444645433795     
   103.54316935029888     
   103.27157730612780     
   103.35622570026942     
   103.19559528787005     
   100.59444268251026     
   92.096914652859056     
   83.344391210712473     
   73.933184052863297     
   1041.7323425090426     
   1008.5985368651072     
   959.95221569922921     
   911.98597864432111     
   866.05670449108811     
   820.66210692684581     
   786.32476751015133     
   751.40187348784525     
   716.02652978246510     
   686.69508733384021     
   657.97091422726385     
   633.11492331038573     
   610.62057327437174     
   586.93391114272686     
   564.87916882357172     
   544.56523825603904     
   527.62946659478882     
   509.04807887215333     
   493.60086768577042     
   478.66946611487242     
   463.29868377568766     
   447.70734569772299     
   430.96879975995330     
   418.63069431624882     
   406.60437249801367     
   394.56678138973052     
   383.18557041798238     
   369.71193761736447     
   358.71639879912453     
   348.33808398339841     
   338.29220051321818     
   329.52412700307622     
   319.63397412917561     
   310.82110193090818     
   304.21651749556673     
   296.55162022562024     
   289.94966276580919     
   282.75704372328460     
   275.04640146798442     
   268.03814448252729     
   262.83584077579042     
   255.77895502707599     
   251.29396046106714     
   246.22019798302597     
   240.48964090589831     
   234.65687815034372     
   229.43253018782571     
   223.74386129212621     
   218.99009454011019     
   213.37524655432895     
   207.83138892861137     
   203.46036956160532     
   200.60048915916369     
   194.71582822651609     
   190.99247073457181     
   185.62937695906663     
   182.26342579209239     
   178.42009995412945     
   174.94420008034962     
   171.07309267253544     
   167.53005834115862     
   163.95450197713956     
   160.60993590937991     
   157.69685445825399     
   154.65051925984056     
   151.73180772396557     
   148.91554096527085     
   145.56957936239561     
   143.45943821147486     
   141.29517945463726     
   138.71767267267057     
   136.06451329640421     
   133.13557332570088     
   131.47645731787026     
   128.67655907519412     
   126.45002878651701     
   124.50253680487376     
   122.52155955628251     
   120.30204392103394     
   118.26776631245241     
   116.31868736221472     
   115.14981858488912     
   113.01399803047397     
   111.02563295726213     
   109.76189031286354     
   108.35359346521712     
   107.07216812989471     
   105.64048069287203     
   104.38652938252025     
   103.69085029313169     
   102.95350043529503     
   101.93251498518340     
   101.27114062916598     
   100.96933179694031     
   101.21702586751600     
   101.41481081090075     
   98.956311986501575     
   90.824473721144884     
   82.739078305701199     
   72.937234312321806     
   1046.2244739018295     
   1008.3969746358321     
   958.04605049523218     
   908.40047519589803     
   854.01068244767771     
   807.62917730911386     
   768.44293280069314     
   733.83134274296594     
   702.47927669385240     
   667.89192904010451     
   642.24968769978148     
   615.91254300917319     
   590.83750995497144     
   568.59879951902974     
   549.33492952834240     
   529.76788281533516     
   513.38160636242787     
   494.03426261943201     
   476.92025562362801     
   458.10412707004980     
   444.98014490690758     
   432.08099679450481     
   417.98560462701550     
   406.89291587293309     
   396.30423958013870     
   381.73713825449096     
   369.44801676455990     
   362.60175858173807     
   348.79155966555021     
   338.97241781482830     
   328.18094375742731     
   318.88859122660563     
   310.34728210518051     
   303.97837619910604     
   296.39578046732373     
   287.66128159615926     
   281.05685876587472     
   273.82972369671347     
   266.91572811116811     
   259.22003489714064     
   253.26963060521615     
   248.01698912662189     
   242.09875223585561     
   236.07010216403893     
   229.86556755803730     
   223.92287254644265     
   220.63136786896473     
   215.34673542996666     
   209.65742730874439     
   205.88331685676155     
   201.12360109731407     
   197.22222743941734     
   193.60941507350026     
   189.45296839799204     
   184.51485234515289     
   180.83106985485909     
   176.98963453670626     
   174.07413948278588     
   171.05884689985837     
   166.91329113234468     
   163.15955630806889     
   160.78389858352617     
   157.24879022526076     
   154.09095510683034     
   151.28091002347534     
   148.05416075781523     
   144.76293231767565     
   141.66773261156575     
   139.53859783674054     
   136.57574848534702     
   133.86929916134463     
   131.21774735040583     
   129.15410514674625     
   126.70673343766319     
   124.73083071081437     
   122.32499022757125     
   120.48706976372566     
   118.97476695043038     
   116.56125099990130     
   114.44324511183299     
   112.34152553198579     
   110.49287359629419     
   109.28303706220618     
   107.91195203117840     
   106.77545632384250     
   105.72176323640161     
   104.43207825554035     
   103.25041107762011     
   101.96673932390560     
   101.57737152015451     
   100.45235377194680     
   100.28922305589064     
   99.945386774507668     
   99.627242174488401     
   99.648302414640796     
   99.612857870304595     
   97.242354755712626     
   89.589339453207529     
   81.637358043115711     
   72.294748389582708     
   1054.6663590855946     
   1011.1746739931077     
   954.39236140087576     
   897.85004287488687     
   843.28958548222954     
   799.28782472211969     
   758.07547050258358     
   720.53677144090761     
   687.40388174760290     
   657.39558071485681     
   626.43979449608480     
   599.47198797621297     
   581.88131427159146     
   556.70030789617681     
   534.99960910955588     
   513.80612634469230     
   497.29650723237552     
   476.87125162537336     
   466.02502863012080     
   448.39901219009641     
   435.03385582275166     
   419.16732461884158     
   403.88156650441113     
   392.72088998639515     
   382.63006000945586     
   370.38498770605827     
   359.03077643453037     
   350.71104517320214     
   340.81614621190243     
   329.58261113520530     
   317.39555762131675     
   309.02849831040533     
   301.26474668391575     
   295.76849188115392     
   286.01862596055167     
   278.70387188629991     
   272.14718358953661     
   267.61918821559448     
   258.23077992130277     
   251.53898017777416     
   244.54265366926202     
   237.39408025932931     
   233.37029319157759     
   228.40321236473767     
   223.28944929288352     
   217.71009721145654     
   213.52623827946684     
   208.63351314354162     
   203.62056291256991     
   198.63557266038433     
   193.60159791364808     
   190.50103682532003     
   186.60198101449265     
   182.48737643130568     
   178.56901175944640     
   174.33781795688196     
   170.11643885622294     
   167.41050428756441     
   163.92092767198264     
   161.33675523521404     
   158.75545377004454     
   155.55025548262037     
   152.29501128087770     
   149.20568817975584     
   145.98272848086287     
   143.06928891421580     
   141.21751832153029     
   138.53056388078323     
   136.29888555393833     
   133.87586890185642     
   131.83526759201624     
   129.35125257973951     
   127.27937874187481     
   125.39314160455487     
   123.03057158596323     
   120.97551819359660     
   118.71109624216575     
   117.28570860573721     
   114.99889652805805     
   112.86261307025447     
   111.46843685560535     
   109.64573539981345     
   108.84670241868621     
   107.32132400919907     
   106.15182924466932     
   104.71190295122639     
   103.25330587167971     
   102.39127804202349     
   101.24031977565801     
   100.44102847939655     
   99.838482067268515     
   99.777381993301958     
   99.746004568014897     
   99.368519021874789     
   99.228474678149070     
   98.834055995271228     
   96.095554968260359     
   88.935791194017469     
   80.923622333761301     
   71.495908477956306     
   1059.3099214796293     
   1010.1189381990962     
   949.23499703569507     
   892.04644641740015     
   840.35389854866435     
   793.98929925968673     
   749.84914723672478     
   708.98887400324725     
   678.60324762451978     
   645.83844468268785     
   620.96891391321060     
   593.59015529761996     
   570.07649962940673     
   547.86828673224090     
   525.53789332599194     
   505.70226201633170     
   484.70354987501366     
   468.65003727846806     
   449.79624233065925     
   436.50769236342450     
   423.92894869311215     
   411.41887205770803     
   395.86676120230305     
   383.00787791599413     
   369.19190588836614     
   361.60986626972306     
   350.21232814736061     
   342.09780526480120     
   331.26313974217237     
   321.34679310815073     
   313.66524149201103     
   308.76122192239347     
   297.32439119869673     
   287.28422022082913     
   279.87819781368819     
   271.94946864845633     
   266.47766523292313     
   257.78880337081210     
   252.21320369065660     
   247.59566094768044     
   239.85652478177784     
   235.04549186012480     
   229.18273908240209     
   222.30788764778487     
   218.27820270564530     
   214.21294442761527     
   210.30683544969594     
   205.12610903820399     
   199.27632070896340     
   193.52314948577217     
   188.89260082004955     
   186.15579317289317     
   181.74963508451549     
   177.52935331484821     
   175.03010220886637     
   171.58939270325479     
   168.01943837957737     
   164.16283838313262     
   160.04413999712611     
   157.57839114514240     
   154.03028972218050     
   151.13268960540830     
   148.99129702550391     
   145.89184344194544     
   142.64415754943118     
   140.21739516251748     
   137.85079646091680     
   134.57560520099614     
   131.99557125099747     
   129.49008164131038     
   126.75860198361170     
   124.48223249739023     
   122.88451990792501     
   120.94004312975845     
   118.77988345966264     
   117.14175299694119     
   115.10734952992495     
   113.62042861796685     
   111.50626988049800     
   110.02600600332471     
   108.53683507256710     
   106.84168119190973     
   105.71622858707835     
   104.29404755043765     
   103.30521734733387     
   101.90743947045449     
   100.55175233377842     
   99.996941836020866     
   98.858120855850217     
   98.590512044544141     
   98.179416557689450     
   97.872798538581463     
   97.463954411947938     
   97.526367523564360     
   97.291014132738042     
   97.367426960484224     
   94.738913311800957     
   88.075258121175139     
   80.212131343526380     
   70.932403823803611     
   1065.5936859612643     
   1011.0350270469501     
   951.54019849108863     
   885.76730697512494     
   836.92428603612939     
   790.21269183876666     
   745.41275867116144     
   703.53145645572238     
   671.20614538821428     
   639.88867907323811     
   611.23732520449437     
   584.98471892892849     
   563.59288930638866     
   541.60237434530166     
   517.36992341587563     
   499.77242472182570     
   478.04524605320313     
   463.16132816556490     
   446.47549160868311     
   431.36787402961932     
   412.59370011872824     
   398.81491531432130     
   387.30477898701184     
   375.39424379716490     
   364.36005986167515     
   353.13064032980611     
   342.52965889578178     
   333.45195713851103     
   326.10909349876187     
   314.82638957237833     
   305.73575611817682     
   296.41338009311153     
   288.22083131788236     
   281.74698038825227     
   276.20756902943464     
   267.69349235583275     
   262.93291466991963     
   256.73049585738966     
   250.10390624595541     
   243.83348683088724     
   237.05199406037974     
   233.60411572047678     
   227.59229144807935     
   223.12835187183998     
   215.42817175434067     
   209.31657917520835     
   204.11818370412806     
   198.43478801371594     
   194.56823897939222     
   191.18070615167122     
   188.82756598729196     
   185.81738016215573     
   180.25284117934143     
   177.10266713021710     
   172.18344564756433     
   168.01614841535732     
   165.34084934268751     
   161.91822229502790     
   158.86188551123826     
   155.92179256207334     
   151.97392141391452     
   149.60088297469110     
   146.68100341557994     
   144.11913370675535     
   142.02872420642154     
   138.54432187469922     
   136.04741824225894     
   133.84979207042130     
   131.39288382973396     
   129.12860181534501     
   126.96632114227189     
   124.80257783939601     
   122.10195092902238     
   120.49310106260864     
   118.50516830218851     
   116.17641876317701     
   114.63608400685237     
   112.94099169262149     
   111.16745838445567     
   109.38969157457817     
   108.08423431368597     
   106.11312968400283     
   104.57632593457774     
   103.70679297172256     
   102.29206419437725     
   101.17163378913128     
   99.970740895725385     
   99.341184570268382     
   97.801544281199824     
   97.668684381186608     
   97.615389150429309     
   97.312816703561978     
   96.999700676817639     
   97.328433327307124     
   96.933416324973649     
   96.717957151659263     
   93.289999388597067     
   87.151858433950679     
   79.686461217288254     
   70.615633741051127     
   1069.7953425384262     
   1012.3553429707629     
   948.93295343171349     
   888.03535739408233     
   832.54397406288081     
   786.95626765936549     
   742.28210441183921     
   702.50275584497956     
   670.26143924002281     
   636.49462543784512     
   603.43920648628887     
   580.39740133180680     
   558.02594642744543     
   538.00071731046171     
   520.58392203627136     
   496.52967577141368     
   475.85383130260789     
   461.50381003856421     
   442.59728546149597     
   430.33996726547434     
   413.19743046207651     
   398.52995404597971     
   385.60644624727081     
   369.65655337970372     
   356.35004350006977     
   348.82357536569043     
   337.67245652644635     
   327.97805929515880     
   319.42553149877779     
   309.34725921053416     
   302.91987158838242     
   293.37114000334481     
   288.23376600816988     
   282.18505453988018     
   272.75980322722143     
   265.71949179574926     
   259.52073848635018     
   251.97977473447074     
   247.19288810691336     
   242.16971548920947     
   235.64845640150369     
   231.48620635828163     
   225.83315180852171     
   218.57916676227757     
   214.30550496379155     
   209.30739002823111     
   205.25209891540993     
   199.88566196558713     
   196.63533284571906     
   190.63575154088554     
   186.15546720876333     
   181.43069169240690     
   178.26881065101662     
   173.59141886323937     
   169.99759474663472     
   166.51288468390413     
   162.72963391197592     
   159.95617642505167     
   156.86815121272116     
   153.96897768997530     
   151.51916411480627     
   148.87549847828444     
   145.72471541261686     
   142.22231618186939     
   140.38066794011698     
   137.90083389983775     
   134.86530401594905     
   132.67828294458303     
   130.14910662164633     
   127.69197214022888     
   124.96684456975137     
   122.75366055505580     
   120.85898140043128     
   118.67948670411491     
   116.06206389198626     
   114.38593087297181     
   112.56394083725712     
   110.85716880535988     
   109.30329099281076     
   107.94823664981922     
   106.79793874058539     
   106.00185251792543     
   104.85094635773135     
   103.00782051373892     
   101.64394018646271     
   100.71300479885096     
   99.399611267497960     
   98.686680738034553     
   98.015483717260722     
   97.296903102256067     
   97.003839893260690     
   97.028288425974438     
   96.403948056397070     
   96.643148223498471     
   96.280357202046247     
   96.463389488728382     
   92.908580441001988     
   86.609231382753208     
   79.227003060947766     
   69.862756877260168     
