           1
        3200
           1
   877.73107860477285     
   828.91065265179452     
   798.35723683643209     
   773.48395784558397     
   749.02043014793105     
   732.79927546874035     
   718.46741304902741     
   702.18720238535161     
   686.19297205549378     
   670.95896387714868     
   656.23568937621610     
   638.71214176697583     
   623.45288916171990     
   609.60252460793424     
   594.99408768959665     
   580.88567887919999     
   567.47726176956121     
   555.71668538179676     
   545.83842968025363     
   533.00023369264557     
   520.10340169463473     
   507.95083986628299     
   494.28808102101215     
   482.96914994128247     
   472.34962651460711     
   462.21674178117246     
   452.29274086516114     
   442.12273624796001     
   432.32353419191458     
   423.62346220052081     
   414.36179911857374     
   405.20720625974121     
   395.38939319490282     
   386.65901307379539     
   377.77881492446608     
   369.39151077686677     
   361.33278512806442     
   353.39411476083887     
   346.58069761375833     
   339.92926621193277     
   332.58444468515563     
   324.94158604665472     
   318.25260162395523     
   312.32293205669930     
   305.92229170026337     
   300.21429836144438     
   294.19468714493991     
   289.88061135212621     
   284.69496415659972     
   280.30509737616336     
   275.08607795814964     
   270.84054652467864     
   265.92628455552341     
   261.93317791743971     
   258.08741407203740     
   254.21458302629463     
   250.52823431617347     
   247.11515880149710     
   243.96780936165470     
   240.82985304086932     
   237.33503611136166     
   233.77219261175986     
   229.78087871481060     
   226.18537042087172     
   221.65165036300644     
   217.42057584276503     
   212.73996584053245     
   207.57636278681238     
   202.03720256409585     
   197.04873940258392     
   192.69549935148359     
   187.71296756954726     
   183.04568958579227     
   178.83943744072982     
   174.78370248765447     
   170.87976383723316     
   167.05436301902657     
   163.08737511196691     
   159.39865668396584     
   155.59630198105134     
   152.01682999702805     
   148.77870992522276     
   145.65643689387312     
   142.58121643885326     
   139.23687027414024     
   136.34858942865836     
   133.43909967639610     
   130.73785524549268     
   128.07673498234206     
   125.47660064690257     
   122.90001918827397     
   120.46028826805721     
   118.03919037052549     
   115.78000654383236     
   113.47090694032269     
   111.08288673304131     
   108.88016834738336     
   106.64473813461012     
   104.47800760057820     
   102.34063770273086     
   898.69365298043351     
   873.08160843195787     
   838.53584660868796     
   804.92486239936534     
   781.81380831057561     
   760.59709304049215     
   740.21152070871074     
   720.06774462252417     
   701.94521499649090     
   681.06838764898407     
   665.49812801503185     
   650.17208851111889     
   634.60179185613265     
   618.93540426025800     
   604.56227328308421     
   590.85213240656083     
   577.23182509850994     
   562.40876729649358     
   549.67613966057866     
   537.82451249791097     
   525.50068063479080     
   513.12250598981325     
   501.37683841392112     
   490.28868581714380     
   478.70791649035516     
   468.13512630110711     
   457.61938699817256     
   446.88629768481019     
   435.57462512038893     
   425.93829446615320     
   416.97826036777633     
   407.22951697982967     
   398.16222682324167     
   389.98414516873220     
   380.42106621977007     
   371.18810114361014     
   363.51638131280436     
   356.66552624050780     
   348.04003899050946     
   340.96290220342723     
   334.04068023267723     
   327.70750829240080     
   321.69922342130513     
   316.05955409277163     
   309.59364815316525     
   302.55564835297605     
   297.75714594600811     
   292.26240986329577     
   287.30728923317236     
   282.54818649341047     
   278.02524345547482     
   273.17035667388944     
   269.15893194378333     
   264.78799368998864     
   260.57675532139240     
   257.02537404648041     
   254.00360882583718     
   250.13530597048373     
   246.12447741988649     
   243.73219723367959     
   240.04489567924469     
   236.89383692042730     
   232.81116585733980     
   228.53717548488601     
   224.23027217771784     
   219.25729471133604     
   214.17982570694434     
   208.92291126668152     
   202.87582612281420     
   198.35738957839501     
   193.58226755565090     
   188.93601722078262     
   184.81362937353526     
   180.12269211181604     
   176.16374025302008     
   172.02667763722897     
   168.12486182505211     
   164.14951171083629     
   160.22101333248224     
   156.75386945311533     
   153.10305622516344     
   149.70836100375678     
   146.33444296004205     
   143.22878470140842     
   140.28026727811229     
   137.29975245573320     
   134.34443407669949     
   131.44561718406419     
   128.88234736946816     
   126.30216450533433     
   123.74436212209250     
   121.08692041472503     
   118.63855263066289     
   116.27185862544451     
   113.91075512443327     
   111.57496209709203     
   109.39171099371026     
   107.16724005649937     
   105.04629883963010     
   102.91137094521122     
   899.19119279701636     
   879.31122808914097     
   856.78760455712472     
   832.12915364518426     
   804.15927260767842     
   778.47354517109261     
   755.67889556771161     
   733.41314836044455     
   714.37842652733195     
   697.10817519921738     
   677.01785154911920     
   659.74596232641591     
   643.33706487228392     
   627.26064969132210     
   612.87241065681667     
   598.54520705048208     
   585.71757049660096     
   572.67918273561372     
   559.19977619964186     
   545.55412979155199     
   531.78246097936494     
   520.75943031334236     
   510.04111909371062     
   498.38686208889681     
   487.10604706359015     
   475.58363163941397     
   465.16511033276254     
   454.31783380105185     
   443.53626438156078     
   432.15566036728382     
   420.91143252339680     
   411.56205007635185     
   402.01955218092439     
   393.22329122611529     
   385.33537556914348     
   377.02225988779753     
   368.48012971568693     
   360.60008146984541     
   353.10283789239543     
   345.20004151514286     
   337.35337505466748     
   330.42682431378665     
   323.29464980477633     
   317.24108883302597     
   312.12767177120156     
   304.94180886654692     
   299.69134623752075     
   294.13374629453983     
   289.50899437089032     
   284.15182420616048     
   279.70361725853542     
   274.68140455400703     
   270.00495427138708     
   265.83396621929398     
   261.99849081092276     
   258.48762302990309     
   254.45152461851285     
   251.21739688509069     
   247.51903526273912     
   244.65244745117519     
   241.91875802175375     
   237.72969846378618     
   234.06417225827710     
   230.13557538013612     
   226.13411011603696     
   221.36890546110678     
   216.37156711535181     
   211.06069975766189     
   204.89475891983386     
   200.61054133753385     
   195.82465532968104     
   191.28714584377312     
   186.56499052478767     
   182.17080301963159     
   177.95196630074616     
   173.80095877488196     
   169.80576585232683     
   165.70785070512741     
   162.28300523351291     
   158.42207359952775     
   154.88381236922336     
   151.48662125141257     
   148.09874870810867     
   145.10314476375368     
   141.88616646604316     
   138.74511172182230     
   135.69822646832273     
   132.99490512317030     
   130.23020621745408     
   127.51862912357987     
   124.80663354952932     
   122.38845416914154     
   119.84184812165466     
   117.31922221582792     
   114.95819544746077     
   112.78365405275790     
   110.43301890357640     
   108.07738836590278     
   105.76364927939599     
   103.62465934450445     
   900.16280510188756     
   877.16590024009292     
   860.29771037481828     
   841.48870025372048     
   819.39854159497804     
   793.01846441541352     
   769.97689257514287     
   748.51803461867212     
   724.88611518860102     
   705.45218740207895     
   687.47815618542734     
   671.88156847878315     
   655.50891988758735     
   640.24997956775383     
   625.23403407406954     
   610.47951403917693     
   593.56990804135614     
   578.91504084012979     
   566.02429580660942     
   553.80922942267512     
   541.74853551639012     
   528.40480629527985     
   515.44410532611300     
   502.74894276233329     
   490.05394293080428     
   478.26212967626384     
   466.33622098826231     
   455.07253502536742     
   444.35815587211152     
   434.35848086144694     
   424.01340000023265     
   414.44613742793939     
   405.51395327320699     
   396.92070304051856     
   386.99441977868594     
   377.98103203160474     
   370.29272363586290     
   361.86212253432268     
   354.99072289857656     
   347.12654715085762     
   339.84754594806333     
   333.80694476874032     
   327.06683313601951     
   320.91733696597680     
   314.48528861459971     
   309.11181589472608     
   303.27067681246649     
   297.75584073809546     
   293.03680653088412     
   288.82067154245703     
   284.12258273224921     
   279.25117487711702     
   273.68322672606638     
   269.94514235120425     
   266.38352941519247     
   262.23772730104463     
   258.29125991663085     
   254.89025786730124     
   250.37606529274026     
   246.99993933548470     
   245.13994795199960     
   240.75225818496872     
   236.89901103947494     
   233.26853686233170     
   229.24345706316146     
   224.10533764463207     
   218.84050520874979     
   213.29335555610200     
   207.65181423097499     
   203.12375673050784     
   198.09793465563070     
   193.70946106276057     
   188.73807921980048     
   184.39668579532315     
   180.22545070811003     
   175.71707863043662     
   171.56720150037881     
   167.50871127521785     
   163.23814525249605     
   159.27168923102639     
   155.75944722178784     
   152.28959416032484     
   149.28683241566301     
   145.65275617324176     
   142.42678673603052     
   139.31230219842712     
   136.38792259002932     
   133.41604390580201     
   130.58464075109427     
   127.78445037509536     
   125.05867422649580     
   122.60682783419011     
   119.94228368213284     
   117.57529290651902     
   115.06052005055031     
   112.60868550178705     
   110.38125739451205     
   108.06005472130008     
   105.77235441806243     
   103.38893162429017     
   903.01628439230171     
   886.52067150148139     
   865.02333001284228     
   844.31306792297585     
   823.38223782795944     
   804.14792754116138     
   778.77815488566034     
   756.16194676290843     
   737.33307137567749     
   717.87919546514911     
   699.85964554365910     
   681.61350656648040     
   665.85509088787671     
   649.78055123032470     
   631.65167629689904     
   615.56215080796278     
   603.76076997498490     
   589.69247785848233     
   575.12043318911685     
   560.40319556753957     
   546.46244101597483     
   531.75925355923300     
   516.74375415277336     
   504.46891891034409     
   492.81444777278165     
   480.74774130239518     
   469.12608085623572     
   458.12504141665244     
   449.37545844223632     
   438.55173754242469     
   428.87380951303663     
   418.55953298952625     
   408.94580552344848     
   399.39877981286679     
   390.81070967868811     
   383.68818766803690     
   375.42814120255287     
   366.30097878533002     
   359.41390587691700     
   351.40044162628845     
   343.64708724784828     
   336.79738900526451     
   329.78892804031335     
   323.14078463344151     
   316.86208288345409     
   310.23855241897212     
   305.20456543457368     
   299.75438455110873     
   294.22370042248963     
   289.44439131451514     
   284.37933488226986     
   279.68640576859639     
   275.48154084318600     
   270.76797917875371     
   266.60196933406132     
   262.79927838017153     
   259.08487562761513     
   255.58013655616358     
   252.37381487528793     
   248.70791571139426     
   245.77913675206224     
   242.29332545861467     
   238.77808457276149     
   234.32902737289120     
   229.86687314354936     
   225.06268068549736     
   219.51384633283294     
   213.65307472827544     
   208.16199920033515     
   203.70442777351701     
   198.70253119537654     
   193.89223542926257     
   188.69782427258551     
   184.44600055378802     
   179.73117284144146     
   174.92292484439378     
   170.74085862427043     
   166.66752304978758     
   162.80760978659188     
   158.77610575268571     
   155.09368737972429     
   151.65133241963878     
   148.12839645705716     
   144.83450763586134     
   141.72243460871204     
   138.62089149365940     
   135.40923176540696     
   132.44046615095780     
   129.68722885742034     
   126.91479238935187     
   124.10833780596528     
   121.24061595576899     
   118.69865157440044     
   116.22272632982708     
   113.59562611045041     
   110.97859515813037     
   108.53201621886919     
   106.16407080606025     
   103.92178110173977     
   101.63674283700814     
   910.81552032710965     
   886.92105071077992     
   864.87271435744435     
   843.54444743349984     
   821.39125174021933     
   802.16300924925599     
   786.89178621860560     
   767.04260584573296     
   748.08821080669554     
   729.53365705712838     
   710.47449566095690     
   692.07383770916817     
   672.18230775187067     
   655.54146206298151     
   640.44037696403109     
   626.06496273851371     
   609.07013804020119     
   593.47280519169885     
   577.22039783257185     
   563.19813678365551     
   549.51744051381638     
   536.59738797767909     
   523.27444687361776     
   511.88504788478321     
   499.96863496111848     
   488.49833069266560     
   477.42234084719314     
   466.89010607587340     
   455.98245447579978     
   445.71896955008918     
   435.35389773141679     
   425.11189792662333     
   414.52834899478853     
   404.82444837673381     
   395.64902615551932     
   386.39535707225639     
   377.77984994706060     
   369.51035293600376     
   361.53600646911912     
   353.55458492685608     
   345.71437108294742     
   338.96048815835940     
   332.09703540221551     
   325.31226145475767     
   318.30880752509790     
   312.26202744421107     
   306.10251214621849     
   299.72378123054057     
   294.45854613054905     
   289.53063516233965     
   284.08420939903385     
   279.51441057963780     
   275.04757284219295     
   271.08011617514728     
   267.19054177329360     
   263.35765986863561     
   259.32846044387225     
   256.01636120405385     
   252.97783420499167     
   249.20705418156626     
   246.54840203331310     
   243.10025744690924     
   239.62535001698379     
   235.32258190589408     
   231.51817652092845     
   226.28550601333808     
   220.95316619026136     
   215.42874325914784     
   210.00111109673213     
   205.17612011044858     
   200.15678170385505     
   194.68412356979678     
   189.53986626700481     
   184.35399430024478     
   179.72351399422874     
   175.51328336295916     
   171.14710952315104     
   166.59514791701554     
   162.29612874487219     
   158.40335711143780     
   154.41272336074962     
   150.71894581524518     
   147.39251728651558     
   143.97012684901603     
   140.74928609069400     
   137.40567771732736     
   134.24253030232245     
   131.33068957078927     
   128.57970387521172     
   125.56049469711704     
   122.72428955189989     
   119.98257260442379     
   117.16696073297896     
   114.55426262750953     
   112.03131130100553     
   109.49186752266135     
   106.94444091129736     
   104.37785611631855     
   101.86531346929955     
   99.472922429941889     
   910.34484031984800     
   888.56828686217773     
   866.62800170104390     
   844.38486037863538     
   828.54144227709071     
   808.64014990255998     
   789.38752827429551     
   773.57840771234635     
   754.94824197599348     
   736.72662664729808     
   717.21161763830685     
   699.08006918034243     
   682.83265518122562     
   664.66553865676951     
   647.62879077885748     
   629.90066047480730     
   612.72055275777814     
   596.67767596044268     
   581.87886773009109     
   568.35657257883827     
   556.38911778404417     
   544.59886691834208     
   532.25683953941689     
   518.59777829971245     
   504.59875451968333     
   492.98369750947131     
   480.59210563038641     
   468.32663934526158     
   456.96483797160414     
   445.61402356116764     
   435.99102793241400     
   425.29425520575745     
   416.38967746619323     
   407.16330677387202     
   397.11075870429050     
   388.38527876706939     
   379.86278342445934     
   371.18303572854575     
   362.91177174706024     
   354.13433088475324     
   347.09551514035201     
   339.69081220321630     
   332.88238687236469     
   326.52758139270975     
   320.35542034192059     
   314.64952478002505     
   308.42333207665075     
   303.55515343218974     
   298.04956613880199     
   292.49221304855041     
   287.64988296336605     
   282.48337012267501     
   277.67644123617390     
   273.78983954972892     
   269.65623405141787     
   266.67925494966488     
   262.30073043895294     
   258.30570051341158     
   255.09202539687982     
   252.13189260295405     
   248.40559891496389     
   245.61534780244617     
   242.21484674898369     
   238.15354093805240     
   234.58202875694676     
   229.43170167379498     
   223.47028845838068     
   217.39958762820160     
   212.40835432207857     
   206.91755057614790     
   201.60661075135170     
   195.68603375898962     
   190.64539554670390     
   185.39407985053145     
   180.15218808143351     
   175.08169429927918     
   170.31911481117680     
   166.34817321332244     
   162.24022778387680     
   158.23304470640988     
   154.06308057435635     
   150.32738616154225     
   146.31174397429180     
   142.36422170037739     
   139.17147809335751     
   135.65230282395444     
   132.47729149560752     
   129.12000996597027     
   125.91255330832499     
   122.83933949551320     
   119.94193054448893     
   117.00667670424880     
   114.11798002390297     
   111.39546560542662     
   108.69028288020444     
   105.92511134700777     
   103.25438489199912     
   100.71108721698494     
   98.222382309546035     
   95.830080427066704     
   918.24986936109690     
   893.39131652443257     
   872.67850654344215     
   855.82287049731679     
   835.00071261094877     
   815.35485834744668     
   796.49008723636439     
   777.80222766300926     
   757.75775447247770     
   738.51471223344629     
   720.85103618660185     
   702.70308185235956     
   684.38199914774714     
   666.32286220534365     
   647.92657568437221     
   631.60785439144877     
   616.78766083460050     
   603.78517942102508     
   590.76507962013409     
   576.05027395051320     
   560.01347219458853     
   546.01889170761365     
   531.11952087120983     
   518.76333179854566     
   507.07320254187329     
   495.08845473762926     
   483.52486681654568     
   472.46669813811104     
   461.40427997229438     
   451.00333242138828     
   439.94956637580151     
   430.28068824011507     
   419.66574557197782     
   408.89911103612502     
   399.59706846848690     
   390.98899127508827     
   382.05334589514229     
   374.42455063103932     
   366.70303890626576     
   358.57165047330460     
   350.43251998798235     
   342.96856013311628     
   335.52654306386000     
   329.01159382324346     
   322.60565562033025     
   315.88805739402255     
   309.30554106776151     
   304.69098599269370     
   299.65650362315381     
   294.87091454201607     
   289.94396318206617     
   284.89077371155076     
   280.50321546613054     
   275.61085447533588     
   271.03558761766215     
   268.04709702281241     
   263.46758544276122     
   260.07495201301521     
   257.04159454353277     
   254.39454236802206     
   251.10497180320323     
   247.69584118293324     
   244.50455550664728     
   241.05999336135818     
   236.85047397471982     
   231.89872456505995     
   225.76834393308869     
   220.05687579691468     
   214.45958712200093     
   208.76405741231693     
   202.86756521113344     
   196.46210367157636     
   190.47979135916100     
   185.16698147304845     
   179.75131976958698     
   174.50235480941745     
   169.48208517633117     
   164.50301041868744     
   159.85173717588435     
   155.42911336199177     
   151.41188364999272     
   147.27372314009529     
   143.43268222969843     
   139.63018598736701     
   136.03601507881092     
   132.23591484946428     
   128.57592979213251     
   125.28111550417849     
   122.01703408344430     
   118.89168617590975     
   115.83492898222127     
   112.79371826244451     
   109.77140981020484     
   106.71984231178395     
   103.69552241737438     
   101.02870516502060     
   98.194640859572502     
   95.478473813044204     
   92.912800297863981     
   90.400674820382960     
   922.64247118046569     
   902.42003479180744     
   879.89303944923108     
   857.28884579991745     
   835.60863596782360     
   817.88048944540117     
   798.47365403046342     
   777.25588825105172     
   759.06507447916192     
   742.93145421248107     
   724.18315604895133     
   704.72856968762812     
   687.28300940606471     
   670.14496755968025     
   654.54690774876485     
   639.78900922617186     
   624.91464475526743     
   608.91852499709034     
   593.00848120977707     
   578.68678124121209     
   564.46134539706134     
   551.27620668512736     
   538.38097353213300     
   525.45651210875087     
   512.89726756500568     
   499.70183406988650     
   486.65898304707429     
   474.71999702039159     
   463.65631719755260     
   453.28580668086744     
   442.05703392804901     
   431.89615016215572     
   422.47705694796014     
   412.96259365821982     
   403.22095254874876     
   393.59193672296618     
   385.16379190695034     
   376.36428939318745     
   368.57927904089621     
   360.43878861277022     
   352.83727260750862     
   345.77700272454183     
   338.97681776559295     
   332.62688583675521     
   325.36715342542516     
   318.20384977618409     
   312.44586143053004     
   306.41653657138892     
   301.59415168095057     
   295.81991907553368     
   291.54475595280110     
   286.38257724693784     
   281.80315815859086     
   277.91886475366209     
   272.77407573106137     
   269.69015499685889     
   265.40874879527439     
   262.47173511912757     
   258.70028480284617     
   255.76644582732015     
   253.19646540214592     
   249.43667614921836     
   246.20581289714636     
   242.60874614590853     
   238.26304496896708     
   232.90325764864374     
   226.86235899935457     
   221.42900945265470     
   215.63913535159728     
   209.38107242584482     
   202.42909141687272     
   195.67429770759605     
   188.82340286798342     
   182.59359618319851     
   176.58394117261491     
   171.26111897877399     
   165.54932801116385     
   160.37445661554432     
   155.45107928924895     
   150.53641155197479     
   145.92691210360510     
   141.38186514650772     
   137.16246472297766     
   132.87579868235090     
   129.34773120569758     
   125.72940554115202     
   121.96685676998906     
   118.73485570372988     
   114.98674708659337     
   111.58939926883230     
   108.42257819109655     
   105.51336560562827     
   102.41549679467816     
   99.518915050837222     
   96.735206652524425     
   93.986137851482496     
   91.095413352109546     
   88.406845013669766     
   85.671600962376601     
   83.169540281833804     
   925.82058401716893     
   904.43929885127807     
   881.05879420091287     
   859.05668391149266     
   841.24015969380571     
   821.69250458320130     
   801.23080461588825     
   784.38674462244830     
   766.65709968918236     
   747.14410080768516     
   727.36562740773581     
   710.04781382593660     
   693.25598610203815     
   677.53975530816388     
   661.08516008369998     
   644.40367204564075     
   628.59678096526238     
   612.73115957517086     
   598.70190451554026     
   583.86600690375440     
   569.89155809056797     
   555.58724398130937     
   541.33717332480865     
   527.91107009596988     
   515.62399474993674     
   503.36345060091656     
   490.25481224734460     
   478.76806179524459     
   466.23514028675891     
   454.67878474313261     
   443.91186857217593     
   433.37331443774735     
   423.16569761541439     
   413.69920845255979     
   404.11758826310620     
   395.04627013286125     
   387.07506569299909     
   378.10327147482320     
   369.77982953518676     
   361.21278227642586     
   353.73124827863040     
   346.33889648624552     
   338.86596376810178     
   332.74190271795135     
   325.88540703227022     
   320.27767281493692     
   314.95705863043878     
   308.21476917937474     
   302.28828171502613     
   297.62503678478527     
   291.68128378172048     
   287.15213848914880     
   282.85230761453425     
   278.37931290958988     
   273.48550509912479     
   269.80623794117633     
   266.47370135609657     
   263.04457597875694     
   259.43693650132633     
   255.90076755066130     
   253.60012477145642     
   250.99894743030430     
   247.81593134559949     
   244.06548393083770     
   239.82781428087318     
   235.15742035322631     
   228.72855127504388     
   223.54837803157585     
   216.74844297957318     
   209.49520638786308     
   201.86586385451520     
   193.57741186635812     
   186.06847459890025     
   178.96199096053942     
   172.71085264593049     
   165.98610366985372     
   159.73986175655534     
   154.51372808997232     
   149.14744510243776     
   143.87378676793250     
   138.95796475926642     
   134.06301341683135     
   129.72551053590055     
   125.80412216314843     
   121.81650881567607     
   117.99591991875675     
   114.12821996462669     
   110.63074846580085     
   106.94812870580192     
   103.51057509970933     
   100.11850052935355     
   96.979860506704625     
   94.211463146232788     
   91.058766034113845     
   88.255049185369685     
   85.822031204842233     
   83.326492324734602     
   80.818381522702197     
   78.061883100685520     
   75.320604511039377     
   927.11952273167162     
   903.62873815022601     
   884.49721056309045     
   867.53982073631278     
   846.69895871813787     
   823.94625873351526     
   804.62823071905143     
   784.55896696946377     
   765.23669567016282     
   747.30113015319603     
   732.28410378642297     
   715.98336761101029     
   699.14354694290660     
   681.74289068871963     
   664.73997355171173     
   647.72779448454173     
   631.27545041478368     
   615.68313762973548     
   600.91064568742468     
   584.25724468505530     
   569.44342197285789     
   556.01023509726008     
   542.70071541149105     
   528.40768842074726     
   515.98872789360200     
   504.32315384572587     
   492.02785991286743     
   479.39719738699108     
   468.79540021636717     
   457.92334320184682     
   447.93137713086469     
   437.98065979028252     
   427.89879761269981     
   416.97911218367562     
   408.25839508561177     
   398.93285402242390     
   389.41473032678994     
   381.98610343857712     
   372.77530448373102     
   364.25987205870047     
   356.84801016292062     
   348.64104420835014     
   341.25150145375949     
   334.40020078788370     
   327.43084164892662     
   319.83085995752197     
   314.27815786138501     
   309.12358799504631     
   303.48991983105878     
   298.45545705244518     
   293.20491856916544     
   287.95305593357284     
   283.43307099275592     
   279.27146242035406     
   275.02950972904563     
   271.68577309293659     
   267.66476279932937     
   265.05262094360035     
   261.85195787656642     
   258.06400815440009     
   255.39963204085410     
   252.44383486551425     
   249.84120036847233     
   246.16105747401960     
   242.75763202185254     
   237.47064835233721     
   231.41471581676413     
   226.71153727398766     
   218.98296870613416     
   210.02568856927360     
   200.44264466112307     
   191.23153939964453     
   182.87902558359130     
   175.08485997756497     
   167.25701814856220     
   159.80241851670328     
   152.78209292347776     
   147.06244193270655     
   140.90529651395943     
   135.42824395173309     
   130.18372215112902     
   124.64233686304044     
   120.07361854963631     
   116.09018728586904     
   112.28209730164433     
   108.34268801691942     
   104.47431184838258     
   100.52473289755329     
   97.427810314426253     
   94.024141986385473     
   91.170389249691254     
   88.267250824101566     
   84.767656414991137     
   82.162364801662818     
   79.388030289461582     
   77.381278639949727     
   74.607561932875825     
   72.040801316100058     
   69.752480649693865     
   66.988068796780823     
   930.24754533461589     
   909.77073489562235     
   891.75309115324910     
   870.54038656622947     
   843.68566830081409     
   824.31421857036321     
   804.92333138732363     
   784.76200066166678     
   767.63621944966860     
   749.00919227009513     
   731.06743484509229     
   713.73440930455695     
   696.67236289830180     
   679.95151125164250     
   663.48066354045159     
   647.84139196308683     
   632.00244961599014     
   615.11538473080213     
   600.50841723259339     
   587.58657284400329     
   572.98718053275547     
   558.63848522082401     
   545.32784686573552     
   533.38148338736164     
   520.09395906097689     
   507.71181919553243     
   496.61281795634056     
   484.73935507527108     
   472.11295940896451     
   461.14149935787066     
   450.37844221467276     
   439.98407937539230     
   429.52188191147616     
   419.42469600164429     
   411.03384535986305     
   402.28797072737603     
   392.58776659371443     
   383.69658647012710     
   374.78714730917818     
   366.38140273197735     
   359.20675284369628     
   351.73693299102626     
   344.15733747300118     
   336.46300899060708     
   329.99840680674322     
   323.61229983744749     
   317.37533472318347     
   311.52184546680382     
   306.04768255249087     
   300.91386681834314     
   295.64066616329762     
   290.18931819699390     
   286.06847302199623     
   281.39124692432614     
   277.25429999070957     
   273.55998147288011     
   270.17735721508257     
   266.94853742084842     
   263.21141368422195     
   259.85820313310990     
   257.71940134398096     
   254.77139535746073     
   252.30017489821415     
   248.48475780178342     
   245.11025320756178     
   240.13985517761054     
   234.16059155328401     
   229.77756279258847     
   220.22829688805356     
   208.92911766291780     
   197.30999926326237     
   186.29500893353821     
   176.43392669564236     
   167.96175097145979     
   159.07699681616370     
   151.73009922192318     
   144.26977955284138     
   137.69272971785117     
   131.41311996861705     
   126.05752259937145     
   120.74799460220248     
   115.10601990767859     
   110.58034233510206     
   106.67583539417154     
   102.48130954340772     
   98.506003150709631     
   94.524399740139984     
   91.427768011438218     
   88.573562535914078     
   85.822497478886021     
   82.968464972648150     
   80.924196372973725     
   78.178853664741510     
   76.431056498006001     
   73.892032121961364     
   71.067882451429981     
   68.493055740693038     
   66.852745800538187     
   64.242807274829659     
   61.310420116160614     
   939.61870329493286     
   917.46691326730900     
   888.85256772764046     
   862.33043485856376     
   845.69668987358443     
   825.89692069323837     
   806.28720222866696     
   788.09086021618225     
   768.10839627169730     
   750.58171207906139     
   732.75736833755150     
   714.70355984260982     
   697.12833948437822     
   680.49551903821168     
   663.48655951719184     
   648.19460113645755     
   634.61906373953639     
   621.97694346596199     
   607.03127651757404     
   591.26165353060287     
   578.04795558579519     
   564.36966343541269     
   550.40965515246432     
   536.63464961634702     
   523.43258049796714     
   510.75851665742726     
   498.50164404154418     
   487.20133264143624     
   475.96194303622110     
   464.16020800315954     
   453.38058508341413     
   442.56566004511677     
   432.11979336072079     
   422.53149195704049     
   411.69188176081008     
   402.31813518279324     
   393.60379554913038     
   384.85249501031501     
   376.58058469117924     
   367.86928271169859     
   360.18949854928485     
   353.44194927417101     
   346.30067682498685     
   339.04560773312204     
   331.68657268684836     
   326.05115241161786     
   319.45035753444171     
   314.33202046803785     
   308.05227688264006     
   302.45445126901063     
   296.73593582364913     
   291.36790384999188     
   287.08467433208870     
   281.85568677092289     
   277.99727601575228     
   273.80069215847340     
   270.23738697444583     
   267.61128338701707     
   264.04343556851632     
   261.18638582027182     
   258.02378003254745     
   256.05350862791767     
   253.18146873711171     
   250.02220980002770     
   246.69682387850503     
   241.86452810182973     
   236.61566989993213     
   231.74705986592599     
   219.31011884388596     
   206.14302204779921     
   192.90319004742139     
   180.64138463973069     
   169.64942390124054     
   159.66963167905712     
   150.80772811708829     
   143.09190824921444     
   135.28899039317531     
   128.65054956472704     
   122.31657247622583     
   116.40616270353605     
   111.75532916090978     
   107.01309032193419     
   103.60137880970714     
   99.530076793297965     
   95.660027233801543     
   91.970762830378177     
   89.053666712608276     
   85.587331966214350     
   82.778139366048990     
   79.995488816338039     
   77.622113604912528     
   74.763898571585827     
   72.865543257802514     
   71.965907461215409     
   69.222615572313330     
   66.782437938069720     
   65.075227835288004     
   63.008336587113675     
   60.564627961008171     
   57.785191945930549     
   941.40082561112570     
   913.76493633150073     
   892.16780909460363     
   871.13527496630024     
   848.22449998451759     
   827.19373720441445     
   807.49053308392661     
   790.32974093358507     
   771.00076035353595     
   750.70289903046080     
   731.95904572652148     
   715.14248042188171     
   700.18026041081680     
   684.08451984485646     
   671.30264365427138     
   655.51883220988157     
   638.46607975576194     
   622.16178083683042     
   606.41441393231025     
   592.80172105264739     
   579.21867931366603     
   565.65127859450115     
   551.70808241974362     
   537.99359496866214     
   525.77919335806098     
   514.19656862812599     
   501.80901168396827     
   489.53212469746705     
   478.26630069613441     
   466.98483739475330     
   455.93573009135076     
   445.34688630046412     
   435.94830378962945     
   425.48030878345605     
   416.79588073289693     
   407.33974581615178     
   398.36559432250618     
   389.08149152442343     
   379.72252795588059     
   371.97648493700717     
   363.58685685936337     
   355.61934185669202     
   347.78171899863247     
   340.19973466344948     
   333.08604089661310     
   326.68888197191916     
   320.03723520696815     
   313.81290627569138     
   308.36572758882545     
   302.93427977323512     
   297.91664230805128     
   292.84861019132768     
   287.84952418043531     
   283.62884497580990     
   279.29337895473930     
   274.65838888874941     
   271.54452282983283     
   268.27408018517286     
   264.23933031451469     
   262.28824337487714     
   259.62684080927141     
   257.79253514396925     
   255.46186281045550     
   252.04752789898276     
   249.05427307440092     
   245.48104605057449     
   237.94149849034343     
   227.82602405587409     
   213.52221906890469     
   198.44027602161111     
   185.63007820498160     
   171.70425517897192     
   160.29650523610374     
   150.16692848327889     
   141.84222440346886     
   133.18658510593545     
   126.08336823512707     
   119.43998591508245     
   114.27130704625682     
   109.42516888049862     
   104.31819663097394     
   100.76475454087245     
   97.247909237972422     
   94.295337770960529     
   91.194315652864262     
   86.912560509672417     
   83.739295935448823     
   80.711000220916247     
   78.183757838772863     
   76.926094337379553     
   74.700244303271404     
   72.664347532145811     
   70.174261027940858     
   68.473035476777611     
   66.194361437059328     
   63.548503169303601     
   61.534429320862920     
   60.049142094267509     
   57.897605908271288     
   54.946522448273015     
   938.18762089730922     
   916.84898247832928     
   894.78300459147567     
   875.71631062261395     
   855.14715798976306     
   834.88424528199698     
   813.41173703840082     
   791.56894251946994     
   772.63196241869741     
   756.32654058414391     
   738.69502070323256     
   719.88571475039134     
   702.93836047807565     
   686.52863489441745     
   668.57566931155441     
   653.49259484390598     
   638.55379314023071     
   625.90598891985132     
   610.52065825487296     
   594.76274169689373     
   580.65702391195418     
   567.74764007810791     
   555.12260152298211     
   542.55751825808238     
   528.75476671560841     
   515.07760515939799     
   502.40676810342654     
   490.18421922443326     
   479.06574936702253     
   467.78593764968639     
   457.51069854007773     
   446.12447329602696     
   436.35358040984028     
   426.15037947133624     
   416.90238445298831     
   407.32287260824148     
   397.43811074787828     
   388.39602030685268     
   380.05512787166151     
   370.90663273014030     
   362.46233885984981     
   355.05558374071779     
   347.22981741756240     
   340.30853641045559     
   333.40828714852137     
   326.27077676602545     
   319.39941047616759     
   312.53463316459283     
   307.53229121409788     
   302.53804901445437     
   296.79628675102742     
   292.76875981899769     
   288.00355080595057     
   283.32605160027180     
   279.36221113436716     
   275.95282865534841     
   271.50212816032177     
   269.45705853219908     
   266.16407313849606     
   263.37365629708569     
   261.48186883341145     
   259.17346406071022     
   257.09798391503671     
   253.88400706291060     
   251.51756705831716     
   249.18103168998363     
   243.48431101455733     
   229.15062673679611     
   211.47960695765232     
   194.89376319513536     
   180.14313763807473     
   166.12943370157768     
   154.20475610727834     
   144.72512820102196     
   136.19460110992912     
   128.00193565243038     
   121.66659617150066     
   114.66634628865630     
   109.22123929282435     
   104.72231793468880     
   100.96390839972449     
   97.348842573499965     
   93.327457616126111     
   90.507876209488870     
   87.369263572418959     
   84.218800741276098     
   81.513888754447152     
   78.428021235176544     
   75.643146946937762     
   73.861160615005772     
   72.644399170596344     
   70.565268707535637     
   67.995612729357248     
   66.193115141050157     
   63.548818034253131     
   62.648245176616818     
   59.927695118041115     
   58.409389688690858     
   56.062369270862028     
   52.825091272350811     
   938.90897786080211     
   917.96906523236316     
   899.01032939269874     
   875.42091095286924     
   853.50157757732404     
   831.08968108448062     
   810.08401397872763     
   791.94086000576397     
   773.77602739632721     
   754.65285496852880     
   737.01035056151659     
   721.12865815043983     
   701.47188673764526     
   684.04981787950032     
   667.91617464772503     
   651.30818218156605     
   636.88702924970153     
   622.34439728796610     
   609.72505394169252     
   597.36502377378702     
   582.72501533055947     
   568.67760535657669     
   554.95954960432152     
   543.06222677790981     
   529.28967472223098     
   517.00003558469905     
   503.90260169699678     
   491.29295932306377     
   479.01805340976875     
   467.73204318503838     
   456.80847577062843     
   445.05182409652917     
   433.49139723283849     
   422.96946172118305     
   413.52332323897002     
   404.59174421206387     
   395.89248440639898     
   386.99845313622126     
   377.65656735682933     
   369.67356070232034     
   361.86630207930671     
   353.78291512658762     
   347.05653784093573     
   340.15722662920734     
   333.42468662660593     
   327.05733049577265     
   321.33957782036276     
   316.02658542889486     
   310.16700195248063     
   305.11082336797341     
   299.36240706909990     
   294.31489472082376     
   289.14627961713211     
   284.25255430747762     
   280.04490029807152     
   276.21483322732286     
   272.52891284380780     
   269.13952054484071     
   265.45057413855437     
   263.25001563148049     
   261.34104716326237     
   259.73177149652315     
   258.22846790427712     
   254.96461023577530     
   252.68312648717796     
   251.48766943907853     
   247.58103823687503     
   230.06409370359756     
   210.26042188634756     
   192.18564885213914     
   177.23802260013244     
   163.37369663825575     
   152.52007222749580     
   141.13057352586924     
   132.27392981770515     
   124.42665519128198     
   117.64293003277409     
   112.51524368342942     
   106.38196596831457     
   101.77613902151261     
   99.805697936225712     
   95.582789060636713     
   91.289398190277851     
   88.071130824449980     
   85.572470051459675     
   81.309139755730712     
   79.252607535625941     
   77.598488266415828     
   74.744778774565205     
   73.122669779785610     
   70.767594332005103     
   69.409953107877598     
   66.960771938032195     
   64.459649186327724     
   62.156754754174422     
   60.119163400497968     
   57.394151576958066     
   56.342684221220260     
   53.668788580772414     
   51.803782970773071     
   947.36177625103574     
   922.97092730391444     
   897.88655965761996     
   876.18381719525905     
   854.58806437790940     
   834.13636475416843     
   816.13937377283105     
   795.98941864289611     
   774.79249993725512     
   755.28301772016459     
   738.08957432906425     
   721.41031689889007     
   707.09165520115334     
   690.89696997521196     
   674.48235360320075     
   658.24096038746120     
   641.74659055873826     
   625.84193247584301     
   609.41378582865582     
   593.95840759001658     
   581.34043883076356     
   567.83348430481215     
   554.12675791567540     
   541.27943051525381     
   529.41802940761795     
   517.70182122695769     
   505.49828461188378     
   492.80357495265116     
   480.99103652584046     
   468.95021204456935     
   457.93801626654204     
   447.68584109270608     
   437.10311335897057     
   427.06958586177780     
   417.35429966511902     
   407.21259287946702     
   398.05675677177356     
   389.96778436626465     
   381.16876089217283     
   371.99359588288394     
   363.35142183559572     
   356.23767134001065     
   348.68349012814440     
   342.43279356718961     
   334.65736113400681     
   326.73092764478071     
   320.09796779399585     
   313.74172134052185     
   308.25957200777526     
   303.64812810318938     
   297.99976793148556     
   293.23925164584807     
   289.35144314621533     
   283.90027255332080     
   280.40895466275123     
   276.79115865638437     
   273.65294074155548     
   269.71192289135047     
   267.63147060578723     
   265.08476203893099     
   262.90947196636876     
   261.58489061430294     
   260.13938965973563     
   257.86449925220433     
   256.41869627032497     
   255.25166841916752     
   253.28323477118866     
   232.93275599067206     
   211.44756001897298     
   191.61353360033675     
   175.73477821746923     
   161.43193115736352     
   150.44836439908153     
   139.93598847589431     
   130.24856628940182     
   122.35984239320115     
   116.66301323327556     
   110.62099298524805     
   104.68487221576454     
   100.46005093611856     
   98.346635262576257     
   93.480309307050703     
   89.593622173894389     
   86.871819279713520     
   83.852127649348830     
   80.022154091802264     
   77.100503825313382     
   75.330836916788172     
   73.415665899202253     
   70.794799080292734     
   69.656875175809134     
   67.408784577039896     
   65.782600936768532     
   62.850440375457083     
   60.799389810574205     
   59.007745454146473     
   57.580427463723403     
   55.316185746149593     
   52.759463892415198     
   50.153255932807376     
   946.70640737701683     
   922.14540326491351     
   898.08795147813544     
   876.28156700742443     
   854.00012660941093     
   835.33096551478275     
   815.68274970768573     
   794.80217606328290     
   776.38027809955213     
   759.54425897377382     
   739.90095754520257     
   721.25867603379800     
   703.59618718563490     
   689.15624967109375     
   673.90788573677094     
   659.58253605369111     
   643.81424924836449     
   628.33173176244497     
   613.49597246679423     
   599.18672559333675     
   583.73682590789792     
   568.92022757524865     
   555.60070939760317     
   542.38143353800581     
   529.87986819368052     
   516.77202822202867     
   504.18129012132232     
   493.17050021318687     
   482.39909989652790     
   471.87618090622755     
   460.10069046879056     
   450.05797370535385     
   439.45233679027166     
   428.26774465929736     
   416.96461739825787     
   407.61010237774980     
   397.88756701158974     
   388.41657327768951     
   379.73385589880303     
   371.60656421878605     
   363.15168408310336     
   355.96308591137432     
   348.65946125462972     
   342.00355610163990     
   335.36203975111528     
   329.33974891456484     
   322.59204566325798     
   316.94692015826195     
   311.25573345611042     
   306.06574264484226     
   301.09589653200089     
   295.81655027200975     
   291.64909279105581     
   287.05953292636167     
   282.41822871415900     
   278.74494588997425     
   275.05743156161179     
   271.52730333733876     
   269.27082379675505     
   266.78071679590334     
   264.72100408031991     
   263.14873290034882     
   261.41791293492577     
   261.15261072791191     
   260.28106860950948     
   259.39059093227553     
   258.29418952561173     
   236.07375321249069     
   212.60808730249039     
   193.01512019319492     
   176.46937172856289     
   161.76610112199307     
   150.77730311844400     
   139.76308261417913     
   130.26900411730392     
   121.53915272962230     
   115.56628818265125     
   109.07266002048337     
   104.21909075054643     
   99.422722051463012     
   97.129101582990771     
   92.427085779345987     
   88.394553408652826     
   84.841034450497432     
   83.212848269097634     
   79.173409607356717     
   76.556024948374812     
   74.470840645894185     
   71.531457258872280     
   69.494047432874709     
   67.517381555114497     
   65.927096462881664     
   64.135525998945795     
   62.034185552130438     
   59.810465996480836     
   57.676557374646563     
   56.655425507317062     
   54.613090617623655     
   51.573482846422465     
   49.439741482433597     
   946.99587555815560     
   921.04088023204918     
   898.01274347271010     
   876.73716815424041     
   859.48580199824153     
   836.44408545852457     
   812.47626390733194     
   795.82270040634910     
   777.56228391325271     
   757.26508927237319     
   740.39571659609794     
   725.06451232889845     
   706.55157513680751     
   688.64342812268046     
   671.72918567587305     
   655.03703417854115     
   641.07968369210266     
   626.82939365999312     
   611.20063469945956     
   596.92935683804353     
   583.41500593483534     
   570.04445822560069     
   557.00813457810091     
   543.27526925002655     
   530.01859832891193     
   518.00071895403016     
   506.08426855155051     
   494.05509977799386     
   480.97561743198020     
   469.36031192440669     
   457.81668460617902     
   446.59635464501525     
   436.34472856092083     
   427.49589445881702     
   418.24578105352185     
   409.30203053174353     
   399.97931102414736     
   391.83925375225937     
   383.36430668812210     
   374.47029645290866     
   367.02777106004066     
   359.23585623091344     
   351.85790154438826     
   344.46833061260969     
   337.47266569130556     
   330.87874623901422     
   324.54435431271213     
   317.97328875774826     
   312.34346193977456     
   306.85724913807735     
   301.12898769411277     
   295.40765704187004     
   290.87106418198192     
   286.18504090245716     
   281.53399932828739     
   277.68799119791026     
   275.27988250355281     
   271.31423757678533     
   268.40889235860772     
   266.58558679291582     
   264.88119735458224     
   263.44097678575179     
   262.61266616302771     
   261.39727557673405     
   260.65631185921910     
   262.09162922260941     
   262.60685066720657     
   239.92310951758066     
   214.99420044400574     
   194.53477815702851     
   177.00453365158489     
   162.76696728830200     
   150.86099284178826     
   139.94265323267996     
   130.06960719141307     
   121.22653291311320     
   114.44911276566494     
   107.35120742019157     
   103.49977928332004     
   99.507772812769502     
   95.797708121059230     
   91.942165224337558     
   87.315462265949719     
   83.412261403161864     
   81.711850383118744     
   77.906260643814079     
   75.641939006746043     
   72.676333907415597     
   70.861867181266859     
   69.501195156233962     
   66.228039581754189     
   64.643853393763365     
   63.223427926107007     
   61.600113757069181     
   59.240670981513347     
   56.491649462039632     
   55.275943992776185     
   53.481717029931104     
   50.602780544925821     
   48.481640183579529     
   949.54822992378217     
   925.86650765310947     
   904.75384444310077     
   880.69126528829668     
   855.12605801752591     
   834.50921992776966     
   819.67079339794782     
   799.25647289303333     
   779.69242281458003     
   763.39007130715390     
   744.67789134529357     
   723.59867526758308     
   707.56481759297401     
   690.20827370753682     
   674.30256827771746     
   658.46990510363560     
   641.80363696009022     
   626.47422961503605     
   612.58148532064172     
   599.55954190786474     
   585.95255845982274     
   571.57759541241398     
   557.39992299912728     
   543.75787677050687     
   530.61545362138372     
   517.50277986459298     
   504.97851651390056     
   492.22010729028079     
   482.81914158274958     
   472.51375071145031     
   460.89568937184112     
   451.38850154396590     
   441.12216883619180     
   430.19437255272976     
   420.18212562669771     
   410.77279662582924     
   402.16883865323712     
   393.19536753399910     
   385.16463238395806     
   376.66276005145568     
   368.70567206288138     
   360.54587373530285     
   353.46556370858605     
   345.58002702255186     
   339.05660294254005     
   331.55048114204959     
   324.95474391257994     
   318.69328962967552     
   312.50216750925358     
   306.72356362001460     
   300.79000590369958     
   295.54478435005717     
   291.82371303390568     
   287.54278055965858     
   283.11673343658799     
   279.54869960084460     
   276.05008250638537     
   272.22247486582432     
   269.50410905752301     
   267.59101318918380     
   265.83752318358398     
   265.10670421424447     
   264.09740668132127     
   263.07075865859696     
   263.94088261579446     
   265.79988624682608     
   267.50187746615939     
   243.08537179451741     
   218.10251974215169     
   196.43154074203738     
   178.07858433942988     
   164.30795873203562     
   151.18284866217363     
   140.62740898874026     
   129.97933199102334     
   121.33096398966698     
   113.63053618137612     
   107.81364201447286     
   103.35814045105380     
   98.632067905305632     
   94.714935140541996     
   91.008940216355541     
   86.672710658349303     
   83.032376857529172     
   80.355398284621728     
   77.213267688155952     
   74.295939807231122     
   72.561245383128451     
   69.881176015608418     
   67.868533044148208     
   65.906238741163747     
   63.387597495974028     
   61.453816881289839     
   60.340268763508448     
   57.943838207771066     
   55.711121246783904     
   54.092404453344606     
   52.789256167168276     
   49.993118715938124     
   47.217302934865501     
   951.77829588307452     
   930.23041248104130     
   903.95804225719223     
   879.55360088508098     
   860.05401361991187     
   839.93541219264432     
   815.46843266604526     
   797.22565796374670     
   781.00548185747596     
   760.88531077977677     
   743.00332757159833     
   726.63307425450216     
   708.39559615641690     
   691.81403855274448     
   673.18055792367647     
   656.91354428330203     
   642.21525622724391     
   627.73630057445916     
   612.96871500644784     
   598.90499076883475     
   584.94804641349720     
   570.61840211089543     
   556.10606170365179     
   543.25022067757448     
   531.31241928750478     
   519.61239357872705     
   507.66560587026521     
   497.00156459787485     
   485.02352270144308     
   474.63687192027965     
   463.81438385410632     
   451.41793386118343     
   439.91484802587394     
   430.30803903515408     
   421.04670023782546     
   412.25030431821324     
   401.95406542741222     
   392.23091834726307     
   383.02276517743149     
   375.22657663701295     
   367.04257504530136     
   359.56638292999349     
   352.02392522802938     
   345.15798782230735     
   336.98047858833399     
   331.00815926667326     
   324.35259501372855     
   318.15967409348616     
   312.02810742795413     
   307.59532168761416     
   302.50981315927493     
   297.27033060281417     
   292.69737096244307     
   288.09575249520617     
   283.81253419514121     
   279.38988937170672     
   276.86809544776935     
   273.09689063482136     
   270.51625751540718     
   268.27596520141049     
   266.90278922473277     
   266.01503290687100     
   265.28230659939237     
   264.80551572279137     
   265.68412245520051     
   268.47123971549735     
   272.14828275991448     
   246.96979035021891     
   220.78704961547800     
   198.79591232831447     
   180.40077171208486     
   165.79541645382838     
   153.48342764301830     
   141.05249638347490     
   130.37729957033801     
   121.10618588019625     
   113.90175616647618     
   108.44095739974480     
   102.64968513329845     
   98.315433765129484     
   93.225748078195124     
   90.300017855352820     
   86.650741975772547     
   83.359654980243917     
   80.263865572452772     
   76.834291693548749     
   73.627502725377241     
   71.647512582050012     
   68.893568526931105     
   67.802602346993226     
   64.862624162252359     
   62.121729783632397     
   60.378738779849904     
   59.027996505336219     
   57.898393008209780     
   55.079496689696960     
   52.813264189223489     
   51.800559823628589     
   49.619674006091330     
   46.657110479184809     
   950.20320305985456     
   926.96910567520808     
   906.27043888010246     
   885.92303331931782     
   863.48400276835059     
   840.76975647035238     
   823.62299667518619     
   803.39150180815795     
   781.38503536261032     
   763.89809772028673     
   745.82450687598043     
   727.15437547170268     
   709.55039451637788     
   692.12075362098744     
   676.05322287969011     
   659.96882322294618     
   643.61103600599563     
   629.06964824928127     
   613.18417415924432     
   597.36507663820760     
   582.68260390847229     
   570.08278221887156     
   558.25596760485098     
   545.52809231839865     
   532.31115345377225     
   519.89288360925457     
   507.49603004988910     
   495.17920546779845     
   483.86797410990908     
   471.12167631485556     
   459.90444539098644     
   449.24282992474735     
   439.14044906309090     
   429.60859723142732     
   419.26062718279462     
   410.32143783940921     
   401.52471711964427     
   392.59362112134153     
   383.24874113127572     
   375.00090543277668     
   367.67187437939322     
   360.69791104483795     
   353.08980841651453     
   346.30089732402200     
   338.81609113158004     
   331.41020860590322     
   324.85318761825687     
   318.97255515501371     
   312.79782447138086     
   306.92873355966640     
   301.57256614611123     
   297.44987685768933     
   293.19685594908617     
   288.99639685802350     
   284.49199383771042     
   281.12274328937241     
   277.36742987721027     
   273.83388838007204     
   270.86984173164171     
   268.85957361104852     
   267.47719040848563     
   266.37635102720350     
   265.94078951259115     
   266.06466535489494     
   267.01389260220839     
   269.88514376053502     
   276.35955427604426     
   250.32145313607532     
   222.83347745680561     
   201.57295617494140     
   182.74295123299174     
   167.23276796698372     
   153.85630513029952     
   141.69810033144392     
   130.99661859648330     
   122.04444569788876     
   114.14976233637123     
   108.22351188161389     
   102.53010966396846     
   97.492938988980114     
   93.531824797527548     
   89.392625911552301     
   85.678807074616685     
   82.550377056394154     
   79.225823766734450     
   76.431689212616675     
   73.840592385386458     
   71.240682021704089     
   68.805392974737856     
   66.660903689078168     
   64.577649128493704     
   61.719760121241265     
   59.944101715929357     
   58.377050476171959     
   56.816339794317770     
   54.630780730814607     
   52.075454195557072     
   50.119522760555768     
   47.967941054006843     
   45.588152015145290     
   956.95733007933302     
   930.16557091535583     
   906.43992884719069     
   884.69932222588488     
   862.87622543424004     
   843.82145298317664     
   820.57965923068059     
   799.42565790401841     
   780.60052688772817     
   760.89928598030860     
   741.86987964690911     
   724.59944838795434     
   708.12171478862615     
   693.64032728392533     
   679.32115420268565     
   662.25874075075967     
   644.66499499609540     
   625.61897574812429     
   609.83449010978859     
   595.95335241249279     
   583.18864333072213     
   569.26845421601683     
   555.06623416800846     
   541.81138925504229     
   529.78293136563741     
   517.39211976669458     
   505.68228959447254     
   493.71663069733273     
   480.99122112970775     
   470.63244859412413     
   461.23393711495004     
   451.37768933557345     
   440.66472159029735     
   429.55212945912200     
   420.02336664961291     
   411.35536167398129     
   401.50654663979549     
   393.88917636516976     
   384.49045277260825     
   375.39962190025483     
   366.62322102391067     
   359.01638653355650     
   351.04649121690630     
   345.53259164746999     
   337.93421671183773     
   330.78001574699937     
   324.67198256903532     
   319.22300344339965     
   312.84851074051727     
   307.12397640421187     
   301.77410496702146     
   297.39597777490985     
   292.89659437607997     
   288.02721845008449     
   283.82712942149067     
   280.27560976989537     
   277.16297922727006     
   273.99291681499716     
   271.84138223829319     
   269.29802290895168     
   268.13308699377865     
   267.40471838910719     
   267.13522455408349     
   267.55242951961083     
   268.44739649286987     
   271.77831749735577     
   279.39016640124692     
   253.04372930459033     
   226.62026684599718     
   204.68584444807269     
   185.91179293383132     
   169.24980992577900     
   154.61970274916408     
   142.46330219609234     
   132.79620295891351     
   122.15813694394382     
   113.56152396603142     
   107.85969309767636     
   103.14212793692018     
   98.089648681724981     
   93.816043263125266     
   89.177065388706126     
   86.188907523526808     
   81.624561107268221     
   78.446167982666609     
   76.132696582683693     
   73.023757977069636     
   70.303029514724273     
   68.383885938579709     
   66.125585222261364     
   63.339495005275452     
   61.207252110716496     
   60.211459559750082     
   58.099166138479816     
   55.038242543979386     
   54.228870143716058     
   51.533612085637337     
   49.391746543617870     
   47.158619720483699     
   44.543879168200498     
   951.91854799945907     
   931.44407584070109     
   910.63727970190257     
   887.83253371889805     
   867.85792482436989     
   844.27924013028087     
   822.01471784003979     
   802.92149008557249     
   781.61756302824131     
   761.68892259998279     
   744.58102647348278     
   727.08059964959011     
   711.45701373613520     
   692.37858994774217     
   674.39548812932435     
   657.27838145336932     
   643.98288164005339     
   630.06063130523160     
   615.47486244808329     
   601.02038637743851     
   584.40872118526147     
   569.66797553368156     
   555.56041410313310     
   541.56969194101544     
   527.68791267468532     
   514.16531577854437     
   503.04032575752058     
   492.95207331775015     
   481.64113932214775     
   471.25191714917827     
   460.65959387074213     
   450.01787825884537     
   439.64182188971256     
   430.16026332921848     
   420.06119606345078     
   409.48966374647711     
   400.81254506840850     
   391.88771065563435     
   383.53616527915239     
   375.06277009718389     
   367.27065931259477     
   358.79434510270710     
   351.05542940739616     
   344.15645687152096     
   337.23956018618571     
   331.13250607684739     
   324.93991082366176     
   318.51306394134855     
   313.06109481882476     
   308.13870577347643     
   302.53122506780630     
   297.92054420516706     
   292.75547479195308     
   287.83967184449818     
   284.23287456297936     
   281.19436049209321     
   277.22690364920328     
   273.69567444775350     
   270.91927373608678     
   269.77558791899219     
   267.88005487991910     
   268.14409786882220     
   267.45052727319791     
   268.71012003279543     
   270.22078537343077     
   273.36504267903422     
   282.28079059611798     
   255.70328337785926     
   230.16707228239687     
   208.14775208788484     
   188.34591917507356     
   171.77812447853586     
   156.27968051946661     
   143.26679287969466     
   132.77694433852832     
   123.17349019306020     
   114.12997401013699     
   107.88179320083344     
   103.08880015889386     
   98.080825475917806     
   93.780422619154223     
   89.010748940164476     
   85.127467221854815     
   81.282728815972419     
   77.900346975136287     
   75.639547790006134     
   73.355193979105195     
   69.535192504435969     
   66.899735887501052     
   65.374319547156887     
   63.435779346953886     
   61.344593619702138     
   58.983024156792034     
   57.118293820979716     
   54.371996070089978     
   53.146456178517781     
   51.026640884587081     
   49.067021608307435     
   47.070714294412277     
   44.022584159570791     
   958.46549266553916     
   934.31295035079165     
   909.66482050098534     
   889.07908137959998     
   865.82543855056406     
   845.74100460755119     
   826.57420925090207     
   804.82026667466732     
   786.04122444497591     
   766.94062939278626     
   747.75571115531261     
   730.15099018969886     
   707.62745947600956     
   689.18451899155525     
   673.21061009063089     
   658.19004399793971     
   642.85374517733965     
   629.44694202346261     
   615.25485054443811     
   599.21580034439307     
   584.67928828777838     
   570.19012218878777     
   556.53062098877388     
   544.58334851646509     
   531.82509608495593     
   520.46063201435425     
   507.34303576216712     
   494.01997337589148     
   481.43743560860599     
   469.90244050192837     
   458.38026771082502     
   447.46028279346422     
   437.44392153075341     
   427.06099445663438     
   417.35834011443910     
   409.64718578220334     
   400.44454621232046     
   391.43790519235881     
   383.07875563148792     
   375.55174451407589     
   367.43049498379276     
   360.23628219974415     
   352.20884878140703     
   345.25371796236664     
   338.24456029216287     
   331.55545836213571     
   324.99465204688096     
   318.76106193297710     
   313.02455545878877     
   308.19303723396223     
   302.87142376010479     
   297.61381550741845     
   293.34697194287298     
   289.05885351231706     
   285.06842884326039     
   281.49745105803771     
   277.33887622773381     
   274.24113221452365     
   272.05445286826637     
   270.61289567065603     
   267.93956239509049     
   267.82607120071361     
   268.32762817497724     
   268.67994908893286     
   271.34093016842394     
   274.47481693955314     
   283.72201446498212     
   258.19622917185967     
   232.22968156162563     
   211.00288536160969     
   191.70890347055177     
   172.95319654849698     
   158.12982926183810     
   145.13979006007420     
   133.35342232134064     
   124.48787877636838     
   113.65445743548099     
   109.16669300634760     
   102.81817651099141     
   97.470913669032427     
   92.974216150755836     
   88.377285278159349     
   85.126830860729498     
   80.688225352886320     
   77.598417007554303     
   74.744911689368010     
   72.539411675209777     
   69.323454990058693     
   66.616872631906404     
   64.944276421732994     
   62.324848295516141     
   60.196759649518064     
   57.883909165131634     
   57.118177939936032     
   55.080324797143390     
   52.648634634299256     
   50.399973730179610     
   47.939137702557019     
   45.426118654451585     
   43.302537744533964     
   955.14633175217273     
   932.68829841095601     
   910.11269098599780     
   887.66576757219389     
   866.26624433751954     
   843.72140576913512     
   823.01332227512626     
   804.49052776747601     
   786.00897228052099     
   767.61463293020302     
   746.54949049045672     
   727.57224655162122     
   711.65621676514024     
   695.33263618869842     
   678.15073170945016     
   663.17253473314770     
   645.12179985673311     
   627.27208009102787     
   611.40642078755104     
   598.81684460454062     
   585.81631180192562     
   573.62918045811250     
   561.05073307970019     
   546.66270573518000     
   532.30803700035085     
   518.74968293120298     
   506.26821731151887     
   493.05005940641223     
   482.45391800355515     
   470.80099194584562     
   460.25719663280881     
   448.95415078233640     
   439.03224004444871     
   429.69438517492256     
   420.40135626767585     
   409.86241091942566     
   400.42253456559541     
   390.98506461949955     
   382.68056716912008     
   373.54838226913216     
   364.90354820837075     
   357.44722620599657     
   349.64622592750976     
   342.10200822689586     
   336.01370979003264     
   329.63855508977701     
   324.07637489744621     
   318.04454749307905     
   312.53271496873742     
   307.07766617014749     
   302.20486269798573     
   296.75984948010733     
   292.52378262358030     
   288.52829219895432     
   284.65681814473800     
   280.88297228200059     
   277.66274096757604     
   274.63216471112952     
   272.06114069473131     
   270.09327431936549     
   269.29805792329887     
   268.38501547807647     
   269.01716335384111     
   269.59582614326007     
   272.46271985163071     
   275.67666566345764     
   285.42784314742619     
   260.69476414621556     
   235.00056401059075     
   212.63664698590895     
   193.47506430253139     
   176.32223126233924     
   159.63922913642799     
   146.98918791013276     
   134.35502894521900     
   124.75492707025806     
   115.86020981053653     
   110.56161806577728     
   102.27665374258179     
   96.594671182164859     
   92.397940105110976     
   87.583102122917779     
   84.168805011720167     
   80.139332876206865     
   77.318930682700724     
   74.990673863938525     
   71.520445853833152     
   69.019312174709569     
   66.756461833974868     
   64.311190292779912     
   62.166258492737342     
   60.453682582046341     
   56.805867199923057     
   56.286477103722355     
   54.759987289964663     
   51.572036216035805     
   48.810085147755579     
   47.334535747003272     
   44.786296663581126     
   41.838310105175076     
   960.74658746580349     
   935.98489461953943     
   912.90600251295177     
   886.38524764853014     
   863.42452227002786     
   844.22593145543419     
   824.09594613731190     
   804.59966772877215     
   784.95536683736702     
   762.60766379936194     
   745.04604125640515     
   726.76152199551404     
   709.69892009670230     
   694.28284165813409     
   677.23309599161553     
   659.72354602752876     
   644.90055476268492     
   630.44178944192925     
   615.92245297449858     
   601.02250137816293     
   586.05922223408925     
   571.43107123738628     
   558.05729531625821     
   545.20999110079583     
   532.44559682102044     
   519.76263239085290     
   507.38959708524141     
   495.73072590516733     
   483.55120810840549     
   472.90028863538720     
   462.82367089638512     
   451.26597869466730     
   440.73677088710332     
   430.36243976317394     
   419.90215506810279     
   409.84925646527893     
   401.42727755582496     
   392.92882279093556     
   384.06600707209157     
   375.84030824152364     
   368.53198183916271     
   360.67294362884979     
   352.88810807421470     
   346.22271021835689     
   338.94393750393624     
   332.04744470365949     
   325.87169727170624     
   320.00061183209385     
   313.74926666720205     
   307.92357532421994     
   302.48427997656495     
   297.53362471495092     
   293.11139017991707     
   288.87461006908933     
   285.09853291067401     
   280.77555022409712     
   278.07223282417829     
   274.81736244898673     
   272.48202226374019     
   270.63170315278910     
   269.28032363415406     
   269.24224522336755     
   269.16470896022719     
   270.20622716538742     
   273.47397468278007     
   276.41215436163083     
   286.72011213347042     
   262.50846902310161     
   237.79324289779152     
   215.12124312863244     
   194.67610694265929     
   176.88910664985517     
   161.07199966221248     
   147.76750194384221     
   136.26747708945319     
   125.82068731770931     
   116.28611172059780     
   111.15809395050400     
   102.91674138146291     
   96.626852829322885     
   91.081720095154139     
   87.451515308599866     
   84.299307976697037     
   79.824004068870579     
   77.882959788372574     
   74.144871140315132     
   71.365557891551560     
   68.872889420559076     
   66.209601817129595     
   63.769429042448571     
   61.864225279373606     
   59.940449757882206     
   56.989023190783570     
   55.616214218608889     
   53.492038223194527     
   51.900779063744935     
   49.646738573335846     
   47.533630635451296     
   44.661491220307475     
   41.952474781298903     
   960.40235289507450     
   935.88793956809150     
   907.89944008973373     
   887.73611022077671     
   865.25751711482360     
   842.73155488896805     
   822.60417948726945     
   802.84003526345691     
   783.51914191622859     
   766.30251546290674     
   748.69468148492376     
   731.52991684706603     
   713.21141528255748     
   692.75282482413616     
   678.03331681301461     
   663.82290408696178     
   648.62685663253774     
   634.11527187801050     
   618.97378852988265     
   602.54579559562171     
   587.28037196629919     
   573.11942024756581     
   558.42013677439024     
   545.36075571103981     
   531.15979330422238     
   519.15222616784581     
   508.10583757058032     
   496.83562571133336     
   485.63936642908061     
   474.13954570794533     
   462.54716263143996     
   451.81335786827987     
   441.16874466998689     
   430.62353384461295     
   420.40716101269345     
   411.36702520480344     
   401.42081343025274     
   392.83317821332258     
   385.22883246266406     
   377.12959950462607     
   368.19426504331659     
   360.28534287848663     
   352.94868236606135     
   345.23487612404961     
   337.91902699077809     
   332.14681664403361     
   325.31946546456493     
   318.61672033578935     
   314.00478608649598     
   308.56247276474755     
   303.40423039849367     
   297.90013636596524     
   292.94157352945501     
   289.02096885224785     
   285.38970362539055     
   282.93553090036420     
   279.31769983947510     
   276.44246040618646     
   273.37725810538313     
   271.20338477378698     
   270.23456399936924     
   269.24511542324336     
   269.09243999601392     
   270.81878251672543     
   273.58412560889406     
   276.74240911397374     
   287.91118660106025     
   264.25598082577915     
   239.25314058304991     
   217.00007188178822     
   196.49079394233581     
   177.85936866009064     
   163.22949645328666     
   148.38687513898213     
   136.79442761172294     
   127.34468692095601     
   116.92606624740463     
   110.76172636358883     
   102.39596792036622     
   96.513010187383827     
   90.251416953660836     
   87.231918354057470     
   84.532989464876437     
   79.353611112356987     
   76.836033218621751     
   74.154920397391734     
   70.538050459794434     
   68.058904507287792     
   65.497859695830897     
   63.475578752995204     
   60.561295657246120     
   59.941034665992241     
   57.417235136443260     
   55.455218980876651     
   53.401503185260502     
   51.284459905080496     
   49.374200548826124     
   47.094235123456201     
   44.133357733487173     
   41.193897672358588     
   959.07105075595450     
   929.84579885928906     
   911.39720750690458     
   888.74039022252509     
   866.87264983670423     
   847.94447926638418     
   825.61788476188212     
   803.02132275367183     
   783.40270120625064     
   765.67888714129379     
   749.02943128707761     
   730.96780042022215     
   714.03159837988051     
   697.96366039013606     
   679.95602654306367     
   663.21461518567014     
   646.69392240041134     
   630.04329770958122     
   614.50790139928051     
   601.55830427422461     
   586.75757508595234     
   572.57487182531895     
   560.29561604579192     
   547.05624990052843     
   535.91045139843561     
   523.89726389158250     
   511.51308878442279     
   499.29451333533791     
   486.38326342106512     
   473.99082201819715     
   463.18559444111042     
   452.92422217543458     
   442.42998656885607     
   432.94507750072296     
   422.90532224058364     
   412.87572533350220     
   403.91496529101073     
   395.00991571480427     
   384.91943772457171     
   377.03563155257677     
   368.31968366769451     
   361.08137172046605     
   353.27447358462837     
   345.62818879245856     
   338.93100435264546     
   332.73569177368967     
   326.05801111671758     
   320.44886840617664     
   314.57409777968923     
   308.95675901396737     
   303.41369527203375     
   298.21667965767665     
   292.54075505262659     
   288.62047533498145     
   284.64431780485779     
   282.00540994411330     
   278.37206058800331     
   276.23605232871967     
   272.52339635642210     
   271.34346380597157     
   270.30367571848745     
   269.21852016836635     
   269.08691464906781     
   271.50151710326395     
   273.96299007356998     
   276.81634818011781     
   289.18367831324304     
   265.08041836155320     
   241.30894961054591     
   218.90804638216724     
   197.31823649483866     
   178.43908468040226     
   163.74274934857539     
   149.90206781638162     
   137.08945393900700     
   127.42811622993545     
   117.02863088033254     
   109.87459293109222     
   101.63696261424138     
   95.691647028651900     
   91.672919979861263     
   87.597173247469172     
   84.783511996728379     
   80.256771110854444     
   76.983956903818097     
   72.873207286404522     
   69.989168912851298     
   67.981485808598194     
   65.183736504373897     
   62.893657134764567     
   61.338864804807002     
   59.608072179334947     
   57.280600613787094     
   55.999537482839187     
   53.596277524366720     
   51.457370017872378     
   49.325812756534660     
   47.308519915831205     
   43.759619626811933     
   41.534609719346065     
   958.53545094986907     
   936.97118099815111     
   912.78517002014155     
   891.35079603315194     
   869.87317213040262     
   845.24727101619578     
   822.67054050569902     
   802.83241337315894     
   784.38365079668392     
   767.67386071917690     
   748.54173063995881     
   730.69659365752045     
   713.80443335861855     
   698.68168017704011     
   681.71785873887654     
   663.58951301446723     
   646.66073733336509     
   630.51199911018716     
   614.94523930053060     
   601.17448767750318     
   588.48387883043733     
   576.45500102164851     
   562.45666909503461     
   549.36315520777305     
   536.06549598802542     
   522.35129896004594     
   508.60664758015639     
   497.07706623821633     
   485.78606851104564     
   474.93371462322773     
   462.99290737889680     
   452.63214709524323     
   441.79597071677273     
   430.66221545394046     
   421.75084056942762     
   410.95524727152383     
   401.50471139519362     
   392.86413791406420     
   384.30621610692629     
   376.48830395932407     
   368.04303203936854     
   360.47136683646687     
   352.80907011350990     
   345.66670910678351     
   338.03203862293901     
   330.23382387921305     
   324.83039562283147     
   319.06146997382348     
   313.59960997242945     
   307.31883191606175     
   302.44625240357209     
   297.66744239092588     
   293.38976031234040     
   288.76734944569193     
   285.66192926498354     
   282.23639858611074     
   279.41942068462993     
   275.70934335187843     
   274.02041262384398     
   272.15557998068078     
   270.20848064216523     
   269.46636488083146     
   269.57675711282997     
   271.74882485368408     
   274.39913418213712     
   277.10106982145629     
   289.43862790252149     
   265.90133564786731     
   242.84377429985295     
   219.12268543832857     
   197.81924433355954     
   179.58676632858737     
   164.32570169956625     
   150.49687285221287     
   138.00707252335579     
   126.43514582988567     
   116.79662900918797     
   110.83829231397604     
   102.08636397819430     
   95.492572518028027     
   89.916649862879297     
   87.481765954281201     
   83.571828002740190     
   79.747510118930649     
   75.736523051698143     
   72.509316430780316     
   69.397892530234259     
   67.769578258173809     
   65.714955877894567     
   62.037636530460063     
   60.332387773708938     
   60.491273520174360     
   58.588992397018785     
   56.371533887494252     
   53.341780751435692     
   50.539418129599142     
   48.596892533465137     
   46.923824909102073     
   44.284482785117746     
   41.935165238776058     
   958.97478648002993     
   936.24933916580721     
   911.88708853709522     
   888.01787380385724     
   865.86118696623112     
   845.49824287665626     
   827.55763513198053     
   808.50857270673123     
   788.59598759683024     
   766.26780419905742     
   747.96391858462835     
   731.76057156323077     
   713.38477597788028     
   695.37458816023286     
   678.59703368324006     
   662.86694396441112     
   646.52817261171344     
   632.15899769395878     
   618.99768100219296     
   604.22626616905507     
   589.56300301089641     
   576.01162731241573     
   561.86533047045691     
   548.24052273561745     
   536.02667312543770     
   523.12783152329314     
   509.96079242681594     
   498.14319709368112     
   486.05934804692993     
   474.26887803405350     
   464.14483244230291     
   452.33882303917972     
   441.90253405220449     
   432.59617194620193     
   422.84947355640247     
   414.57322661049255     
   405.34448929340294     
   395.46593168689924     
   386.24256245744590     
   377.46330843064919     
   369.13792048967048     
   361.41340074030825     
   354.62610760350213     
   348.05186511317970     
   340.12782736700308     
   333.77750391570407     
   326.42054200593839     
   320.54488818316941     
   313.46875865893423     
   308.40441200649764     
   303.76779146354971     
   298.66425506947627     
   293.26141367826881     
   288.80291276441596     
   285.72712870372902     
   281.40457691480293     
   278.05682284515308     
   275.61689718637115     
   273.46558261801107     
   271.56718849764030     
   270.28078846219080     
   268.94549762086581     
   269.53363815286787     
   271.73745191488018     
   274.11740113154787     
   277.48241261183250     
   289.78579453632386     
   266.24983657546670     
   243.00706469524150     
   220.50623259256665     
   199.28013674399602     
   179.96732175013383     
   164.99367539456864     
   149.94213298027285     
   138.73264861636687     
   125.11272510464964     
   117.33747249442040     
   111.55145579850944     
   102.25434920282751     
   94.360719123305813     
   89.975988458158724     
   88.142545089339819     
   83.536296158820079     
   80.522187311068706     
   76.627982735399058     
   72.739735278318946     
   69.829958336700088     
   68.401370871542127     
   65.954174600623517     
   62.149895132112093     
   60.261992194450130     
   60.855941416453184     
   58.947894322088359     
   55.512045286219355     
   54.877742671383707     
   50.494557256629918     
   48.802381588210878     
   46.315352805403215     
   43.564601505147706     
   41.744879643354452     
   959.80209611065345     
   935.39359296174962     
   912.92987707008967     
   890.15609723782723     
   868.65103782896335     
   847.97623866278082     
   826.72323648596671     
   806.32710150343041     
   785.74614180625144     
   767.75695969489857     
   749.43572989640757     
   730.13816664224851     
   711.81419693912562     
   695.19506036276857     
   679.10696081216736     
   663.39582474502515     
   650.04095047861711     
   633.48718032061561     
   618.00126174488992     
   602.38288875485648     
   587.83924312155693     
   572.17300734122932     
   558.66673207340170     
   545.32783609258024     
   531.34066287118833     
   519.32459276646762     
   508.10603369861678     
   496.52175254740433     
   484.60572534639437     
   473.66936711429156     
   462.35837721679275     
   452.19057548505521     
   441.90634712791405     
   431.05852412977856     
   421.50968535757079     
   411.82313306968388     
   402.58226027066854     
   394.15494575068425     
   384.80777439179212     
   377.22994534370662     
   368.73719649529198     
   361.37161164638826     
   353.92250087886310     
   346.92403259316023     
   340.22083175423620     
   332.83069038627946     
   327.11522803426010     
   320.83958612174092     
   315.37598290500449     
   309.61144294216854     
   305.13397163472229     
   298.93598483234655     
   293.62398621950018     
   289.82615561978685     
   285.95265385385648     
   283.16321434618442     
   279.34378713792751     
   276.65964011607167     
   273.75383824018763     
   272.31641620459789     
   271.06032556686500     
   270.72378649597232     
   270.24635700172377     
   271.74919351865958     
   274.41654772330764     
   278.07313394807119     
   290.58849474437295     
   266.54432880484336     
   243.84649326753743     
   221.30523835274929     
   197.62570858547178     
   181.06463087492955     
   165.07841797834894     
   149.58529368097260     
   138.67319185461503     
   124.76060336248234     
   117.25739005070585     
   112.48420155358323     
   102.23825047446061     
   93.685765979002539     
   90.222308789728785     
   88.900428667950848     
   82.920526004328707     
   80.305687295386704     
   77.325617972230063     
   73.386851251520824     
   69.613640358946881     
   69.164606524028656     
   65.283782404707722     
   62.245011502410108     
   61.887413003398578     
   60.018551609933226     
   58.735669849760988     
   55.566535312004653     
   54.031694034192803     
   49.847798532975872     
   48.488831726682129     
   45.390857038679776     
   43.463726908822665     
   41.933382108817185     
