           1
        3200
           1
   985.82786795768925     
   931.94230515582501     
   890.68751855205358     
   860.67253057300752     
   837.67300660289743     
   815.22301963550035     
   791.13452068180936     
   770.86796161405186     
   752.69181044011270     
   734.19603822789804     
   715.94579502836859     
   698.21912597067853     
   680.44361854819567     
   664.80037886359105     
   649.41410244446899     
   633.45032506243899     
   617.44530832952535     
   601.55918563679700     
   586.71928876000345     
   572.44196829666703     
   559.48784080365272     
   545.62448105044086     
   530.98160644826953     
   517.43881412479516     
   504.90440671319948     
   492.54956212952072     
   479.42966856508633     
   467.05520587576245     
   456.20332501419017     
   445.06309975872392     
   433.07698732710600     
   422.96808780300410     
   412.15253653823322     
   401.38709428815497     
   390.97432691461194     
   380.41169340484163     
   370.52458683229531     
   360.93300115845693     
   351.26569862098933     
   342.13097958502760     
   333.03373079717392     
   324.12415518564239     
   316.40990911069088     
   308.94541391631770     
   301.65021202879410     
   294.27070168571561     
   287.73327018902120     
   281.33626664823225     
   274.46283827026355     
   267.91830812719320     
   261.46701005133667     
   255.23290577603478     
   249.46012919435915     
   244.13407732313243     
   238.82821649544957     
   233.46750558652832     
   228.32854058430550     
   223.26813371671159     
   218.40416643180265     
   213.68697976996270     
   209.02250219586864     
   204.38338794743839     
   200.13341146038209     
   195.84639262843922     
   191.78653818099619     
   187.88159869309550     
   184.27900350786979     
   180.42314579700900     
   176.95977135328778     
   173.45601108231745     
   170.00140236495039     
   166.50992388116367     
   163.19289501050525     
   159.88244404027120     
   156.71479913098179     
   153.68846392290095     
   150.78033879351406     
   147.78579077326623     
   144.75710501185719     
   141.97857139979624     
   139.16865168569248     
   136.59564442392377     
   133.90853970715384     
   131.46105200382135     
   128.90791443615697     
   126.39699028815640     
   123.98805672717825     
   121.65991440080896     
   119.36681255713815     
   117.03382205079029     
   114.75674905714882     
   112.70976969674422     
   110.57962495310427     
   108.53851150974323     
   106.49085767697775     
   104.45793367836683     
   102.51595218836140     
   100.62436631967208     
   98.724775867282801     
   96.873932016086044     
   1006.6150953799921     
   973.30734035394130     
   931.29300744934449     
   893.57473586551396     
   861.91961878663778     
   835.15794598288323     
   812.49892959843601     
   790.88457766185581     
   770.09861227938018     
   751.48078654464848     
   734.66221850895249     
   714.76669419534460     
   697.48517535660744     
   679.95954289606550     
   660.88118434006890     
   643.60616331295591     
   627.18981324742697     
   611.93983764144104     
   596.89193315184843     
   582.31308896590724     
   568.39787162168420     
   553.94625332401199     
   541.45931363962120     
   528.67789712359979     
   515.39373157795148     
   500.85054144821561     
   488.16481060048142     
   475.98499202082212     
   464.09769304192446     
   450.96085373765612     
   437.61749003330726     
   425.52361064558113     
   413.71225364108477     
   401.65567749739449     
   391.10573960615562     
   380.88598978869931     
   371.36123571835685     
   362.31823523269901     
   352.96735922856664     
   343.35674326093260     
   334.71783769966089     
   326.26810133998032     
   317.77298182008985     
   309.89236820462293     
   302.02551281824486     
   294.73195552799871     
   287.46541444795406     
   280.51601648436383     
   273.86884600353102     
   267.75428110440782     
   261.42125709074475     
   255.52547698143394     
   249.94236806055733     
   244.29134179791043     
   238.94033135426508     
   233.66075706352024     
   228.42319761109997     
   223.52049399760296     
   218.49076432508696     
   213.65157873284198     
   209.11624178698611     
   205.06696310666047     
   200.71221500914766     
   196.57132180641892     
   192.44445662573455     
   188.45777585141920     
   184.61947333345182     
   180.69844458139966     
   177.11378977300984     
   173.33847524316110     
   169.80618902062486     
   166.51530713950808     
   163.21958207179281     
   159.90710170160909     
   156.76660954616304     
   153.71486454860406     
   150.73394021353997     
   147.90902175350425     
   145.07395252144636     
   142.22627586207116     
   139.47732999234296     
   136.81804690039996     
   134.27235649291623     
   131.75203264492058     
   129.04747815447348     
   126.56743636316318     
   124.22205356465830     
   121.86448660947754     
   119.62257376596071     
   117.25705680951162     
   115.06648674958205     
   112.91545001248322     
   110.66415693369449     
   108.61350352441717     
   106.54540411421999     
   104.55609439027813     
   102.58345107686554     
   100.62152533627149     
   98.713957854549733     
   96.876351902140925     
   1009.0165209122123     
   978.31760816547956     
   947.21034283193944     
   916.57967062645639     
   889.08346490695590     
   858.42946036241517     
   834.75103084787656     
   811.45855724295279     
   788.37717862125282     
   766.25004464649544     
   744.24279591682318     
   723.57804626113500     
   702.98848662217949     
   685.06341074639386     
   667.62849999981722     
   652.02089357799287     
   636.64240345223971     
   620.51606500207811     
   605.40987149687078     
   590.64304269596778     
   575.51754428327695     
   559.94543430749172     
   545.60221121484949     
   531.73608200990748     
   518.13336680908196     
   503.48066934643799     
   488.99438981135484     
   475.01182614618938     
   461.06281942150230     
   448.15343312277412     
   435.92386812076688     
   424.50525735430983     
   413.02005777399160     
   401.16062760601011     
   389.90296585417730     
   379.44781814956775     
   369.25640086705158     
   359.70179690476124     
   350.02162270269264     
   341.34244578409800     
   332.40593265362310     
   324.59866594848359     
   316.78768333578228     
   308.73851337574399     
   301.56829991216478     
   294.56015831518965     
   287.63834248897831     
   281.28382374870904     
   274.58702318518783     
   268.14962904510327     
   261.74527264584253     
   255.71746535450967     
   249.96598490654480     
   244.60434463563504     
   239.19001048700045     
   233.69486594624607     
   228.67371237276978     
   223.67484366481074     
   218.75912812145901     
   214.12857784458743     
   209.82528127956419     
   205.39356323580409     
   201.14502431836911     
   196.98654111479198     
   192.72620947607169     
   188.76731145323106     
   184.98735568364430     
   181.24360088971184     
   177.56500264458595     
   174.08819268722743     
   170.65408878597876     
   167.06826787015498     
   163.77758046804843     
   160.58972542672194     
   157.44149867131026     
   154.37578064809563     
   151.26791970421371     
   148.21999803703991     
   145.25389516167559     
   142.38852558117895     
   139.49036400325770     
   136.85143048430436     
   134.23510736028010     
   131.60675292689430     
   129.09928349939796     
   126.62733447608218     
   124.22722638278199     
   121.90009975528115     
   119.53429980415980     
   117.21731956495367     
   114.99032586080200     
   112.79408844126615     
   110.71553653480605     
   108.61668689178948     
   106.48660899677104     
   104.44391638154380     
   102.50859784073222     
   100.58777810021029     
   98.656797980487752     
   96.730487303172424     
   1014.4928798763092     
   981.86883043836951     
   955.06077670586001     
   930.48416107225478     
   902.70294948473565     
   876.98616218019833     
   851.65260678427342     
   826.29246895409688     
   801.03417950214214     
   777.37601880136776     
   754.44902527019292     
   733.22698803228036     
   715.28162557034818     
   697.85460551741778     
   680.20164276429432     
   662.76667720443174     
   645.08832063145746     
   628.40408793965457     
   613.26054982880964     
   596.56075967133927     
   580.29066914117516     
   564.46799442777933     
   547.51381768430929     
   531.38225212912857     
   515.91518152069659     
   501.08496516847282     
   486.57109415997667     
   472.83693325260060     
   460.20049813880127     
   446.62735398492094     
   434.25916880878430     
   422.91173072054193     
   411.94901768439547     
   401.49485610975529     
   390.48600848208980     
   380.55691855985583     
   370.93296924609399     
   361.50869887715623     
   351.81271714675381     
   342.67739154627117     
   333.65119600805315     
   325.43368241336361     
   317.45062508389628     
   309.50442773484536     
   302.08972859391059     
   294.60973628724815     
   287.77941788553824     
   281.22913065509613     
   274.93758973184248     
   268.72170869247651     
   262.04404922521400     
   255.89122508094883     
   250.59557877799216     
   245.34355287208180     
   239.71646190846545     
   234.46039959165535     
   229.31119294699528     
   224.34411878415793     
   219.58822419270905     
   215.08568243803910     
   210.50530884012531     
   205.83279445735019     
   201.45435326136302     
   197.06665916133605     
   192.99873729809201     
   188.98476809257485     
   185.21962915112294     
   181.42575295181950     
   177.64434657926051     
   173.91665814914879     
   170.44673542328852     
   167.02551698890397     
   163.68730511216117     
   160.47104765776285     
   157.34744227751489     
   154.33730453144520     
   151.36282981165351     
   148.34443431620829     
   145.44916917164966     
   142.59955552523564     
   139.83390319073081     
   137.02534090976806     
   134.47974849478268     
   131.79155970795816     
   129.18293419472224     
   126.75112645465821     
   124.23243127199268     
   121.86926954433643     
   119.58217267551956     
   117.25081137450493     
   115.05518813373308     
   112.84437302043600     
   110.60077416784922     
   108.40725131879329     
   106.25588568573522     
   104.20634443048900     
   102.21638984233843     
   100.17678675866679     
   98.191995492910706     
   96.319978194835272     
   1019.7837647765264     
   988.59593169021184     
   959.25459287182787     
   935.14666826554344     
   912.93988474899231     
   888.19545385966364     
   861.60569687948112     
   834.04114628685045     
   809.48979978500392     
   786.89959215999806     
   765.27183750233337     
   746.10217557734677     
   725.69892863642156     
   705.42094468470202     
   688.09293278951873     
   669.28853025524472     
   650.30040889987242     
   631.40002569524836     
   613.31380447788581     
   596.07375819710239     
   579.09766991447191     
   561.49665106528005     
   544.60614567052392     
   529.21618708640472     
   514.14438227842106     
   499.32664163675770     
   485.99327286256005     
   473.18367023869700     
   460.09287085981850     
   448.22585483442083     
   435.97047530425021     
   423.64834290496174     
   412.68133028130649     
   401.71742989433869     
   390.49396392459892     
   380.22637713907403     
   370.92257904993431     
   361.55025231416926     
   351.96015706872595     
   343.12145142906161     
   334.81165370405824     
   326.14288241472593     
   318.19260258565521     
   309.87971384765916     
   302.09569220886414     
   295.16803548149500     
   288.11979547050760     
   281.40280525847152     
   274.73509688780359     
   268.29492162701547     
   261.86217964842956     
   255.94775123605149     
   250.22515925084738     
   244.63163874556321     
   239.46198698993427     
   234.08268621767928     
   228.84072133771664     
   223.69076498049094     
   218.83509017473267     
   214.37159798396314     
   209.57377114238440     
   205.21497224382335     
   200.74547106691071     
   196.61084863255326     
   192.55183088084763     
   188.52687246207526     
   184.90952361399923     
   181.03343450392890     
   177.30267285705452     
   173.74574051432219     
   170.33980494850294     
   166.94107547012652     
   163.41792005398938     
   160.09890557933295     
   156.88669059016289     
   153.79426092992747     
   150.70848486436569     
   147.73037579529816     
   144.90154595125534     
   141.98075109606646     
   139.14440286232309     
   136.31430142220842     
   133.64093533201773     
   131.06736176699337     
   128.34554697037726     
   125.70796439561099     
   123.34220842539847     
   120.91759032817328     
   118.51518781421663     
   116.09854571658047     
   113.90054088375624     
   111.54876866451582     
   109.32818898741307     
   107.22318227116011     
   105.08668174721033     
   102.99078750795053     
   100.96508872032706     
   98.988711364524065     
   97.028305570800256     
   95.003333695052788     
   1026.3366613084004     
   991.71992854485177     
   964.87843260976911     
   939.08614853820814     
   914.82252966658984     
   892.51647958090439     
   869.06714485544467     
   845.83532418652635     
   821.18592258390265     
   799.22217132932622     
   775.68034939952656     
   752.66818597809038     
   732.18052182981501     
   711.79355680279707     
   691.50572390317370     
   672.05694758555990     
   652.90156568396401     
   634.09360994850408     
   615.27790190534665     
   595.92865376944133     
   577.90348358938581     
   561.21029573949443     
   545.15425151492923     
   529.98076072971412     
   514.92296605415504     
   500.28330133092345     
   485.61535101987766     
   472.11903502236646     
   459.33173553077228     
   446.35612874183437     
   434.06399656708902     
   422.05786358887087     
   410.78794791769559     
   399.74681769611260     
   389.52912248272622     
   378.87738456550267     
   369.26881499667968     
   360.10079040507850     
   351.47752824106954     
   341.97712795473274     
   333.07906224427404     
   325.09137123333102     
   317.53838290356612     
   309.76278168514267     
   302.66968753612650     
   295.05627716851876     
   287.98794803781175     
   281.62127985430385     
   274.72415280614666     
   268.36994222292157     
   262.26933217242714     
   256.36405072284703     
   250.61962469848629     
   245.28006758995184     
   239.88945388943296     
   234.35372838875918     
   229.47474450401799     
   224.74868570041809     
   219.57280279497638     
   215.32915054011448     
   210.42572944669931     
   205.90585083522546     
   201.52533597214213     
   197.24390860210389     
   192.96064101462491     
   188.80877063682837     
   184.98366381016285     
   180.92622354420848     
   177.11552300263767     
   173.47589400328019     
   169.98066349735791     
   166.61446456195205     
   163.14598616249103     
   159.79130846624093     
   156.58450251239637     
   153.32728820841874     
   150.12442181773912     
   147.19429241972637     
   144.26845507973349     
   141.29696377271023     
   138.35601657619387     
   135.59881661864620     
   132.70611071447047     
   130.02015310978092     
   127.49465020980989     
   124.82685905078725     
   122.39647534071621     
   119.85534480089044     
   117.42370672908082     
   114.91844929680190     
   112.46169045506710     
   110.19229228677929     
   107.92759902089948     
   105.83931008614090     
   103.50758839238024     
   101.29879257311438     
   99.201847162212786     
   97.160046936839322     
   95.083214057693525     
   92.997373500535417     
   1030.4996288446346     
   996.30744067667638     
   966.19539255676239     
   943.06366881280576     
   918.62089157357968     
   893.67394206075176     
   870.44806457970230     
   848.84874086888260     
   826.43090831299151     
   802.73642774589666     
   781.03108272288000     
   759.22684749262066     
   739.81579075550621     
   718.41395319827734     
   697.38250483856950     
   674.09085137000977     
   651.92214532400897     
   631.14159592766407     
   612.69128199807847     
   594.13368784841339     
   576.60976814058336     
   560.41422926624432     
   544.05835781549138     
   528.52936988328190     
   513.46052128788710     
   499.29474116045873     
   484.63657953842517     
   471.71872926610774     
   458.11622961577410     
   444.99794923851937     
   433.09569864861066     
   421.43395386712541     
   410.96780213287343     
   399.95528973570981     
   389.96034791402468     
   379.57734274292284     
   369.59099438654249     
   359.87182804653378     
   351.20235918917598     
   341.75670273947435     
   333.01627629159810     
   324.79028259868790     
   316.80111773791242     
   308.45855785284914     
   301.18072875220560     
   293.65643279527126     
   287.06855137670919     
   280.60039485743141     
   273.66262663140628     
   267.24180696955284     
   260.94500213788393     
   254.68181740197144     
   248.92123354248196     
   243.70554373610136     
   237.79452727278462     
   232.50710045999102     
   227.62773809175246     
   222.82512420467961     
   217.95510439071720     
   213.21626570871243     
   208.80871347521469     
   204.15418145008306     
   199.63798550191370     
   195.42254873300314     
   191.11121289221970     
   187.05174514218228     
   183.08972206597451     
   179.25197352135012     
   175.57742313738453     
   171.72396202567757     
   168.25879316629548     
   164.72972320247891     
   161.38184238818144     
   158.05427166818316     
   154.72274353217935     
   151.39901362170411     
   148.04183742960936     
   145.08754665560886     
   142.00540220894339     
   139.15398680937091     
   136.15672742808749     
   133.31798275595034     
   130.45928188456850     
   127.68378408823754     
   124.93296750810907     
   122.31311033173979     
   119.70257620402735     
   117.10981567619282     
   114.62235362732187     
   112.18401625932940     
   109.82884858242687     
   107.45155617311785     
   105.23338161809713     
   102.90155094693276     
   100.66633629174845     
   98.478175368284781     
   96.325692637902961     
   94.191097014190731     
   92.083856284667434     
   90.019068454421500     
   1035.1343476917109     
   1000.7844999380630     
   972.96365519398944     
   946.77371484591731     
   920.53630320196044     
   897.69654403325205     
   874.82243010744673     
   851.36116739675617     
   828.97547125161680     
   807.15786137087275     
   785.32895579440606     
   761.96933738181212     
   739.92138242777321     
   714.23494743197512     
   690.73456920506624     
   669.85180995900566     
   650.11256804961204     
   631.38675785825285     
   612.15443678963493     
   593.52018133010517     
   575.65783303435785     
   558.38000612217331     
   541.39638592130143     
   526.63569468555227     
   512.51095627401367     
   498.68364190222383     
   484.36423288389062     
   470.72009956672343     
   457.94233699676755     
   445.26694054722162     
   432.84886406780191     
   421.10472520992982     
   409.77575685481889     
   399.36599120077119     
   388.62775504841858     
   378.03350831818261     
   368.51479717133418     
   359.64789743985642     
   350.32921476727881     
   341.40327599202578     
   332.37654714883405     
   324.30540452793127     
   316.62593209725651     
   309.44149204851459     
   301.65380384561445     
   294.10558239439945     
   286.65642360359436     
   280.15934424095406     
   273.98787338016388     
   267.47616346855023     
   261.16648556135129     
   255.18328799541450     
   249.38762479839136     
   243.75886983194934     
   238.23170616043990     
   232.69573966717542     
   227.55162203247573     
   222.75976488601952     
   217.76308923720015     
   213.14411764879657     
   208.19541279161717     
   203.58004900758334     
   199.13235014490678     
   194.67392868661474     
   190.38276543717507     
   186.07538769473243     
   181.99692582067598     
   178.02390341713107     
   174.02993963513333     
   170.22254999384992     
   166.59661900476254     
   162.91510452833143     
   159.29301018772654     
   155.82818360240293     
   152.36130599607702     
   148.82698305479045     
   145.62534523556076     
   142.35052589640989     
   139.16683167966696     
   136.13469662900044     
   132.89442916742053     
   129.96758854084197     
   127.08743629929549     
   124.27797701111970     
   121.42150703722858     
   118.61316124363327     
   115.96091470108814     
   113.25885207933001     
   110.66334370186028     
   108.02683055203819     
   105.55253715701713     
   103.13506900272432     
   100.85096037336791     
   98.473498924048783     
   96.146105514385710     
   93.953501534645525     
   91.769679579866903     
   89.590382005671046     
   87.369886222007636     
   85.221659050886217     
   1042.1465717279189     
   1007.2167891686692     
   977.24611772726303     
   950.27619042563947     
   924.17552653768428     
   898.74736148190811     
   873.84384658119006     
   850.19935961796455     
   828.00999101962248     
   805.97265777133600     
   783.66642546333037     
   759.19366208231145     
   735.17080617399256     
   712.14670419071422     
   689.28571552916048     
   666.74609240886628     
   645.40047105661949     
   625.30519285329933     
   606.86486658266415     
   589.48543330342864     
   571.82844751833215     
   555.53912994494021     
   539.99401923571088     
   525.84493491743297     
   510.81867118761943     
   495.45463213808796     
   481.82618621007833     
   468.36130305070094     
   456.27041467263081     
   443.37111100072508     
   431.72931114824218     
   420.71464960823909     
   409.34958388843120     
   399.10415789945068     
   389.34565134943387     
   379.10290646076703     
   368.35005467924555     
   359.54313763967110     
   350.52060091404121     
   341.03118188261709     
   332.55001624194335     
   324.12966289156191     
   315.87602867499703     
   307.85338542169654     
   300.68617281289153     
   293.14643727645523     
   286.19123727943810     
   278.95733332147506     
   272.00987016615915     
   265.41890027067035     
   259.02443185591409     
   253.05754503459389     
   247.05946692814655     
   241.34133571530822     
   235.68501307674342     
   230.26455401524822     
   224.58513496919949     
   219.11403564688686     
   214.13030320660818     
   208.61923825178658     
   203.88308767625128     
   199.03902148060189     
   194.32502693906466     
   189.92316602993108     
   185.46984137242481     
   181.26386147289912     
   177.07493775035587     
   173.20605256743400     
   168.93685422653812     
   164.97401474133562     
   160.86040203145015     
   157.13336080917105     
   153.41030782457827     
   149.78898064434026     
   146.43852137112628     
   142.87045369320995     
   139.45207858687633     
   136.17146949278848     
   132.98167816898157     
   129.64724143834107     
   126.67170987760082     
   123.65661666489939     
   120.57800388966356     
   117.72803104860682     
   114.91954704335996     
   112.31242174390295     
   109.58022458948230     
   106.71592280402442     
   103.88445524048349     
   101.52856363091536     
   99.137148174458844     
   96.734818659910957     
   94.150871892876395     
   91.805898734223206     
   89.505866918512922     
   87.336297527335162     
   85.121144165792089     
   83.008178159091102     
   80.900179977941093     
   78.867853247182751     
   1044.2837442366178     
   1008.1467399112393     
   981.42207828504957     
   951.52508198342161     
   925.77783938996231     
   899.61031338343241     
   876.23224614199523     
   852.41533535552185     
   828.24756704005779     
   803.12064785228506     
   777.35802208976918     
   751.70261999196123     
   727.72541622860945     
   703.48898654881793     
   682.35980509901162     
   661.57163471481852     
   641.96997814000110     
   623.41277321803045     
   605.30677359865376     
   586.46237570194774     
   569.00585304787387     
   553.76545760568467     
   538.40771797005982     
   522.32452368046927     
   509.07049790818525     
   495.37866162364742     
   481.01638832442939     
   467.05779198266248     
   454.15904416805262     
   442.27645413055859     
   430.07146263194886     
   418.23741255330816     
   406.56452630025240     
   394.93674518039262     
   383.62506457897030     
   374.38604368158713     
   365.27527563003065     
   355.42549802772191     
   346.61781758058424     
   337.18117763934936     
   328.61607538583769     
   320.04304995421563     
   311.85938692542982     
   304.74452082758114     
   296.83652068506439     
   289.24979963812297     
   281.84452875351383     
   274.42041184062236     
   268.11358709523779     
   261.52999178162747     
   255.25235725767988     
   248.74020685692105     
   242.45116257708375     
   236.51352621646816     
   230.87152426309879     
   224.98762041568912     
   218.92641455204097     
   213.67711755743113     
   208.48292589856351     
   203.34880015965089     
   198.34110988842011     
   193.09198500901925     
   188.15338770566996     
   183.58936989693294     
   179.05206892453623     
   174.65392416951238     
   170.26477136814032     
   165.91934674803809     
   161.64818341261045     
   157.70819807661155     
   153.63776695819161     
   149.70875797688743     
   145.64236710810869     
   141.98803579321375     
   138.43218528897648     
   134.85441324158163     
   131.31594139595080     
   128.02872790766401     
   124.34999037475419     
   121.05440328915938     
   117.78955845826837     
   114.80985506717892     
   111.94628876417590     
   109.08990394340120     
   105.89369726597397     
   103.16450007031334     
   100.44999598369115     
   97.765490976473643     
   95.105535225486406     
   92.743594411110294     
   90.366458002003114     
   87.755366995600838     
   85.393473089283901     
   83.206309448934348     
   80.946793600667888     
   78.928551224194180     
   76.899493465508158     
   74.948059278879356     
   73.006219787816718     
   70.782882120628187     
   1048.1908994882797     
   1011.6602165837004     
   982.74540466422104     
   954.93663203425785     
   929.11932609492646     
   902.24991016364550     
   875.03774432607838     
   848.99325926224049     
   819.76958545561274     
   790.06808706445588     
   764.27966669449813     
   740.56059615828372     
   718.27154809092667     
   696.73288425100930     
   676.61420420405989     
   655.24425773619305     
   635.58235836454878     
   617.04262960167023     
   599.13803280511240     
   582.87575384215222     
   566.17264540432063     
   550.86751620599671     
   535.60844364152445     
   519.78433336061710     
   506.04826839245663     
   492.13511657278121     
   478.02946961377569     
   465.50641415214852     
   453.03661357575629     
   440.60294234601599     
   428.12203946955509     
   416.10574591313872     
   404.08116122430636     
   393.53578610243994     
   382.51084021057062     
   372.37546791358261     
   362.16295309003698     
   351.56997731540929     
   342.62714238154490     
   333.09531893439043     
   324.24843940393129     
   315.34277208933474     
   306.74718686190403     
   298.58043323353110     
   290.37216932393005     
   283.22455074054471     
   275.64913646241854     
   267.65341856078805     
   260.77000454141825     
   254.74201688831721     
   247.50331333486520     
   241.21446787431745     
   234.75795652344172     
   228.79671851543654     
   222.18923976982808     
   215.92002166538890     
   209.97405467382788     
   204.36047643627029     
   199.22901979700760     
   193.59058434809219     
   188.34390047759155     
   183.16531135710238     
   177.77095038092071     
   172.83807954039327     
   168.17518315437877     
   163.69885858199831     
   159.15010511837554     
   154.10804152394405     
   149.67952494317029     
   145.49097298693047     
   141.46100848626435     
   137.69332340975387     
   133.79909434992561     
   129.91771335820371     
   126.65371812356486     
   123.27555917929556     
   119.98509579889466     
   116.38887316248723     
   112.75046417768364     
   109.68748695678019     
   106.52109133887845     
   103.58210122502577     
   100.62388505790142     
   98.229419548143937     
   95.256548001674275     
   92.562350232012051     
   90.249737859859351     
   87.406476304705407     
   85.036246867852881     
   82.792104126299819     
   80.575405475920761     
   78.470616278128631     
   76.450437722234796     
   74.350408606616213     
   72.431555350049848     
   70.464088126154266     
   68.668439008233989     
   66.695497064268054     
   64.830856236387760     
   62.918247944570631     
   1054.7436115490689     
   1018.1097831364420     
   991.28173105214910     
   962.11091491808884     
   932.15016901648232     
   901.63080326312138     
   870.35942944524857     
   838.29719707681318     
   808.27173684675279     
   780.23942119466551     
   753.82747886840275     
   727.30398280189013     
   705.17058120750050     
   685.11039046449741     
   665.30395874210762     
   646.55023135054216     
   629.56703352411864     
   611.59065976201236     
   593.69038214788850     
   578.02388005100136     
   560.31291197916426     
   544.26417913246917     
   529.06004412206801     
   513.77752091624461     
   498.60857617677118     
   484.95784385197430     
   471.53460079533340     
   457.34160943762879     
   444.28303383174921     
   431.83641358441025     
   419.80985083044749     
   408.04669600081297     
   396.12638671337129     
   384.18177426265254     
   373.10136401513239     
   363.13380713896407     
   353.34293303457349     
   342.23958066533601     
   332.14381172380632     
   322.09570330866211     
   312.95438563557036     
   303.98328663486581     
   295.24386758268776     
   286.38837946782638     
   278.05743909899536     
   269.87031764571833     
   262.27547383602143     
   254.12095759207568     
   247.51963029276365     
   239.80522342470320     
   232.28917219795537     
   225.52960996865943     
   218.40722476204735     
   211.97942615006565     
   205.00570480641755     
   199.73064497140331     
   193.04569663494937     
   187.31188102141709     
   182.52485821633744     
   176.72377557328980     
   170.82685682910508     
   166.55403559137045     
   161.57823782219305     
   156.46158929644662     
   152.00757481896929     
   147.71895986800862     
   143.42249387681466     
   138.84115738173386     
   134.92478568575626     
   131.00094665656877     
   126.24717185079913     
   122.50313349210262     
   118.92481335376169     
   115.14392890902752     
   111.92934199861966     
   108.42721110915357     
   105.17409431708921     
   102.17057509890643     
   98.901946473572082     
   95.587891569771571     
   92.623623350453840     
   90.002770325175547     
   87.324084830593023     
   85.560643785121783     
   82.934187775513323     
   80.179320390402211     
   78.199070651906354     
   76.158915016615595     
   74.385249357088924     
   72.021990207422732     
   70.439297195947802     
   68.496533057746433     
   66.702320059272921     
   64.820968064298484     
   62.883917104144118     
   61.756455895421823     
   59.701583942960561     
   58.212993523113184     
   56.933414658605862     
   54.744669787550066     
   1060.8793289734508     
   1026.1536998768622     
   994.48439236068816     
   960.29929420275596     
   929.27074741928664     
   892.69544063800049     
   855.99900679041696     
   822.94704299150544     
   791.00609045084570     
   763.98032436451547     
   740.22817351641947     
   717.07705944680060     
   694.32855642006723     
   672.96522535070585     
   653.04264204730669     
   633.50515741768345     
   616.48517123916031     
   598.05679073771137     
   581.59083549364152     
   565.72350827143828     
   549.80655919166531     
   532.87512263316478     
   518.73200077191473     
   504.50337906299626     
   488.91158816651637     
   475.21044883836055     
   461.42126624699165     
   447.34825529353139     
   433.64049843725627     
   420.24814316112747     
   407.82129232075397     
   395.26968031391084     
   382.59872292725305     
   370.62016156350899     
   358.80244187646201     
   346.88655092533776     
   335.81544151384969     
   324.49497467826029     
   313.93326496877012     
   305.08036334195248     
   295.04287699391512     
   285.95203750396462     
   276.54369825464812     
   266.62469017511444     
   257.87837175045763     
   249.77527050440682     
   241.28127040840440     
   233.35483869831117     
   226.19155526673546     
   218.70079164278212     
   212.12358649178555     
   205.20960732465716     
   197.69711725839986     
   191.79500276779331     
   184.89110327687908     
   179.23006882562959     
   173.58927481960157     
   167.66353783187503     
   162.82564053025496     
   157.49699720521022     
   152.06702901775063     
   147.35045101358307     
   142.25651628064034     
   136.65264028075092     
   132.86621079071080     
   128.95304102041848     
   124.37955030477866     
   121.35035832763367     
   117.34148221162972     
   113.66287240238853     
   110.42790944222097     
   107.17776574376451     
   104.22657113191849     
   101.30457171314455     
   98.511068184158646     
   95.915375749961129     
   92.824207755093639     
   90.721151880147573     
   88.543810093667020     
   85.043344126012940     
   82.676433956766857     
   80.756754347892894     
   78.947238815198176     
   77.080767199989211     
   75.341976761780543     
   73.582331226874231     
   72.235399452742868     
   70.765703446956280     
   68.275043915635152     
   66.671113285253597     
   65.297761872639654     
   63.614768232283836     
   61.448775955431465     
   60.166785345793087     
   58.333529139767307     
   57.202551279054404     
   55.778986792589485     
   54.211660248587080     
   52.531733493184610     
   50.690538183503691     
   1069.2346135086723     
   1033.4577852597058     
   998.60920611843949     
   959.51076587592604     
   917.21838104512472     
   873.47844263049683     
   835.90157700281407     
   803.30827194538961     
   772.85442035107849     
   745.34912097713084     
   720.02642724578971     
   697.87857396621143     
   675.17343389231917     
   655.62864833034314     
   637.05998633719480     
   620.24397827452185     
   600.30724432151976     
   583.12731349684316     
   564.91658946627626     
   548.32844247264552     
   531.27804778849134     
   516.59531993912151     
   500.95546943627028     
   485.32028839612337     
   470.71313179279446     
   454.09173091343263     
   439.64915581313068     
   426.18624535747654     
   412.74746385366001     
   397.86997103832198     
   384.57433047294717     
   371.29080364772193     
   357.26099110123096     
   345.88497621313707     
   333.04484193178627     
   321.16307476186796     
   309.75197815083226     
   299.04680883579351     
   288.60515402204300     
   279.37591773516391     
   268.39213964528392     
   258.83082744223407     
   249.50959604856712     
   241.02376308129351     
   232.64161147789304     
   223.69192050490463     
   215.34813521727409     
   209.24886346402332     
   200.77743764382262     
   193.08322111725039     
   187.15984080595175     
   181.12241494402690     
   175.46908598334855     
   170.40834156062357     
   164.50043072264006     
   157.97445459043465     
   152.44790531178268     
   148.08439996339092     
   143.07142049415646     
   138.99438582430827     
   134.96890221703120     
   129.34476973928119     
   126.15205227407634     
   122.07970438874989     
   117.69582364376706     
   114.44533657780809     
   111.72524989341670     
   107.87694373220938     
   105.17148477376203     
   102.46029992557175     
   99.632968745199548     
   97.684891940115790     
   94.690298060842551     
   92.211131634124399     
   90.718382610414494     
   88.288907637187037     
   85.806894982763481     
   83.730033996405581     
   81.077116225384529     
   79.243074930722031     
   76.794204465407034     
   75.485337680803667     
   73.860928107475303     
   72.460271439121627     
   71.471157290457882     
   69.096515332266108     
   67.827701579440571     
   66.774506415857118     
   64.614754734344316     
   62.678616182585600     
   61.816393323852878     
   60.301306362266672     
   59.026441428647743     
   57.250145128593296     
   55.614967910380514     
   54.702666822970826     
   52.631387244903749     
   51.478641565912952     
   50.227093425494729     
   49.006332293082153     
   1077.4156978457554     
   1039.6184061684405     
   993.72233756186813     
   942.07599002784525     
   893.60747661203231     
   848.70399656792551     
   808.85331458586938     
   776.58662749629059     
   749.29386907772982     
   720.78593357117222     
   697.42303039094998     
   673.90191548522148     
   651.87466951102374     
   631.52918720424668     
   612.25689384071234     
   590.80354670987913     
   570.41776850912584     
   552.35353241366533     
   534.77625228885370     
   518.55814423625895     
   500.60557133299488     
   484.47329571971557     
   469.70048231832209     
   453.15433432981752     
   436.53633015703099     
   419.92490639840713     
   405.31623349319068     
   390.60755044634493     
   377.22024649084159     
   362.04772835491980     
   350.12109069134976     
   336.31129079673178     
   321.27775537721988     
   310.10696527203532     
   298.79081428166910     
   287.17262682722486     
   274.73521552341310     
   264.08800758180649     
   254.50546780394944     
   245.61326140857102     
   236.21133243268102     
   225.83779360114625     
   218.77833643410054     
   211.86606948489941     
   203.47851801925128     
   196.99706878482684     
   188.79054301014213     
   184.32560908388405     
   176.11877862844162     
   171.11442211984325     
   166.29302512209011     
   160.46926715790062     
   155.22275634934675     
   148.69411410276120     
   144.12027175588139     
   140.10211150883703     
   136.77499247646088     
   133.11881784099464     
   130.08800894598380     
   126.35474783212388     
   123.22215507001977     
   118.49516297692546     
   116.95096031267263     
   112.82064424439116     
   109.00815170708084     
   107.23027244996399     
   104.04079244442114     
   100.90400890403481     
   98.008356903053027     
   96.439120941399096     
   95.373882924493572     
   92.192857669108676     
   90.308048844765665     
   88.136373144172580     
   86.027174554648838     
   83.010821620065855     
   81.406554933092224     
   80.088865770495843     
   78.648580292936373     
   75.776531496644552     
   75.042555798840951     
   73.133106852017690     
   71.265411525001284     
   70.513678530124835     
   68.865123795928980     
   67.635028066875279     
   65.847211592245671     
   64.103645337348084     
   63.010869917795375     
   60.861593746317190     
   60.040609445866494     
   58.443127110645882     
   57.034676237063515     
   55.925670550771272     
   54.293988076454134     
   52.860423484620682     
   51.782347735612348     
   50.333580910328976     
   48.825012196002092     
   47.217758807579067     
   1086.7273776436277     
   1038.5301450726017     
   975.94556260099421     
   912.15046046011014     
   857.88324337604695     
   812.89274349912796     
   776.06004974938151     
   742.37822579753913     
   711.85884584354108     
   684.09424031388778     
   660.77827664755728     
   636.67648459525435     
   611.96135764623057     
   591.93733506303556     
   571.04266552075978     
   550.06485700803933     
   529.44187709081064     
   510.57957707428812     
   492.00616774765609     
   472.07288536416564     
   454.12583384641073     
   437.89272331594935     
   422.78162419203437     
   406.82325488900176     
   391.98395144108338     
   378.04107217869375     
   363.33996591143404     
   348.22530769766553     
   334.04240106023315     
   318.42595953105308     
   306.72552269183888     
   295.90634559223639     
   283.73851365392886     
   274.09467180277829     
   265.20213669312943     
   253.20455484648556     
   244.55409895755133     
   233.59741387265086     
   225.34516082718767     
   218.57583830572690     
   211.49861280532031     
   201.24366696809912     
   195.04094648722099     
   187.46658022635836     
   182.78281105470018     
   178.26788485836551     
   171.78549477611330     
   167.36626587463053     
   160.79829614320062     
   157.80438694949470     
   153.61460995519909     
   149.83553782689000     
   144.26213402619675     
   139.65149416003209     
   136.20365953026038     
   132.89408116166132     
   128.81225513161490     
   124.72442359353346     
   122.18712226734429     
   118.94426591939133     
   115.99913349746507     
   113.34929319599118     
   110.91550446143651     
   108.49233694353218     
   105.54454079907521     
   102.41535535247735     
   100.24654464468797     
   96.854452141789466     
   95.143295805577850     
   92.650435383889246     
   92.034519506389231     
   89.706983450524746     
   86.567055040479701     
   84.856649225847548     
   82.963802709701312     
   81.356623445651366     
   78.708736760421672     
   78.070383261661647     
   75.894810384916582     
   73.813820887839483     
   72.376921249428719     
   71.246392391722964     
   69.533258100113017     
   68.639007036962468     
   67.406099135876843     
   65.726359305862914     
   64.180253713196876     
   62.782666971232366     
   61.563235433765200     
   59.586282034256271     
   59.281474543770862     
   56.991844458677811     
   55.597116036711981     
   55.342546762127022     
   52.842989346573468     
   52.207462439080302     
   50.507218186225359     
   48.987182336603894     
   48.233982181848837     
   46.973776829513156     
   1098.4512245793542     
   1026.3513824750314     
   939.15710364333484     
   864.88901320853563     
   807.99174366964121     
   761.52802596588481     
   726.17505604705389     
   689.83044072809639     
   660.05856455419109     
   632.91652897749339     
   607.69032465436737     
   583.02289940385754     
   561.52516004606446     
   536.55435561044067     
   514.42440313029351     
   497.18040638781929     
   474.95063328915182     
   456.05317126633645     
   438.28264938393778     
   420.20208458005817     
   403.17235151762901     
   386.82232583805359     
   372.42514016209702     
   357.99762804454815     
   347.27558158212179     
   337.35614385079703     
   322.54141700765763     
   308.16657407452266     
   297.70138463383898     
   287.01673636369952     
   273.97319896291424     
   265.58682161614854     
   256.36205624501144     
   246.79044396441063     
   238.97462705045854     
   231.71803792390114     
   221.90944231251979     
   215.27382969420842     
   208.09214508546631     
   201.20352641563355     
   196.42345982869830     
   190.17061703427774     
   185.54694942740721     
   177.15731294082821     
   172.56320936438732     
   168.79057201767506     
   163.57363827533217     
   160.45817754910661     
   154.34456037449746     
   150.56186927234660     
   146.46744145838028     
   142.78167208176782     
   137.81623282754839     
   135.33468650261307     
   131.80918266286119     
   129.02317578184329     
   124.57871274807685     
   121.30274107254273     
   118.93314148388788     
   115.20334374717729     
   111.77719657420802     
   110.36936871208106     
   107.97587761725561     
   104.48892188584949     
   100.78690018466736     
   99.045606287917195     
   96.444598234345591     
   94.020176263372619     
   92.191069801156445     
   89.610135826567273     
   88.139934487679312     
   87.106384981797305     
   84.694415976368958     
   82.138570528217457     
   80.714957896314701     
   79.743410727435275     
   77.584201406364215     
   76.224265650381909     
   74.006920401160031     
   72.860154925316181     
   72.058248508194282     
   68.815320981613667     
   68.119200132197022     
   66.730684791682293     
   65.197520638722736     
   64.122578673875566     
   62.248531430407802     
   61.386212702691402     
   60.195266426820808     
   58.419130143671666     
   57.508210051595412     
   55.615616028317959     
   55.358519384554043     
   54.144166583863559     
   51.645213656671018     
   50.775113984242125     
   49.144421766360018     
   48.417755240037572     
   47.275376722924818     
   45.348265498061707     
   1117.6589983452400     
   1002.7330297780670     
   891.73978310702728     
   808.77083336141686     
   747.56727024279553     
   699.31220824689512     
   660.20732510337291     
   629.81957542862392     
   600.47761037558701     
   573.77694291935632     
   550.05783584321398     
   524.59838458269689     
   503.63239235265206     
   481.85995039935386     
   463.25918901246229     
   446.16874223125785     
   426.85322919088566     
   413.67378226415133     
   395.74892426748164     
   377.15530385553620     
   362.59070642186350     
   351.43403846212300     
   340.24341315395077     
   327.26711578128271     
   317.66328010312225     
   309.77761199992278     
   300.46659425490486     
   287.74673570927257     
   276.88567577686814     
   269.75135014981879     
   259.25836912471181     
   250.17087168784320     
   241.87588019589910     
   235.98684201572655     
   227.36162859704035     
   220.38280387593596     
   214.02547781685308     
   208.07677578122176     
   202.13865691351339     
   197.18764055014574     
   192.01814981154905     
   185.51268227910089     
   179.95116768204448     
   173.74031224311744     
   169.16465207382305     
   161.26292036610573     
   160.55294318508635     
   155.33861374002507     
   151.13751163690648     
   147.37413748087192     
   143.76984439802189     
   138.56739864046591     
   133.98118245615922     
   130.23516623885686     
   128.85621038635588     
   125.97391053336359     
   120.92355628165691     
   118.39990966572157     
   115.78912553077450     
   111.80820579486277     
   108.48243790081753     
   106.88853416917156     
   104.68315206035703     
   102.47564221538896     
   98.644476805212676     
   95.895699870321465     
   93.457370998660309     
   91.466744993792304     
   89.858889650210159     
   87.143787606699803     
   85.886434874239512     
   84.187648194317561     
   83.700402822745588     
   80.840150123125554     
   78.118176657062321     
   77.692733430764946     
   76.761202676229686     
   74.162190998739433     
   72.595972587480574     
   71.214811171081038     
   70.145233968831576     
   68.308546868844402     
   65.921573057350258     
   65.495980983501070     
   63.874723384253201     
   62.356305593651108     
   61.120697737310621     
   60.350399886261755     
   58.869318504939713     
   57.830504099030236     
   56.176854982115970     
   55.435397255684194     
   53.815032469970525     
   53.086484396327322     
   51.448058812022325     
   49.992802880590986     
   48.265888320503912     
   47.371023643722317     
   46.060154721387399     
   44.075259612920554     
   1136.6593152048486     
   970.99360885530541     
   840.38219954116789     
   752.89779282291420     
   692.98342523502492     
   645.60487054727446     
   607.03745326370176     
   577.84057246084171     
   545.57094978217594     
   524.19391384787320     
   502.89070868090289     
   485.90603451218868     
   468.23974508559115     
   449.53385674574571     
   427.18912898121181     
   418.46376143027919     
   399.75383378034655     
   390.07893260690076     
   374.58235885595082     
   357.10046570967131     
   346.33495499810664     
   334.11842550469390     
   326.91414718783130     
   315.58149028453772     
   306.22735939863639     
   299.53885051821879     
   289.58167707137835     
   276.46239671973581     
   266.47194672008101     
   262.89308744131142     
   253.45957564470723     
   245.34415537656702     
   238.25966250086879     
   229.99578262667296     
   222.08965756452696     
   217.45168124744376     
   208.36225174735375     
   203.15085915621415     
   198.76327652776507     
   194.67832717649605     
   189.66953730615452     
   181.08083330516715     
   174.77615856555352     
   169.20250539531412     
   166.13019218773098     
   160.35799830632658     
   159.40184782770234     
   152.54510288909961     
   147.06015109292875     
   143.36905832479954     
   141.68058203281680     
   135.35945143113159     
   133.35503121540228     
   127.49772038328200     
   125.96487975717281     
   121.69112952310631     
   118.28978893030830     
   116.28627303848546     
   112.72072397375926     
   109.16861791417037     
   106.21781988273599     
   104.68226666791463     
   103.28547663315801     
   99.550501055601131     
   96.503643658091192     
   93.752779516247074     
   91.496210625658875     
   90.701482794515755     
   87.318990275377871     
   85.200004728110173     
   83.918398405120058     
   83.751993458182170     
   81.612329084810270     
   79.574397691862174     
   77.434805646629130     
   75.970913174116632     
   76.081458549107253     
   72.965651000754690     
   71.426737190119553     
   70.500073017601608     
   68.528960843648122     
   66.723153379416019     
   64.580301357557033     
   63.977066712807414     
   62.653628605484670     
   61.346761696398644     
   60.400049174936932     
   58.925918299461323     
   57.913230794633371     
   56.885659816212417     
   55.154174812639432     
   53.418451706067046     
   52.775942216356505     
   51.810113476654031     
   49.888610217357190     
   50.371014415475940     
   47.746154218963305     
   46.144069232147878     
   44.818447053318664     
   43.307020003549987     
   1160.7629768074280     
   958.23067881117061     
   815.96915537180632     
   724.44182846911008     
   662.39374690691113     
   617.24385434466683     
   582.24236958852009     
   553.71754589409522     
   523.14013723448295     
   500.55303302904179     
   484.67544322561685     
   468.24781538870945     
   452.34009865669600     
   433.13309650804604     
   414.57394735244173     
   408.90167535656883     
   395.89786428347156     
   381.60864793333593     
   368.41456362561684     
   352.08650896704847     
   340.91603369370512     
   333.05373645905809     
   322.04664015036184     
   312.50093641795957     
   305.84006129380850     
   296.99330485089513     
   287.83117388043593     
   273.12409287292786     
   264.71005322121937     
   258.30993375467455     
   250.94158950733441     
   242.13385104606903     
   236.10992572201368     
   228.34682333307180     
   222.51665299716865     
   215.07262520059737     
   205.68592538759276     
   200.44481289533394     
   195.17333004138067     
   190.07194041816683     
   185.58499442328022     
   179.53958929309448     
   171.33111117733779     
   165.10422079601688     
   164.72158921087146     
   158.76818192440635     
   156.02514919527636     
   149.13218896288308     
   143.08498400147278     
   141.83883251793122     
   138.74638072343637     
   132.09329389533184     
   129.37380120994962     
   126.12328087583614     
   122.13164196470186     
   120.08849635176495     
   116.55806287320989     
   114.49336126332199     
   110.83299685898037     
   107.97631626236370     
   105.16614625104144     
   104.48114159696206     
   101.26336811841090     
   97.517398640385721     
   96.327463646455669     
   92.699025529142247     
   88.990202465785785     
   88.990296694926400     
   85.378948260470139     
   83.793086616660588     
   82.229933206372749     
   81.641105304159638     
   78.899851872533688     
   78.094669035674144     
   76.483454388510921     
   74.932902718175498     
   74.323570793384818     
   72.961175665853347     
   71.103588381015285     
   68.668600470917823     
   67.912570030983019     
   65.460668976415633     
   63.821847153209028     
   63.748482312622279     
   61.474664996375644     
   60.331143672281797     
   58.999042131726263     
   58.294337088328149     
   57.384703259361999     
   56.594244855036017     
   54.791048163718330     
   52.709024182924331     
   51.977076921620728     
   51.266320264183960     
   49.461342282147370     
   48.745815021782974     
   47.221195349284670     
   45.617572053836582     
   44.168514220130675     
   42.295478120076339     
   1194.9228664390025     
   971.55427983817265     
   824.08443433366892     
   722.57481585753885     
   655.37658392069147     
   611.50591446243277     
   578.92404608151958     
   551.52377287780700     
   516.05176353896593     
   496.78689422908951     
   480.74600569660305     
   463.28577423921547     
   449.06525320113923     
   429.71190064077416     
   416.85764713631477     
   406.97673968797540     
   390.30417191831731     
   380.38661345358940     
   364.51580052996314     
   348.56549764317072     
   337.72207441112619     
   330.22027777244421     
   321.73928017648620     
   310.87659894125596     
   306.18620062992829     
   295.73804118213371     
   285.62226489179608     
   275.10208183201360     
   263.19979819719373     
   256.54664946208220     
   248.59545603349596     
   237.25710504756768     
   235.92494764947168     
   228.77405028984404     
   220.53497306728215     
   211.55060006354847     
   202.70276567524127     
   197.45683563113047     
   194.38183608122489     
   189.36369011057741     
   182.61061250382613     
   177.66640886805601     
   169.80941420103986     
   163.70446612578428     
   160.66156042870136     
   157.08999102185427     
   153.70446354598940     
   149.49680837175231     
   141.29383888811554     
   139.49426322470106     
   136.32764389509472     
   131.32768836365457     
   126.08963578429318     
   123.52444591006764     
   122.81587888342369     
   116.00631102576133     
   114.78441432483771     
   113.43207604026026     
   109.54790914842656     
   106.91202772794892     
   102.71523407100317     
   101.73131097645252     
   100.40959285607929     
   97.029877223694882     
   94.473616890398091     
   90.781101949253738     
   89.204580926382420     
   87.504559623607420     
   84.355176017399714     
   82.453214347424577     
   81.774888931827746     
   79.980163866519931     
   77.566448981983910     
   77.930000751739158     
   75.456599710497102     
   74.265919886178665     
   73.230461853005266     
   71.127360285509084     
   69.865813304812079     
   68.489676574682150     
   67.315942573235361     
   64.403861023211306     
   62.462332850392414     
   61.389615279709545     
   60.441254397383105     
   59.689618455266739     
   58.783589714017850     
   57.576926504173144     
   55.466955735918425     
   55.104906522273090     
   53.443912874802038     
   52.571084342625916     
   51.813001365890273     
   49.941793025402291     
   48.462000809307000     
   47.844747186735717     
   46.683847474157673     
   44.669091915197576     
   42.559645956065999     
   41.336951467434247     
   1236.0294817096524     
   1002.1845101466579     
   840.31563097696380     
   735.77073682284754     
   670.71872305013619     
   613.21644788888443     
   577.65664677172174     
   551.12040654108171     
   519.34938714865712     
   496.47872990195555     
   482.26563144317089     
   463.45468422041660     
   448.54205579135271     
   431.32735931747999     
   414.43142630563676     
   406.67184552412385     
   391.40078960089471     
   375.94412291084353     
   361.25016245567758     
   351.06582656068025     
   340.36958441413782     
   331.29481185918303     
   322.63347603685787     
   311.34492047559672     
   303.37957411164319     
   288.26986107226622     
   278.15142357761272     
   270.79285958871321     
   262.33584699874615     
   256.58699285058651     
   248.93298761347472     
   238.42315323779292     
   235.39973114340984     
   230.97787404022111     
   224.72906708325749     
   210.49405968861032     
   204.66768678480497     
   197.13426521651596     
   195.01492964021847     
   187.13213361440287     
   181.17485774186841     
   175.11532122926212     
   168.96161037656336     
   165.20944520623709     
   162.15013578012875     
   154.64217487797120     
   151.77022697136704     
   148.93715717650508     
   140.79046799726663     
   136.78997048830666     
   135.10973545962958     
   129.90420872479402     
   125.42205472678897     
   122.80133824279028     
   120.84116173377710     
   116.37904200073515     
   114.49139172899194     
   112.14640626355182     
   106.30228997726408     
   104.53312394939201     
   101.95088487913287     
   99.123563227632076     
   97.830349664754692     
   94.595312309204672     
   92.450969456250405     
   89.715863979989052     
   88.549521095457493     
   85.558058973121732     
   83.753315050693146     
   82.198328798855414     
   79.900753297967910     
   79.870998737207842     
   76.971449365657080     
   76.913161453744934     
   75.023485564598928     
   73.033831526148319     
   72.465616609464718     
   70.417780820848478     
   68.664825722639122     
   67.390698140614418     
   65.503521079313373     
   63.910233143019475     
   61.556439567349180     
   60.704475447849404     
   59.119280389164423     
   59.359500720532161     
   58.430884643702754     
   56.382101435227966     
   55.011095117637858     
   54.105932620944053     
   52.585139511159582     
   51.909437973106066     
   51.109131846426692     
   49.174986489909415     
   48.868865263947015     
   47.401713891115776     
   45.740245104199545     
   44.225678298754168     
   41.549770191641045     
   40.741574763214004     
   1272.0386650719515     
   1035.3384369213263     
   862.63558613507087     
   751.73916345232374     
   678.06141689610013     
   619.65298293187107     
   575.82395456329505     
   545.73040574983929     
   523.05947575984533     
   501.18212142661810     
   477.14686373822008     
   469.23586359976457     
   450.37970032691805     
   432.50721736731623     
   414.75901386227986     
   409.89245655525770     
   395.66489285436444     
   376.62941534430126     
   357.94023285804667     
   349.53472396894426     
   343.95883882856879     
   337.45516961034468     
   325.92877066011374     
   312.08819448553493     
   301.34633819751355     
   287.10242639838037     
   274.85318113028973     
   265.89716573110263     
   266.90428429668873     
   251.71542078048859     
   247.71299385227073     
   238.13624037124586     
   232.14689101798260     
   229.71469081548548     
   223.24689938812713     
   214.12010090784807     
   202.66614350955217     
   198.45658967735130     
   193.60589453116756     
   185.99354183086416     
   182.12187197818213     
   171.60083107905058     
   165.67934033454179     
   161.33584064087944     
   161.83387326517101     
   152.95576691975501     
   150.57906537500156     
   146.42467210271207     
   139.75585424310924     
   135.50022972644288     
   133.26116528597043     
   127.31531178610393     
   125.66816893448934     
   119.62760922188124     
   119.29800324027522     
   113.80815498820736     
   112.40711568142422     
   109.16118665166690     
   106.46421611898143     
   102.13870700795688     
   101.47254380857984     
   97.938657750641795     
   96.101832048547919     
   94.382194598912093     
   90.623572145908554     
   89.744830900346784     
   86.682499376975315     
   84.620193174314778     
   82.970108867467474     
   81.482694583036931     
   79.598954648221110     
   78.822884966451326     
   76.060285779082875     
   73.811079974540874     
   73.598418442744745     
   72.535528782727980     
   71.028219287642770     
   69.303543609679252     
   68.273156904927134     
   66.281564356047440     
   64.943562032310609     
   63.520081131779264     
   61.578924603800679     
   60.241444412149761     
   59.274671212896564     
   57.153925698868676     
   56.681529366734111     
   55.656911340254084     
   55.144215576469783     
   53.341917665397553     
   52.097776255786776     
   50.937376125341395     
   50.178351692311551     
   49.159725243668632     
   48.381333489110318     
   45.970517116423096     
   45.237197398143984     
   43.453115130936581     
   42.387784152964031     
   40.266539723823826     
   1296.9170056379521     
   1073.9420676332347     
   897.38283527402018     
   774.24912756108529     
   694.27902263272927     
   629.00439492644603     
   580.07257419051302     
   550.14906121861418     
   528.20848892557649     
   504.02190815727556     
   482.82899081741800     
   470.63023826570043     
   452.54010189784867     
   430.22221530979368     
   413.31951636116310     
   411.85252737544590     
   396.33716115349341     
   384.47134283001145     
   360.95986452231460     
   349.79501202871791     
   350.09889962374541     
   338.14199772763624     
   329.23881234079244     
   307.06378037486746     
   299.30781394082589     
   283.49498786681886     
   273.06682656438880     
   269.62730971769878     
   271.96139959435055     
   250.53759140301219     
   243.02645529422404     
   232.60627203345533     
   229.95593792468225     
   229.00789483487506     
   220.51579604021393     
   214.78706058439795     
   201.97637785629848     
   198.39773761317289     
   192.31053636564758     
   185.27916883883094     
   179.73748987933598     
   172.72181603388626     
   166.00758937555352     
   161.18951852463823     
   157.76767712135381     
   155.02932207901128     
   148.30113110565532     
   146.06824062927737     
   139.20073908133887     
   134.97899988824685     
   132.06014106827843     
   129.27057395839088     
   121.67964568464086     
   117.30844231698858     
   116.95880550530163     
   113.17590205468167     
   109.51780604513768     
   107.87064055896462     
   106.02803377971929     
   102.44447630932203     
   101.57025417871722     
   97.346618073197604     
   93.692183286016672     
   93.223631193369044     
   89.031647346323496     
   88.782050550073222     
   85.615969807789412     
   83.586177494201849     
   81.710137303001844     
   79.958296336132491     
   78.702883001922075     
   77.166033765942657     
   74.381892929651059     
   73.203961972556726     
   73.255139029453474     
   72.016017047690795     
   69.537063398372652     
   68.299709911424955     
   67.734461880466384     
   66.502050135990004     
   63.792953546041723     
   62.615804254187509     
   61.180782538928185     
   59.041641852079543     
   57.690246646975453     
   56.729512280370500     
   56.177481403767416     
   55.354780388150253     
   53.894900647437709     
   52.986217713862374     
   51.196590139250176     
   50.214714276696519     
   49.184552350742955     
   48.425213704341616     
   47.705609323750132     
   45.578417672239468     
   44.647833269153772     
   43.064636699566691     
   41.306485581627641     
   39.761868420972860     
   1317.2766426393639     
   1097.1195241916071     
   928.33355160080987     
   798.66038467279918     
   711.33997507449931     
   637.07759472133762     
   586.42222146794552     
   560.14238692525578     
   525.95802289197934     
   506.78261318712953     
   484.87760433173031     
   471.06991225251807     
   456.99040215884872     
   424.11239450570815     
   419.77086537692139     
   420.01274249807790     
   396.99913596529888     
   387.71355882745371     
   372.98249068419523     
   351.33759423822630     
   342.09245778411969     
   339.11491906128185     
   321.64184148039595     
   304.49819367199353     
   297.30907234378930     
   285.40391403342306     
   266.08932439531691     
   271.52313657116798     
   272.98486725893230     
   253.44030239916952     
   239.22403818609584     
   224.81421723798553     
   226.03539461623114     
   224.36798242823792     
   219.78101999433846     
   209.54405934038897     
   201.06764221712027     
   196.82152849889118     
   192.86417143404807     
   186.48032885373647     
   174.95922975082320     
   172.17796855795098     
   166.53065517844672     
   160.18999826720028     
   154.90842410224448     
   153.42359012770339     
   148.39479944571949     
   145.53046487091740     
   139.38378391810494     
   134.25730692525116     
   131.29222899175738     
   127.84535179285723     
   123.08136641217195     
   117.19334739525445     
   116.58846736020223     
   112.45975059252424     
   108.82761653056961     
   108.50421248440605     
   106.99260583600939     
   101.72817236001595     
   100.60073919773596     
   96.752422550592740     
   94.546276461630001     
   94.452984769082846     
   86.581054538058481     
   86.087604233555737     
   84.956465871899809     
   82.320255134679414     
   80.254889101025100     
   80.006288420998871     
   77.025557358737188     
   76.907229125896563     
   75.241518266848118     
   72.616686941103183     
   72.434902507181889     
   70.587122547607379     
   68.846695891586961     
   68.015352324940565     
   66.124024577123180     
   65.859307440552428     
   64.068210787568447     
   61.721236597810844     
   60.363469156867474     
   59.151626758642621     
   58.068483153753981     
   55.954091844497441     
   55.710717254503336     
   54.792991797515064     
   53.541120403257750     
   51.959871108583897     
   50.282334865518436     
   49.742343461232224     
   48.517059606808239     
   47.774497854985057     
   45.994986349305506     
   45.444739494469282     
   44.371729052937468     
   42.510727499105890     
   40.967662555885354     
   39.398182268865739     
   1333.1605030989053     
   1120.4496906818486     
   957.84526793474674     
   821.83985299368635     
   725.43503966102298     
   644.38964695413006     
   585.94322313195858     
   567.41574097993657     
   533.35837154058959     
   504.45570107526123     
   482.99302212265280     
   476.93575128481143     
   460.10649788590592     
   442.78958398308640     
   426.84228860540270     
   415.21122634989433     
   396.60661729390637     
   385.72442701566416     
   374.05863058375917     
   346.77894780859896     
   332.64586922243649     
   341.43250776371855     
   317.78803963644623     
   302.82179468687724     
   290.05507901032701     
   283.41350149602226     
   262.45365840767448     
   268.23732248609252     
   264.48201949453988     
   251.49075247808329     
   239.33445327711232     
   227.19746125364728     
   228.41768364542992     
   226.58639488987279     
   213.34870462605031     
   206.08758280360388     
   203.86143445128502     
   196.33568192086551     
   191.70141822071568     
   184.50176270547414     
   176.86911898830670     
   170.63267831216541     
   167.21473017472033     
   162.84645314681867     
   157.24999105354433     
   153.49585216454579     
   147.87232680042487     
   144.59379342865375     
   139.50611287145682     
   131.17664403174155     
   132.86403605534636     
   126.30786618782145     
   121.36160386728992     
   118.21545138506022     
   115.09433730904709     
   111.39319451808072     
   108.11051187202662     
   106.64959859556413     
   106.19291481399296     
   101.77594474362826     
   98.808265665380006     
   96.302914056622882     
   94.168113407311495     
   92.232821793284444     
   87.474425905170534     
   85.571482305749228     
   83.767642743908354     
   82.185533504981549     
   81.275609451931473     
   79.211857936789514     
   77.303862106495757     
   76.341925011374173     
   73.696716273794877     
   71.548601941118079     
   70.268639073889105     
   70.946799961568132     
   68.299953907530494     
   67.665656364727226     
   65.293219742055484     
   65.174198358591624     
   63.350155321282053     
   61.198073277736604     
   60.879570054058469     
   59.804434832262459     
   57.406322166479256     
   55.841950919973982     
   54.683147212006318     
   54.241822185139320     
   53.023945691967398     
   52.201604611299999     
   50.216896817975439     
   49.334736618406168     
   48.481695314604615     
   47.167323121363324     
   46.364034020511326     
   44.794915471679289     
   43.845659752986727     
   42.386435760210233     
   40.691660867646675     
   38.218014416467483     
   1344.3580547309837     
   1151.2923276432107     
   989.37126758946533     
   855.49240380652714     
   738.72942189580851     
   658.33387787988545     
   580.95947409140763     
   569.28512137487814     
   530.55189453726950     
   501.42575395735867     
   485.83828386090545     
   481.40336647355520     
   458.74682825727274     
   445.74496554318080     
   423.11808795369006     
   408.79284485240578     
   389.72514835063743     
   387.43519213045704     
   364.81250493092563     
   345.48730287188573     
   334.41336667449627     
   335.77042628349699     
   312.77461325344365     
   300.09489770212468     
   292.68568492863739     
   282.72494517849577     
   268.94077895173507     
   266.09294471518075     
   260.96784720593479     
   253.94974508078113     
   240.15510563377455     
   225.16108945801074     
   224.98928273837100     
   227.87759053740902     
   218.72803425112576     
   206.91520047058799     
   208.21058705464114     
   197.91974730231925     
   193.40266628787910     
   183.04695563266489     
   181.78153717982170     
   172.63123677538130     
   171.35037020795119     
   164.21340328794372     
   160.66091419077358     
   154.71579600331017     
   148.48288192201517     
   142.91320341114323     
   143.38771651277037     
   135.00432926873546     
   134.14748733459405     
   129.27745377173298     
   122.08343989947453     
   117.99516869788999     
   117.53267448359315     
   110.22178353908791     
   108.72019431763754     
   106.33764520287201     
   104.33515220255443     
   103.27906344586989     
   98.555368190235356     
   95.097246439494199     
   93.466984999459626     
   91.644058481461315     
   86.696635329245282     
   86.129632394178742     
   83.815428529004194     
   82.497023587652265     
   80.872155901538548     
   78.922842672594513     
   77.084655813085362     
   75.140635424617855     
   75.038631158629016     
   72.042204673333003     
   71.679274811270332     
   70.448542401502621     
   68.274256115152397     
   67.533684244756941     
   64.517142097914359     
   64.884090293368374     
   62.873532607813146     
   61.263327448767370     
   60.926443038325928     
   58.411897836567917     
   56.682401384872932     
   55.582339173803817     
   53.921332024342604     
   53.627976193326084     
   53.174750796389141     
   51.651822518367041     
   49.963652146250183     
   49.631130147368040     
   47.805193917645823     
   46.996194021264692     
   45.590795635506502     
   44.593581579992204     
   42.980328260129994     
   42.354944724676251     
   40.905704220879898     
   37.798551347193964     
   1342.6108246715926     
   1162.8851885227441     
   1016.1373378069841     
   874.97181772512920     
   766.63830489291638     
   689.11046262775949     
   609.54741220262758     
   585.48556490253236     
   547.26524658498624     
   502.16526874449306     
   485.00531679508185     
   476.13733297637094     
   445.28545510261046     
   437.35148059798780     
   420.45836200518363     
   402.30060909846765     
   399.32959115861570     
   382.65447227379786     
   371.21472414774632     
   358.96433755375028     
   343.88818813578331     
   322.95154932872509     
   308.62140775488194     
   299.22504488567188     
   290.83384892376444     
   278.01539551144674     
   264.90932478219793     
   265.13674437975726     
   258.83046960467476     
   252.79310693644263     
   240.54773642829500     
   227.34267163611901     
   222.26383856085249     
   226.62896235663402     
   221.78425837064498     
   208.06298819851111     
   204.16176245422884     
   198.55257232989507     
   190.49724266656165     
   182.55820137560707     
   179.00738019634852     
   176.57416802013540     
   173.49815146979179     
   164.92416254872342     
   162.30387877247972     
   151.20924771876929     
   147.30095741726450     
   142.48692053849908     
   140.93102710815921     
   136.80362855362193     
   135.11153400593935     
   129.50545574763143     
   120.06687879878959     
   119.14293174149786     
   117.39873523136728     
   110.34170363542643     
   108.91389210789961     
   104.98811305488715     
   104.87712790741791     
   103.53022158922187     
   98.011435112273759     
   95.020460040900403     
   93.578330179232452     
   90.916963910854179     
   86.460061207689336     
   85.657622965629315     
   83.950148371927824     
   83.197866503621285     
   80.923919557008276     
   78.174069424003903     
   76.737592089466020     
   75.954900266049791     
   74.434554451761613     
   73.358979629173291     
   71.216310882962446     
   70.119192532316475     
   66.968575221392967     
   65.323373680951491     
   63.830970419819565     
   64.212665999615155     
   61.797599562362329     
   60.370831671289267     
   59.419761816284058     
   57.228822374729177     
   56.881659956359130     
   54.888413095012353     
   53.733693894490976     
   52.572118331376572     
   52.450268965553782     
   51.631766403375899     
   50.093228784448662     
   49.086769471188539     
   47.900922856832793     
   47.521705496462651     
   45.363332746259090     
   44.265207091357333     
   42.345196547914156     
   41.994235443454301     
   40.790089571244039     
   37.517140815401653     
   1357.7740567433261     
   1173.1975992571736     
   1036.9590043226378     
   891.76182896100056     
   778.21735577332367     
   697.14282567230532     
   622.14765858832766     
   597.00368532470918     
   548.51175938541292     
   519.06274771258870     
   510.87192195062755     
   478.28585880129731     
   444.16974489568599     
   446.58943686032626     
   424.89413895364180     
   397.79883808918299     
   396.81272427894453     
   378.52124639014045     
   368.12056165478646     
   350.23817823243650     
   346.61685692190093     
   324.45886490990392     
   313.65070022156863     
   295.20388824216741     
   287.44707993892365     
   279.44528541085168     
   274.31500824963484     
   267.71762277520725     
   267.17350427030948     
   254.45612499370850     
   237.69919758741935     
   234.72190054636741     
   224.26697337119555     
   218.18996796610901     
   218.88206558282053     
   205.67410773236293     
   203.98860773030398     
   197.96921559309300     
   190.06467750961463     
   185.72751317835326     
   181.10195299349857     
   177.47011488942690     
   176.35427745261077     
   167.07755382735874     
   159.23420621480622     
   148.59189091273083     
   143.29948053909914     
   142.65861096232476     
   140.00233248801644     
   138.59632955352322     
   137.69598750565424     
   132.44097124025063     
   122.59023905021343     
   118.39855971846106     
   115.13825711632694     
   111.42244457315869     
   108.95265575856571     
   106.69763303814682     
   103.12156275118171     
   103.07337156844095     
   99.159842125362090     
   94.313045337005363     
   93.692745372909499     
   88.752541300647778     
   86.639217761185904     
   83.344509578598121     
   84.148050889323756     
   82.198294341627175     
   80.234586541919981     
   78.538668990453772     
   76.462003393314362     
   74.283546988686908     
   73.003287969512385     
   71.241953995567457     
   69.747543431209351     
   69.966973238545961     
   67.368128998537117     
   64.614143307219479     
   64.114415650125963     
   63.570943841159647     
   61.254954724042207     
   59.926268322598737     
   58.359483957704924     
   56.865038393319622     
   55.919011345940191     
   55.456576286021011     
   53.369880800010534     
   52.216967739224330     
   52.278861275552103     
   51.128606677367067     
   50.176900344374445     
   49.342349475222562     
   47.844071719788268     
   47.221218255868820     
   44.650342914942541     
   44.076204112622591     
   42.469200983041105     
   41.110944616618461     
   40.271258937182068     
   36.968348573029132     
   1350.2775126371941     
   1195.1160213934286     
   1049.1189461574888     
   914.33739152492160     
   777.54529278681946     
   696.86921054126071     
   631.62443638673722     
   606.90021220142910     
   549.83286787062389     
   508.08808121346226     
   500.70150909016172     
   461.87343807298498     
   445.46990435160319     
   435.94562735092427     
   433.37817067645835     
   385.21962605980173     
   400.74256636382705     
   387.89479402949183     
   364.44377202003676     
   348.20600790680021     
   344.31270628780339     
   336.35982580246264     
   317.12343471777751     
   281.93245370414041     
   286.29389560736951     
   273.17190880271727     
   273.65706208795126     
   273.31137750057076     
   268.57088420780485     
   259.15079079513350     
   234.89985707610171     
   234.38601294740334     
   221.92765232421630     
   218.16595489417642     
   219.43919897294100     
   208.24903097271869     
   201.79342558698238     
   203.11360762365652     
   194.60224716541416     
   188.93037442052912     
   183.91972411340589     
   181.51333619766501     
   175.30183403604298     
   169.21883393142940     
   157.11899264728012     
   149.92372188163435     
   144.75552426254626     
   145.56448737201751     
   141.55952122630202     
   140.21134054228062     
   138.37465211394439     
   133.44178046327130     
   125.99369935937295     
   119.56808078879789     
   114.31490654455587     
   109.61584732002157     
   110.13683725113304     
   108.15659070938432     
   101.86513022816149     
   100.79561614898604     
   98.431014279610537     
   93.512175069896003     
   92.994820404155234     
   89.933243432184241     
   87.501040986382137     
   82.787931037059181     
   82.898882685729703     
   83.154529605453661     
   80.225031358937812     
   78.747133831390514     
   76.666891454250418     
   74.272324811868216     
   72.763149510525778     
   69.849556751577083     
   69.112325796668500     
   68.294409792295340     
   66.079141000590056     
   65.307577584652861     
   64.205266914078450     
   62.595553022024788     
   60.727236020443954     
   59.709771015850563     
   58.800429595094698     
   56.249222295260431     
   56.157455940777439     
   55.375298909495498     
   54.208615995655130     
   53.080791304714708     
   52.589052662597645     
   51.201628147728144     
   49.704586238973164     
   48.946213438801351     
   47.844291468929114     
   46.249756837671491     
   44.566630361801430     
   44.031686487915906     
   42.394406991886378     
   40.509478486157718     
   39.258868048278174     
   37.743930486265157     
   1360.6445545837255     
   1193.3082868266752     
   1052.7669492476700     
   923.81261695050387     
   797.14144998903771     
   676.82733236759725     
   624.07048426829556     
   594.88819262759841     
   533.61929250251592     
   502.04998632843814     
   489.50498846276855     
   459.42200406828852     
   448.13887764040260     
   422.99495267747750     
   426.05039726037046     
   390.09198588000447     
   404.77674433215816     
   388.52297256504909     
   370.69030754288281     
   353.51274749419343     
   345.59674769572450     
   335.58068810391217     
   319.96397666004907     
   289.86475945484727     
   283.66382991370796     
   261.21368082193823     
   275.38664196347725     
   279.65568823538229     
   268.32736667287799     
   265.90093061528273     
   234.39932450695625     
   225.39648393513778     
   225.18207095813960     
   220.19791263873390     
   222.69196753382016     
   210.49118982994642     
   203.02015957419755     
   206.40291499546868     
   194.80564986670663     
   186.80011006329772     
   182.95013645387726     
   181.33227147020585     
   173.37656429374434     
   168.04022574306259     
   156.61025240678867     
   153.24967895903816     
   144.80666635289899     
   143.71180714845184     
   138.59559013603612     
   141.58583369799717     
   139.37648860774192     
   134.11080535816319     
   124.98854639804611     
   120.30968080282778     
   114.00070861899775     
   111.82739039821806     
   110.36393934597264     
   109.35982307399928     
   101.60096507500300     
   99.457570246753875     
   99.217083753913244     
   93.418907981219846     
   92.574306908887763     
   90.516533642122880     
   87.250762050955728     
   82.675323808815591     
   82.305222962422206     
   82.008599016000971     
   81.581100234516825     
   80.257945435583210     
   76.468091520075390     
   75.406996049952866     
   72.785259041508382     
   68.593118726161521     
   68.757408918502648     
   68.142232513679218     
   66.935405340471632     
   65.560138802325724     
   64.378575059948417     
   62.841695622043183     
   61.551324554973519     
   59.779328689757619     
   58.203672136475937     
   56.370673170992461     
   56.176866246585881     
   55.348933879830170     
   53.181088790775640     
   52.823989543635719     
   52.423897760346620     
   50.722327103162989     
   50.305803721405269     
   48.239013885087779     
   47.283908125393062     
   45.969645278550580     
   45.266791468143936     
   43.555173392977679     
   41.731921507575592     
   39.939622637854420     
   39.304266997572654     
   37.242866695744951     
   1351.2937193289317     
   1192.3361903023483     
   1058.5563784730591     
   931.43030568669292     
   800.02117106293258     
   670.74337058972117     
   617.73963847939717     
   563.08269340906656     
   529.29345630239516     
   513.99398329168571     
   501.38897043197500     
   457.15841785778514     
   443.49087510239622     
   420.19916218350392     
   423.03522307236403     
   396.35892528429423     
   402.15980211644683     
   380.48579944386591     
   365.24087739149377     
   351.69334208004938     
   342.47505489957086     
   336.13599784317131     
   326.49225735551994     
   294.74047907496089     
   280.50946923157562     
   262.62936163693712     
   266.95501218587020     
   280.89367302492769     
   268.12224167523772     
   261.36734334316856     
   237.12371388272945     
   222.28475260855180     
   229.99697329448611     
   217.56609121456106     
   221.57720834216656     
   211.44053060090164     
   198.83399097233792     
   203.89355719992665     
   194.24187831391103     
   189.55639602347210     
   185.71118293240983     
   180.50153978905189     
   173.78623000749496     
   174.56920173097080     
   157.76503529612137     
   150.13190606502101     
   141.27225280438995     
   142.79296684930910     
   140.24342438389175     
   139.84691519239999     
   139.25748539818716     
   132.85657903840135     
   127.53806615734929     
   120.03193925058213     
   111.87006554522114     
   112.76394538195007     
   110.04737160907948     
   109.01320524477481     
   102.30913500919840     
   99.637781818644370     
   99.573013473440284     
   95.580211061428031     
   91.005369831952706     
   88.167856001300478     
   86.808736741916633     
   83.249994862753596     
   80.953756627580077     
   81.540852908301844     
   83.784710502993661     
   79.966892038610482     
   76.274429904436815     
   73.476047086085700     
   72.064760219956327     
   69.022363147171816     
   67.756881321002098     
   67.770328211799509     
   65.864164688190357     
   65.635383120291664     
   63.855439482444730     
   62.512153987097108     
   61.816418429399235     
   59.124802616030323     
   57.296964242308412     
   55.123472676152232     
   55.051452566818668     
   56.001064644649936     
   52.341486499668797     
   53.149714738999478     
   51.681267699042628     
   49.748326801324232     
   50.286898313728130     
   48.262989832527140     
   47.500539939498822     
   46.272405439167514     
   45.228227306789194     
   44.313126731569668     
   42.858611643904140     
   39.853742045994871     
   39.325830129753371     
   37.026411658013160     
