           1
        3200
           1
   989.79744975843062     
   936.52626399605310     
   895.15203272726353     
   863.92112305599221     
   836.94411749514120     
   816.29425140667740     
   795.05050910773684     
   774.55016003181186     
   755.27255515320758     
   735.59878828907597     
   716.98776722401476     
   699.70723283678990     
   682.71515640281507     
   664.97214804856048     
   648.76505536607601     
   634.63128029388008     
   619.39431176223297     
   603.81089440715584     
   588.01328373326999     
   573.41410547935504     
   559.58235524550139     
   546.87025662119459     
   534.01327406002042     
   520.97894319490922     
   508.54967019088235     
   495.86358873753608     
   484.15715178067353     
   471.47287272223480     
   459.63095948787719     
   447.90113680706543     
   436.20142301768914     
   424.60149500565524     
   413.81386565351630     
   402.54951886198933     
   391.87793556415022     
   381.16820491809892     
   371.12407206086851     
   361.38311618030480     
   352.66267660237963     
   344.47872551704313     
   335.96411078823297     
   327.44897155265903     
   319.75814080565397     
   311.61645155360191     
   304.56651865494604     
   296.97084791862034     
   289.66103036387221     
   282.86677951366312     
   276.14986099217094     
   270.00468203863295     
   263.70279082051945     
   257.50764893903295     
   251.62341042048661     
   245.78451637463075     
   240.43855386041400     
   234.99832325199463     
   229.54094009475821     
   224.49883252661445     
   219.81908049309681     
   215.07743622168698     
   210.55740811485452     
   205.93125491594515     
   201.44473238904970     
   197.28778794582297     
   193.04742669467004     
   188.98555561544478     
   185.00479180465101     
   181.22674870374402     
   177.63039030847204     
   173.97821058510917     
   170.50199459392496     
   166.95189039084005     
   163.64871192196807     
   160.24494869578456     
   156.93578128386099     
   153.87907301720634     
   150.84397660820130     
   147.88232015022876     
   145.02716958290810     
   141.95159542985840     
   139.30450406450154     
   136.57744219465476     
   133.85205000606382     
   131.24527286634034     
   128.64691558524174     
   126.01364683192097     
   123.54697403265565     
   121.17173645222684     
   118.76149290527059     
   116.33525677419303     
   114.07994416414945     
   111.85225508503834     
   109.49040264949787     
   107.30957848156103     
   105.03305401085861     
   102.91204506063066     
   100.90875664702456     
   98.860354831948086     
   96.787211421422413     
   94.745861296166296     
   1009.4583499339931     
   976.99791111640900     
   932.43603688458870     
   895.37000300623765     
   865.30688578888976     
   839.50094493230631     
   813.77545252542495     
   790.56901904516963     
   770.69481571379231     
   750.64597022639930     
   731.80756541728363     
   714.18079489686363     
   696.79426273379249     
   679.03789494395437     
   662.09227093302923     
   644.73822042618110     
   627.79420250155226     
   613.25341266522548     
   599.27589343290060     
   585.86515032838145     
   572.04033651549059     
   556.76135720034040     
   543.11214033276053     
   529.87647947930714     
   516.28654756455933     
   503.02347924674467     
   489.92079853802090     
   476.26968189810225     
   463.01934199873608     
   450.62509200756966     
   439.57724821288468     
   427.66499045454793     
   416.27616521880680     
   404.97733878078213     
   393.89565956570215     
   383.45125405756198     
   372.91175714552861     
   363.18335685418117     
   353.57461043409489     
   344.18556837871949     
   335.14692339586344     
   326.31875463881113     
   318.52976482392268     
   311.08564973001609     
   303.53170109782241     
   296.22525758188630     
   288.63939660978042     
   281.96300166921230     
   275.41636536983475     
   269.05602980375431     
   262.95217121793780     
   256.94936354348806     
   251.40113567307293     
   245.91638942252578     
   240.35779577802367     
   235.30599097854591     
   230.42344284976377     
   225.86545050674277     
   220.47501463107756     
   215.90523163470507     
   211.14034119512380     
   206.39240784180163     
   202.21931917303928     
   198.39664585081681     
   194.16806124818456     
   190.20491197091241     
   186.26649909250162     
   182.44165177524462     
   178.90065297034070     
   175.26910204368363     
   171.70614590835478     
   168.32426068678620     
   164.89598246137427     
   161.80327212446682     
   158.58916813259685     
   155.20322792987940     
   152.08307680957500     
   149.09769637454207     
   146.09860359626649     
   143.04587472644155     
   140.14528780224757     
   137.29981882019655     
   134.53431527514869     
   131.73855313213360     
   129.04317554900280     
   126.40790823323340     
   123.85661309822210     
   121.35500779962689     
   118.80438159797407     
   116.38517686051611     
   113.90601982990562     
   111.65287974461309     
   109.36401996995721     
   107.01580222803653     
   104.63804740810131     
   102.46476247450242     
   100.22676817280006     
   97.967773253860571     
   95.924220326691866     
   93.735850959602033     
   1013.0672400668685     
   982.49832231669700     
   951.60931107569672     
   918.72051485324835     
   889.08898822485367     
   860.80580381679817     
   834.21637071359987     
   809.07634320292937     
   786.94354986040389     
   765.61190121288701     
   745.91316988193307     
   728.48731686509996     
   708.18307168903823     
   688.87354632587619     
   671.63297105377046     
   656.03546326917387     
   640.06490689788029     
   623.86097058250505     
   608.06123247263565     
   593.61650691601528     
   577.34501936680090     
   562.94637276647552     
   549.09054791793676     
   533.37684107718053     
   518.72589436868031     
   504.56876015037932     
   491.68567042586596     
   477.42805436085041     
   464.42864786317944     
   451.48701304280507     
   439.29817254717534     
   427.99197719354288     
   416.19610899885197     
   404.77766741418134     
   394.29950434592553     
   383.57831442682675     
   373.44696426091235     
   364.18283969837006     
   355.05990530115952     
   346.23926080942050     
   337.89660163927658     
   329.62146304550618     
   321.72236222778281     
   314.70523787794298     
   306.57290064085169     
   298.93137900730062     
   292.03354438655452     
   285.13937748215722     
   278.38656645638366     
   272.39726332882634     
   265.88682548313085     
   259.71533311143810     
   253.62472956943495     
   247.88857432233002     
   242.70732165852851     
   236.99146459473559     
   231.89081261900509     
   226.86688970157923     
   221.60546352262978     
   217.24860121913625     
   212.51821631951918     
   208.15406163470445     
   203.68104783388668     
   199.27182925516382     
   194.84087845858187     
   190.79133871938032     
   186.88322991898696     
   182.93084929477331     
   179.07674080937741     
   175.40825092514729     
   171.67415491474341     
   168.37069965126511     
   165.00234204290001     
   161.56543346341829     
   158.16369955476850     
   154.84757874125523     
   151.63430633909309     
   148.51892337506976     
   145.42862864410347     
   142.44188679074051     
   139.49460101404924     
   136.63421130261742     
   133.64379401755824     
   130.91500721179005     
   128.26754330539256     
   125.46455812426150     
   122.76908185392014     
   120.15082503214056     
   117.54736019794592     
   115.10974643015192     
   112.64911990785268     
   110.15749200880396     
   107.77090043958381     
   105.34763468695991     
   102.91740067953383     
   100.68346524982061     
   98.439168287417445     
   96.118464696655167     
   93.867299067698085     
   91.602134889994232     
   1017.9363966074250     
   985.14976068095336     
   955.45752053384740     
   931.56657177342856     
   905.22638505104624     
   877.34813639672893     
   848.90570116440131     
   824.27905695576646     
   799.40676256849315     
   778.08896545055711     
   758.12223135011868     
   737.07314286184805     
   718.56329860994310     
   700.54028546730228     
   683.79189812067796     
   664.58041695989232     
   648.82565016727131     
   631.88693275128890     
   615.99306999125531     
   600.09548232131942     
   583.25452124898322     
   568.05164125055114     
   551.52440434987693     
   535.40855801114242     
   520.72181274676143     
   506.31381791295144     
   490.72315756959949     
   476.97264677139128     
   464.19413122014055     
   451.55392265196997     
   439.91370310502327     
   427.85156163720217     
   416.95924402273511     
   405.13244719758768     
   394.80856437237156     
   383.96091595923031     
   374.25947488708596     
   364.76430822770271     
   355.68734849261369     
   346.54586690823578     
   337.50557601554527     
   329.03600394376122     
   320.83171564664372     
   313.27663547073303     
   305.32943199992911     
   297.55120375963003     
   290.89303623813157     
   283.67547018886353     
   277.19778394914960     
   270.81048369788562     
   264.78494008782070     
   258.55374706895543     
   252.28238359605635     
   246.51846675553645     
   241.47602180992578     
   236.09217479234849     
   231.27008780848735     
   226.38130156015364     
   221.27736339513763     
   216.37939880994028     
   211.61875809977465     
   207.26616269462519     
   203.03662994793453     
   198.56918172294968     
   193.92083609203473     
   190.13576063056524     
   186.25153306147990     
   182.27329175672304     
   178.44649211357549     
   174.72180747267970     
   171.10407469624090     
   167.52911308846294     
   164.07728112414827     
   160.56015212674220     
   157.06302772442763     
   153.71074071358925     
   150.34810993497840     
   147.08714592405369     
   143.93776712151484     
   140.59344636542733     
   137.47935754590591     
   134.45353363717669     
   131.41729768711184     
   128.63751510603748     
   125.66478374237325     
   122.77345375670441     
   120.03912773079820     
   117.28703534745418     
   114.59605885316046     
   112.01338105824939     
   109.27730971732680     
   106.63389025683823     
   104.08941681492811     
   101.51901489159344     
   99.082326969181310     
   96.851350761763570     
   94.343957806584370     
   92.049923527475158     
   89.713004197138076     
   87.316610492790204     
   1024.0766742995750     
   990.96963460644122     
   959.53677418974610     
   933.33815328071739     
   911.05619720279867     
   885.12728951164297     
   860.66431546834167     
   836.33255359200132     
   812.00229115194247     
   789.59817753390860     
   767.98878051553652     
   747.37313445370091     
   727.78939269203124     
   707.20570861655858     
   688.86742411422392     
   670.97188856361367     
   652.18542947229912     
   634.33739471317153     
   615.88084692584243     
   598.37826331476117     
   580.96945755932086     
   564.47368256272057     
   547.99140725981977     
   531.94506522721929     
   516.80930469731197     
   502.69668148653727     
   489.41045741105825     
   475.90637722294076     
   462.42560035448417     
   450.03291448035480     
   437.77029385596518     
   425.77122878220359     
   414.57603579806732     
   403.14853937720375     
   392.53937154052625     
   382.88895688070289     
   372.68578917344132     
   363.24268479649191     
   353.82503131996714     
   344.89133309887694     
   336.33176892252726     
   328.15857726512911     
   320.11799332744050     
   311.53930514384928     
   303.85732883354365     
   296.40992389900879     
   289.75805508745623     
   282.70185974544739     
   276.15033004367012     
   269.68039733648021     
   263.70013465943902     
   257.26247645696151     
   251.30449962135427     
   245.34165677482491     
   240.18404982389629     
   234.87691831990105     
   229.65992857032592     
   224.69148044386455     
   219.88421333806241     
   214.90391665905176     
   210.56004803573705     
   205.81872773699484     
   201.36048828703332     
   197.05180425225822     
   192.54458028235450     
   188.28521677687974     
   184.00592885102176     
   180.07075221878310     
   176.51858433715560     
   172.49373763042749     
   168.86712134028335     
   165.17892772873324     
   161.41064265539794     
   157.71532451372445     
   154.05435799492784     
   150.76293695231320     
   147.46653709075980     
   143.84035306012734     
   140.51068126429723     
   137.25529647502506     
   134.02909049181625     
   130.79398544720624     
   127.65201638842815     
   124.77910177163733     
   121.81217985895080     
   118.70250414444538     
   115.79523026590604     
   113.00757092102519     
   110.35920006389681     
   107.51791716722798     
   104.74256937777182     
   101.95714231689674     
   99.292218860159807     
   96.778379901474665     
   94.199840823960102     
   91.876647169833035     
   89.441085209408485     
   86.983363825771633     
   84.632278680944580     
   82.101044246289774     
   1028.5563748925870     
   993.53985361223454     
   964.46960014781791     
   939.20624277252591     
   915.17350350911488     
   891.20535045849601     
   870.56034960176783     
   845.39872879875952     
   822.47181930377087     
   799.72759462327497     
   776.85398180655807     
   755.55539756782400     
   736.93115746133049     
   716.25417443370077     
   696.93130130051645     
   676.41846949730098     
   656.45342562454221     
   637.21474106527148     
   616.87111790911490     
   598.10568827255224     
   581.36752693003268     
   564.86617495609016     
   549.27267899360538     
   533.99628066028504     
   518.74046256310430     
   503.81932386214288     
   488.82115713378158     
   475.85614321248852     
   463.54228222478082     
   449.70913929353941     
   437.02932276067941     
   425.66691126198697     
   414.35620481220019     
   402.82754111233140     
   391.87888383791017     
   381.91794877050370     
   371.80023290028100     
   362.20815341147261     
   353.51440379175949     
   345.03030743737338     
   335.92674631707683     
   328.02864637977194     
   319.94876871935884     
   312.30531651897434     
   304.80976003629388     
   297.57752503932340     
   290.66393440031152     
   284.27509373192635     
   277.30602685430756     
   270.97675288349387     
   264.91425665230429     
   258.43367694032395     
   252.80621053286151     
   247.01722801906496     
   241.50632881584733     
   235.58342090523237     
   230.52644377263420     
   225.18147711438820     
   220.23108660734624     
   215.00496256610893     
   210.24326142506277     
   205.49131139671275     
   200.57884371343948     
   196.28996917760381     
   191.76995989324382     
   187.27118622064120     
   183.22367564709663     
   178.90729196117212     
   174.64891260026553     
   170.53745118281481     
   166.24916633858757     
   162.26857316869535     
   158.49364089941136     
   154.97520193053441     
   150.95378314437949     
   147.30657368878801     
   143.46784910745279     
   140.06520627181041     
   136.39998630524059     
   133.07320533166441     
   129.68008562679449     
   126.20568952823859     
   122.83654763230260     
   119.65696353992205     
   116.37350101020448     
   113.31016637040916     
   110.04188156100605     
   106.93233236406299     
   104.11033343539017     
   101.10612363911480     
   98.396266570699865     
   95.706784842509464     
   93.045757372305076     
   90.482304609780684     
   87.704974665003704     
   85.193069239317481     
   82.773042814900776     
   80.446046825643108     
   78.062461775432993     
   75.717997172101207     
   1030.9758310340551     
   995.27898894234147     
   969.17803923656243     
   945.28920706655572     
   919.19857930255512     
   896.38477949064202     
   873.91103391125444     
   851.64219797236854     
   829.02805804641775     
   807.17748503681821     
   784.50783370228282     
   764.63237829014975     
   742.25961723492776     
   719.96706286023118     
   698.37146931454004     
   676.28180891437114     
   654.88003752844963     
   635.47037104729009     
   615.58288577561825     
   598.35493599320625     
   581.69322112886800     
   564.29259462160792     
   547.39690177323632     
   532.01411918283475     
   516.62978917638475     
   502.75596692011629     
   489.06245451265852     
   475.00688238506086     
   461.06871934002334     
   448.86103929806382     
   437.33974564231494     
   425.78463460923797     
   414.50848686009243     
   403.06498459880953     
   393.01750887178929     
   383.43633360573455     
   372.71401891987728     
   363.86205189605499     
   354.37095690502986     
   345.33485223288830     
   336.88638745820731     
   328.61323576965225     
   320.30251644979757     
   312.70135966158705     
   304.97405820707274     
   297.60403653457604     
   290.56479675517625     
   283.56765883668839     
   276.54254097084043     
   270.03822081170563     
   263.83566697145039     
   257.54089264772375     
   251.24150211462657     
   245.29583984234984     
   239.26716160258840     
   234.09586621516564     
   228.28202037587232     
   222.81931568596610     
   217.51872583975000     
   212.32237749672026     
   207.25741717518611     
   202.16198974954739     
   197.43011132928109     
   192.41315886119702     
   187.93249808896803     
   183.71452236167480     
   179.06684483355400     
   174.51656643472597     
   169.83738693645233     
   165.55267772962961     
   161.25186355354316     
   157.00394841190385     
   152.74866353732409     
   148.85521837569945     
   144.82498129990520     
   140.90490999707004     
   137.05971419227194     
   133.13009771549756     
   129.25772460727430     
   125.62051775720140     
   122.04473212705823     
   118.66426601006665     
   114.93796814181079     
   111.62366730917165     
   108.27451540722114     
   105.22986799650423     
   101.97666347314697     
   98.891958637387702     
   95.913063861583964     
   93.171572950584647     
   90.220626394710365     
   87.504467168682993     
   84.876025999285815     
   82.489350669778844     
   80.125584962678602     
   77.551715841153438     
   75.018875743414711     
   72.793300676274413     
   70.513392022620522     
   68.325349466377958     
   1035.4852860686246     
   999.26773916859543     
   971.58273684497829     
   945.81566182206427     
   920.55219007343226     
   898.55361790149232     
   875.97312416810337     
   854.43382490876343     
   833.87358046754957     
   813.83792331469715     
   789.33281730072190     
   764.49591500488805     
   741.18592022983432     
   718.78440039753423     
   696.42147131324657     
   675.43713046363007     
   654.12184630868001     
   633.06498215904276     
   614.06134884351798     
   597.62177060287058     
   579.83153609386306     
   563.42216646027032     
   547.51959251880317     
   531.42082216718325     
   516.22586339076042     
   501.60240857167634     
   487.16192575201228     
   474.20914001297416     
   461.26623504180031     
   449.45042371279135     
   436.93726390856244     
   425.41773455022542     
   414.47997424173337     
   403.84399530717985     
   392.34488709887751     
   381.90292119977903     
   371.84889371212267     
   362.76945115763300     
   353.02199416918637     
   344.27248069975622     
   335.76724222478623     
   326.94066320378238     
   318.69666584842838     
   310.83549162405291     
   303.37961731652121     
   295.65162809662553     
   288.12478614793861     
   280.69808213382737     
   273.79897354309179     
   266.83483051809492     
   260.64240254978506     
   254.42274902108167     
   247.41526768424706     
   241.06928968978372     
   234.90978407299349     
   228.83046506254379     
   223.42356399830700     
   218.06719975457395     
   212.04950364938844     
   206.42880426897256     
   201.01149523930292     
   195.62782019056709     
   190.14054571533779     
   185.40946977469062     
   180.53124492033390     
   175.51340671844562     
   170.70604420542071     
   165.67532421936988     
   160.82129613901481     
   156.26900220837288     
   152.04841259772056     
   147.44000014010825     
   142.54973315870112     
   138.62575886445376     
   134.23712067694416     
   130.31673011781706     
   126.41503741480020     
   122.60358753966642     
   118.63814719417614     
   115.06389333577201     
   111.61727997958874     
   108.08248025930827     
   104.79405501261689     
   101.76200293411829     
   98.135252012944420     
   95.235521450266987     
   91.991415913068863     
   89.205935974529169     
   86.312268601941284     
   83.565737450972620     
   81.090260026611546     
   78.362101553963527     
   76.328305921585283     
   73.943138869983528     
   72.181710240766535     
   69.874759161701917     
   67.456175320227928     
   65.471677656086513     
   63.122100476325322     
   60.527044267683060     
   1040.7296175747724     
   1003.7331583997815     
   976.61201230085055     
   949.07401144225423     
   925.39594369294343     
   901.39220822140226     
   877.32048071736381     
   855.74590207012727     
   833.45003140719336     
   810.76463062322193     
   787.89527309019013     
   764.18343359659764     
   738.41397286125095     
   713.49007926390289     
   690.95781206311426     
   668.44064516857452     
   650.26070451032240     
   630.72385224769153     
   612.57915090591825     
   594.69960596289377     
   576.04907700481147     
   559.84191201648378     
   543.47937942429724     
   527.21065617971874     
   512.69083631298633     
   498.71312014529667     
   485.04702000740417     
   471.48174402359876     
   458.94288505411942     
   447.98879112011446     
   435.67485542598928     
   424.13140044605814     
   411.75075217023192     
   400.46092357271084     
   389.87736355536236     
   380.22439060601846     
   369.76371766543139     
   359.63102226566883     
   350.26212916039981     
   340.88746177105827     
   332.35028307782852     
   323.83636638828995     
   315.16949000266641     
   306.68673597132693     
   298.64609311383288     
   290.67691032301047     
   282.82511499027345     
   275.30758963098486     
   267.70787936378355     
   260.96760453870820     
   254.08632676157285     
   247.00088372065682     
   240.41865990317331     
   233.65583192972707     
   227.88924562197033     
   221.56915933875288     
   215.13721173458583     
   208.84556783291046     
   202.50564036722974     
   196.43585665844785     
   191.11122597421152     
   185.02675546066752     
   179.31235302505561     
   173.90307532043900     
   168.72879849123535     
   163.18880428852862     
   157.89878155055030     
   152.59972329209864     
   147.86053210126789     
   143.50211075434919     
   138.63200534978398     
   134.46732709894277     
   129.96244852562560     
   124.88215798257104     
   121.13778630261220     
   117.74718058132805     
   114.04694623692515     
   110.02779350040096     
   106.64727973259141     
   103.52544952742173     
   100.07913896398351     
   97.157866788013976     
   94.103708619215809     
   90.591688179118322     
   87.884871257786060     
   86.092197975670757     
   82.805022662670737     
   80.414359737975985     
   77.997053165240231     
   75.767946112960033     
   73.381061687683442     
   70.936557272091193     
   68.831463187358452     
   66.750539047237510     
   64.963682489084306     
   63.021449219395294     
   61.514938060887182     
   59.490560168308662     
   57.351620033117953     
   54.943764343176014     
   1046.9281405588745     
   1009.6260524504067     
   981.77059680225375     
   955.76027674275520     
   927.94692595568347     
   902.70411859325748     
   878.65302898374307     
   853.72854670034098     
   830.38218791654265     
   803.98238225206546     
   777.34694530792945     
   752.73058028838398     
   730.96535819383541     
   708.95510535275605     
   687.30747214125017     
   665.32084587187160     
   645.42936706197020     
   625.42279144431268     
   609.35658256227055     
   591.32864834306861     
   574.98168107359959     
   559.17613403875589     
   543.85183850794965     
   528.98439091263526     
   515.01480316988545     
   500.37787894866960     
   484.56054414022515     
   470.51730335225068     
   457.41228611354381     
   445.28149083289333     
   432.56142518947797     
   421.74077984970813     
   409.79654634006567     
   399.37337662272745     
   388.44597495436494     
   378.03282889129912     
   366.84360873809959     
   356.83923458154027     
   346.41566136970641     
   336.41904269135699     
   326.42976724552665     
   317.36431383865505     
   308.39622853963982     
   299.47501505856212     
   291.02049763715479     
   282.67920481497197     
   274.39019263104609     
   266.63037123169386     
   258.30844270073555     
   250.23587994704974     
   242.40304884725739     
   235.26359014944208     
   228.29974140919532     
   220.61116444645668     
   213.49741670138016     
   206.37416888572830     
   199.76966036781860     
   193.01992412164697     
   186.10277505209055     
   180.15966508866433     
   174.52851337228833     
   169.57420381637056     
   163.55996635541018     
   158.40738586227590     
   152.96271525465252     
   147.65829547064888     
   142.07774153393484     
   137.58449370398134     
   132.77189794601725     
   128.95710702810985     
   124.26879410314544     
   120.61450695088880     
   115.94864098388003     
   112.84077390142542     
   109.25813817977279     
   105.48511524101244     
   102.17578539697416     
   99.216170910709081     
   96.108294435135363     
   93.088380755816502     
   90.335064331623897     
   87.195702598622390     
   84.819709864838387     
   82.271895697736795     
   80.291137277860543     
   78.240669861643724     
   75.950958410043910     
   74.135481910406767     
   71.701257809027283     
   69.716300250638113     
   67.728492030341769     
   66.023981607157992     
   64.412587445272266     
   63.147938311665527     
   60.953599862776493     
   59.709836260920369     
   58.327863332811646     
   55.823756113470651     
   53.802392300491675     
   51.617523315772203     
   1050.7339624416306     
   1014.5584368195824     
   985.16090636014337     
   958.59178521339390     
   931.55179800728752     
   904.42174329294016     
   876.23095654060614     
   848.51171157451677     
   820.30775906786812     
   792.63640446156444     
   766.54698941656659     
   742.22797136519978     
   718.73219281597585     
   697.62552186796734     
   677.74018136630275     
   658.75411359159216     
   639.31104176186091     
   620.83329348885650     
   602.92870775844119     
   584.66138896304790     
   566.35626403303911     
   550.02892629510882     
   534.57305960008057     
   520.12839670549977     
   505.49775265933596     
   491.51680108365639     
   477.61127110573966     
   464.53399808047851     
   453.41144883084621     
   441.50548018923638     
   428.14925661033436     
   416.04422721850398     
   403.39568430728320     
   390.58586379340147     
   379.17722497400587     
   367.90968613364782     
   356.97095539428267     
   345.07678020103492     
   334.78350986019336     
   325.28230857701112     
   316.11341170019097     
   305.69680411037240     
   295.78103326965658     
   285.50706963780192     
   276.34516544654019     
   267.54136752791243     
   259.05359440012376     
   250.52885182357340     
   241.17899783191746     
   233.19917015216154     
   225.49551663771086     
   217.56867144693445     
   209.76717638790279     
   202.45561649119801     
   195.68915147585838     
   187.98281972648013     
   181.42885942068904     
   174.19680130755017     
   167.15756038846388     
   162.10000752917827     
   156.35309087581436     
   151.00747479462797     
   145.84667414555287     
   140.30905471850377     
   135.62415212221580     
   131.85424700573580     
   126.58233338777930     
   122.87986051830383     
   118.57037051648069     
   114.76609515271801     
   110.59261923178373     
   107.65857486495480     
   104.14825910886441     
   101.55345223596686     
   98.226578328269312     
   95.834357070485382     
   93.295561548023528     
   90.856377807182668     
   88.954263448286753     
   86.327918787659485     
   84.580378237594545     
   81.689157134336796     
   79.047101039943428     
   77.250819100910178     
   75.790565904818408     
   73.537183221270027     
   72.278368809964476     
   70.414677511483887     
   68.398775387666561     
   65.875894290706299     
   64.901526547121492     
   63.144373742542925     
   61.553055091531313     
   60.205804200342122     
   58.977407468086582     
   56.936704753527678     
   56.068270431902285     
   53.656303095427738     
   52.220715077536425     
   50.164106677348933     
   1055.1337158031793     
   1020.6672484728334     
   991.78182534799475     
   962.50712920686146     
   931.16582498295395     
   902.44598173502857     
   871.17508155729774     
   840.19087842801093     
   809.89922143257445     
   781.14642579498127     
   753.92177069418153     
   729.64139777970786     
   708.04884479464124     
   688.51787427375291     
   667.37891217978017     
   648.21239242972786     
   629.66036773142218     
   612.02182466987369     
   595.12841250492340     
   578.75598490711661     
   561.22210620581939     
   546.06347648035387     
   530.33414972293826     
   516.29270016121131     
   499.90518999971766     
   484.92159751244600     
   468.97087695976984     
   454.89534087735882     
   442.01508986166448     
   427.60221960111824     
   414.27628001155148     
   401.57576983251772     
   388.22933272823349     
   375.08005350036910     
   363.44733511637082     
   350.85375651998874     
   338.99083583583911     
   327.59092455651194     
   315.86370229353565     
   304.16270115623513     
   293.68516464948533     
   283.76246941925729     
   273.43568956646050     
   263.01718847302277     
   254.09666515448848     
   244.52024751773257     
   235.08331055273567     
   225.84021654269878     
   218.24719325734588     
   210.64821306134542     
   203.09867322068308     
   194.76465093351089     
   187.93057109158747     
   181.18213976514045     
   174.11911132330567     
   168.00482478930027     
   161.58226519572864     
   155.89649159208193     
   150.15341404333662     
   145.00797087987786     
   140.47762394487424     
   134.88222817511362     
   130.74320019438289     
   127.76700124177202     
   123.62979189114917     
   120.42037021185581     
   116.36935863585506     
   113.45556824340377     
   109.64458147232494     
   107.25615880170804     
   102.98546576751261     
   100.84670427520581     
   97.660357747707067     
   95.695894392502936     
   93.509072381150958     
   91.060368237945028     
   88.479069286362133     
   87.280695251494265     
   84.189655989464285     
   82.992734151203379     
   80.664534369105468     
   79.166099790140308     
   76.619718398695284     
   74.449259390675365     
   73.063450581050347     
   71.650041272526238     
   71.055389648641096     
   68.586975662209909     
   66.302190301677911     
   64.714891794486178     
   63.005623093941438     
   61.494271654716627     
   59.992649979170160     
   58.780773249699358     
   57.750956690935034     
   56.314633429215462     
   54.305936468887829     
   52.263645558489387     
   50.331399622018267     
   48.192149470707726     
   1060.4536473552357     
   1024.9357489445083     
   993.22610011085635     
   961.26649287037969     
   926.73753301801935     
   891.79906320701730     
   856.80798502251946     
   822.73527155759427     
   793.82148378360012     
   766.25898302980522     
   741.81413546466490     
   718.68267922573284     
   695.68561571527152     
   674.86108784916280     
   656.89270627718440     
   639.33816799240856     
   620.40975574674815     
   601.51979729125503     
   584.14619138982243     
   566.51255548389406     
   549.71173082919404     
   533.00776582672017     
   516.92091685906507     
   500.92760422413176     
   484.58947706555062     
   469.12142857986180     
   453.63594336605638     
   437.11554443845972     
   422.82857369269840     
   408.32560450321978     
   393.20987783831185     
   379.88941157529246     
   365.50945456689522     
   351.32427787686345     
   337.39041676732563     
   322.67534984647875     
   312.38535668738029     
   299.81338454978209     
   286.76438933960890     
   275.00019380148990     
   263.19281121234837     
   252.17718520408789     
   243.76519011717767     
   233.48378113149556     
   224.79213975579924     
   216.33097074437427     
   208.81224616911726     
   201.15603870024427     
   192.70261052505151     
   185.73511544593208     
   179.94658358232027     
   173.85922158665235     
   167.47893522113188     
   162.10412465698289     
   155.37741138234202     
   150.66420882528490     
   145.56874059460114     
   141.49057529930786     
   137.28028754595346     
   133.49569042023953     
   131.10912618760875     
   126.10613827547316     
   122.66946085792040     
   120.11044217933834     
   118.40007561964318     
   113.59001276590985     
   111.13024582078833     
   108.11659623539506     
   105.41985906806178     
   102.83701539666841     
   100.24580342277591     
   97.606870221039244     
   95.280201501272430     
   91.963957735980614     
   90.834275861066644     
   88.106188908110141     
   86.639690827305202     
   84.556224805546606     
   82.362015369060401     
   80.176097359176254     
   78.497513851288446     
   77.468799975332018     
   75.050741270300847     
   73.443678569929219     
   71.775917841428821     
   70.610789911517998     
   68.513898627200561     
   67.059431799492728     
   65.454519892568442     
   63.823106150974560     
   62.431493914557961     
   60.911831113716062     
   59.254763013674683     
   57.451470763646583     
   56.107046517289504     
   55.243347163538395     
   53.746640260329428     
   51.334572794086412     
   49.571963577082798     
   46.830244168186447     
   1069.5056351756596     
   1033.4846963656873     
   996.75656501502317     
   957.97940845696064     
   914.77004640633481     
   873.34870135040296     
   834.89303717355722     
   803.18010247125699     
   773.76687287977620     
   748.45337974118513     
   723.67715634182127     
   700.17132943796048     
   679.46645728732653     
   657.03894329035575     
   636.86436018008874     
   617.29882072989551     
   598.19012580974481     
   580.76908498093155     
   563.36214300382153     
   546.24721803392856     
   529.17165713426198     
   511.10629873288946     
   493.06797477925090     
   475.26893713227412     
   457.34156518446548     
   439.40790242536434     
   423.35504316559559     
   406.56663237103606     
   388.56267905587032     
   372.13469866592800     
   357.49181039060340     
   343.68590714894952     
   329.47136679914354     
   315.22135843496039     
   302.52490777842314     
   289.94599540869802     
   276.16597400748532     
   263.90412045566927     
   254.73602535724362     
   245.02223125536506     
   233.25762405760327     
   224.46215641830162     
   216.94730967397513     
   207.02425276844212     
   199.87752426043411     
   193.01413328714361     
   185.91459068910834     
   182.33840632413620     
   174.06344663720608     
   170.59339615847077     
   165.77448014582077     
   160.81473266393718     
   155.97562166600832     
   151.83968967471549     
   146.50525807392307     
   141.99438804149790     
   138.98244166126176     
   135.42379869451452     
   131.44205622010406     
   126.46230507235612     
   124.72730466579584     
   121.14804512163522     
   118.70402000388410     
   115.59530578670754     
   113.85759977797336     
   110.98191812698244     
   106.95831486690862     
   104.50657587967785     
   102.20558196285003     
   99.958519138235957     
   97.482984387727129     
   94.487401643288791     
   92.677990771474740     
   89.906195976427057     
   88.168110325072647     
   85.899755709441806     
   83.930508963998321     
   81.753725471825121     
   80.379872541155081     
   78.861380400593646     
   77.351219530673646     
   75.308077012994872     
   73.287294081917267     
   71.347015263253212     
   70.652603005104993     
   68.360083905660872     
   67.581971180900879     
   65.855752580977267     
   64.277442403563640     
   62.045086775616817     
   61.071885138350126     
   59.848949472670611     
   57.672910225112055     
   56.067564546573003     
   55.289874492211617     
   54.076392814870687     
   52.040109141313536     
   50.301482402188469     
   48.533014990724226     
   46.054186360522799     
   1081.6625947072266     
   1039.3547108027167     
   993.64115090644032     
   941.09304279978937     
   891.36341153069634     
   846.69690575225104     
   809.98874459067702     
   777.02302399682435     
   745.84747470749676     
   722.14763479032342     
   693.80860936243732     
   671.14616205337791     
   648.08455853166936     
   626.74937321877371     
   607.18847618194286     
   587.33618517503078     
   565.12060867965943     
   543.56229226310870     
   524.29330878401584     
   504.41492525951554     
   484.75980208670342     
   468.10237450090017     
   449.33241469107156     
   431.79118348066970     
   413.99753197886827     
   394.63023182739374     
   379.16784044090485     
   362.52459951038065     
   348.27018008036589     
   332.35749448897275     
   316.34563952035182     
   304.99599275874942     
   294.25755176791699     
   278.72257596613144     
   265.91027597065136     
   255.57273691588051     
   244.48612104053421     
   236.88203367462535     
   227.73981979864297     
   221.81752584399641     
   213.52156481833293     
   205.90151993432065     
   198.44324212018432     
   191.38552326313379     
   188.48870741208100     
   182.56562931634343     
   175.92578171247831     
   171.35639086547926     
   165.90799992447327     
   163.75295743066903     
   158.15307109845025     
   155.24995175032950     
   149.68597922901293     
   145.43564987912859     
   141.64190595386805     
   138.35353161787083     
   133.60813517845293     
   131.27012214881714     
   127.79157767380698     
   123.07206072440559     
   119.37936464927884     
   119.09860134259915     
   115.50957117433616     
   112.31683015562567     
   109.79044257253912     
   108.02877799816818     
   104.47109484798978     
   101.54978259360064     
   100.46630344609190     
   97.612270607504442     
   95.502608693805499     
   92.660167462968317     
   91.077761780166853     
   87.973539940001885     
   85.940993574606040     
   84.745886544994079     
   82.366543386645247     
   79.839643382366134     
   77.765579362592433     
   76.247326674016804     
   75.602416072658698     
   74.135463006888031     
   71.798376253499669     
   70.302208604043244     
   69.223886833612923     
   67.764628212285629     
   66.455499982973095     
   64.927528649847076     
   63.016576053013836     
   61.233876334886496     
   60.244832089264392     
   58.837704391834080     
   57.019249809443593     
   55.231197850367195     
   54.310555081501249     
   52.846705017685778     
   51.008989247389195     
   49.023725853154254     
   47.355114792351515     
   44.691685592848110     
   1088.3177364252351     
   1037.7770431849940     
   972.69174451928950     
   908.99765943244142     
   854.21219946572273     
   810.30854819745946     
   774.41085411492406     
   740.43691495854057     
   710.40920861193615     
   681.20763461051502     
   653.53566999623638     
   628.24677511954485     
   603.45391887348137     
   580.83701316280167     
   557.79194825269553     
   534.58422625626554     
   516.04902155390562     
   493.67751608079936     
   472.03101594144744     
   448.87706586128735     
   432.12302105710285     
   416.78132292111320     
   398.65169447761758     
   379.92625129763843     
   362.73961936538444     
   346.01236416834865     
   332.16316449948340     
   323.79540543274834     
   309.69040158489724     
   295.91352629194154     
   284.59848115812076     
   275.73293996386025     
   266.91445419963583     
   258.09701642517939     
   249.46991229639383     
   237.21243799726017     
   227.41148029410840     
   224.26870432574262     
   215.24994928925818     
   208.99324157417493     
   201.97949668366823     
   194.96791788568049     
   189.07695758890114     
   185.78596220686282     
   180.62477163879768     
   176.02224533992035     
   170.65542190326423     
   166.75469221875863     
   162.29234831577463     
   158.44017062761293     
   153.72976555978562     
   151.21323197052510     
   146.81938422349162     
   142.77953434579362     
   138.87251757723681     
   135.72876851520073     
   130.81753809889932     
   129.14656703520629     
   124.89405149051130     
   121.16395404047748     
   117.51555606269943     
   116.18207709633646     
   112.50527065952629     
   109.78824637234746     
   106.32937526804977     
   105.02232142761893     
   102.39286358856540     
   100.41704895143496     
   98.658405299027493     
   95.860728151951406     
   93.079738990061458     
   91.079561186880710     
   89.375949411448147     
   86.833647483775565     
   85.258324319584332     
   83.337687003038539     
   80.841428446062977     
   78.627678093981672     
   76.832263903813725     
   74.278220259561607     
   74.528922231770508     
   72.650551193807203     
   71.056744673958107     
   69.447818043675852     
   67.211113649714633     
   65.897761904348201     
   64.894250022954608     
   63.501781954514108     
   63.091003965020896     
   60.348308731935120     
   59.798426136436106     
   58.073526501806796     
   55.652201782745180     
   54.557972385311537     
   53.604379676706088     
   52.087986255572389     
   50.162092233559115     
   48.107953679270622     
   46.249362429755564     
   43.128014384579558     
   1100.7963347825730     
   1022.4735796422367     
   933.59321165532629     
   858.69555949156370     
   801.90025649643439     
   757.05759899564816     
   720.04561180303972     
   687.84571344707638     
   654.36575016045526     
   623.90794659599885     
   599.08902539020244     
   570.92765030807959     
   546.68233825244738     
   523.06030895261210     
   499.41193824183767     
   476.88900785119858     
   458.62436590057058     
   437.02233998419848     
   419.87969877332552     
   405.03486428347628     
   385.75307002412268     
   374.76055703333395     
   360.93283700234338     
   344.50182557652715     
   332.19244680331326     
   317.69392197593203     
   306.49124151999399     
   301.09259823847822     
   291.82771426822688     
   279.41058236274483     
   269.09264172969182     
   261.12597159517998     
   253.71073657568670     
   248.32482481624774     
   238.72261118175300     
   230.28881371027049     
   221.50908080550124     
   217.64794673111260     
   210.44068682357388     
   203.43247315684380     
   196.06034392847056     
   188.59408226078790     
   185.74549099725772     
   181.53601053671028     
   177.13099878062238     
   170.14527988596774     
   168.00672462491258     
   164.16724318342139     
   160.45233353692095     
   155.58684739167447     
   150.01731145489751     
   148.58438934249949     
   144.59216662151971     
   140.44414762137981     
   135.61562584160271     
   132.29297950677054     
   128.18896529017675     
   124.81599679949650     
   121.35587139211246     
   118.66159854790848     
   116.64429509349894     
   114.47635828540334     
   109.52914805169411     
   106.98938282692873     
   104.80999426102832     
   103.55070776002121     
   100.29743112655204     
   98.137373140756907     
   95.765807691162991     
   93.621808366098250     
   91.264861996997766     
   89.911276633289987     
   87.279878222262198     
   85.076603610423376     
   83.490778965933714     
   81.059008310365186     
   79.277465760386747     
   77.754719740897045     
   75.722376073704737     
   73.129199817863054     
   73.436713499432244     
   71.405106352634249     
   69.666399611488302     
   67.802142605440451     
   66.068602377369260     
   65.359592468064363     
   63.282004273597153     
   63.223333320615161     
   61.908666147157206     
   60.187747271489798     
   58.320637889037307     
   57.164023261030835     
   54.943290967276987     
   53.694851738715691     
   52.667279232543535     
   50.606460579795794     
   49.496510878821454     
   47.067299855725921     
   44.841619143465714     
   43.338771343614667     
   1117.0153369427824     
   994.50600189208353     
   875.75417172250263     
   793.39751402980448     
   735.46436322528677     
   694.05409586733765     
   657.11940088636516     
   623.32817500349904     
   592.36531461076629     
   563.44833310269655     
   538.60599824163808     
   513.38867783977480     
   495.56813584481938     
   474.04255940835282     
   452.19371408837651     
   436.06866299926185     
   421.40279598652745     
   404.99170330067159     
   387.40997255174386     
   377.18759842769907     
   361.13230707006483     
   354.13341730223908     
   343.85737488219127     
   328.73889539767640     
   318.05114143782828     
   306.85598092862801     
   298.45177351547409     
   291.94101255323852     
   284.77912787999969     
   275.86875632070291     
   263.98315776681375     
   256.02555874915902     
   250.43828839324502     
   242.34500668364166     
   235.63141194559907     
   227.38364280427274     
   219.51434251806475     
   213.89293364134076     
   209.60961045889215     
   199.97533806175875     
   193.78544731135585     
   187.77606560597474     
   183.34858008762677     
   178.20404104215544     
   173.97839848017171     
   168.26065190589131     
   166.09805702865279     
   161.47789175944627     
   158.30772367918414     
   152.79490319192507     
   149.26732248601198     
   146.27123860790175     
   141.67171091546976     
   137.05924832452226     
   135.55919274587046     
   130.53763922495241     
   124.97083518553174     
   122.26524899812631     
   118.85092370992209     
   117.25426722073271     
   114.98377923618978     
   113.17873218572102     
   107.04307060025890     
   105.04980490905221     
   103.79327376667608     
   101.59509365101366     
   99.383767867108801     
   97.315894282567797     
   95.203660848608422     
   92.510677601814422     
   90.317971955212613     
   88.993612418655999     
   85.483048548789753     
   83.356931318845170     
   82.410676131013219     
   79.882308446396280     
   77.876636313739823     
   76.393382066420031     
   74.574718778508966     
   73.046525038294163     
   71.584551281793139     
   70.592476418216947     
   68.280962179992073     
   67.292419657846040     
   65.632078911459274     
   63.904262986844863     
   62.546445983102871     
   61.968684750091839     
   60.640373801783618     
   59.384324408773374     
   56.823132744986857     
   55.882138230720614     
   55.047178858176210     
   53.135652906417633     
   52.415460520354486     
   50.689109124220977     
   49.251333050498047     
   47.035436839032961     
   44.521952860687747     
   42.375250895673318     
   1133.1865237388988     
   956.91704016994152     
   825.33526132071711     
   741.96509242261266     
   677.60913010239790     
   637.95293836634244     
   606.51750506471558     
   572.60163182197743     
   544.20228936931323     
   527.08019866610982     
   503.71419697981912     
   486.83865329298919     
   466.18095733734600     
   453.20238405539249     
   435.01164943187825     
   419.66171589824967     
   404.28170953727761     
   391.69626570726018     
   379.77400007028302     
   368.87283181615186     
   354.56771046118280     
   348.63892173694120     
   338.77187895994621     
   325.29039203770367     
   314.08350375729458     
   301.74086163794931     
   295.59993472728456     
   289.13347062619926     
   282.36619466331399     
   273.47908270084849     
   258.76545269183333     
   252.48260575203324     
   248.69264989919031     
   243.32157749810298     
   233.06430715936065     
   225.01274575478169     
   217.89162008422622     
   212.81633074210654     
   206.99054202189427     
   198.45526793104909     
   192.36838445268558     
   185.22846313321946     
   182.35974239618253     
   176.52037854468463     
   171.07154727537147     
   164.93306436606377     
   163.50429516222979     
   160.59553690368929     
   156.73628977823415     
   151.77087886560372     
   147.09915367337447     
   144.67319705186122     
   139.38458026619634     
   135.19565334417953     
   133.57941247201200     
   128.79151086727325     
   123.39568109223703     
   121.59979091297593     
   117.40621869234489     
   115.83414253610033     
   113.27858943557254     
   111.36641932016670     
   106.44354746198988     
   104.58136156771494     
   102.66353410568993     
   99.888546458830731     
   97.953106716331149     
   96.810763963174679     
   93.887540170592558     
   90.622298442197291     
   88.649987692903039     
   87.148904416537704     
   84.838841016657568     
   81.389057507036355     
   80.046761135285479     
   79.314092305967833     
   76.907072458671777     
   74.714393145702843     
   73.622981319308266     
   71.680116722477138     
   70.961865330200766     
   68.920944504306433     
   67.279258696059784     
   66.047865428379879     
   65.273910823996772     
   63.767988056002814     
   62.064710924401183     
   61.243234377221896     
   59.642614680165877     
   57.876128000017033     
   56.651596578614509     
   55.786159764491210     
   54.630181779986366     
   52.091084168184778     
   51.261054548095856     
   50.274887717336775     
   48.529923013558175     
   46.418559739400990     
   43.770562770044336     
   41.470068335128531     
   1159.7407136170818     
   941.60373202625794     
   798.94546906572646     
   711.94099338389856     
   656.19680457849950     
   619.42017425221820     
   583.28825501654194     
   556.48376108110051     
   533.57152477925433     
   517.22560576546994     
   499.50449509265422     
   483.74679678794331     
   463.13700367223345     
   445.13908629368632     
   432.60140620020547     
   417.40022738035486     
   403.62615500978438     
   390.43305654243591     
   384.67376557618417     
   366.24453423320523     
   357.99508142386628     
   346.82220903381335     
   340.24067687154087     
   326.07046910739660     
   308.20436882687989     
   298.49030457773461     
   292.38061812246457     
   289.58986709055256     
   279.82191247216167     
   273.23509232862563     
   259.11150025046533     
   248.42992241216939     
   246.07459179855681     
   239.12753537788529     
   234.12623878746240     
   223.60354004450349     
   219.13155337122387     
   211.49774938826633     
   206.86677382692798     
   198.28637389354574     
   190.38558724243782     
   182.72771690002713     
   183.00232178546659     
   173.63883952033973     
   168.91189245512220     
   164.56943852662650     
   165.10077499110389     
   160.64891478997325     
   155.10066083891653     
   151.18780529783095     
   146.39614161287153     
   143.15402978749898     
   136.87943623948280     
   134.84611133471415     
   133.03119335854223     
   126.03693584247934     
   122.44781301128008     
   120.09947653937851     
   116.29273180814531     
   113.08340707656922     
   112.91285818991130     
   110.22072301359285     
   104.88328931294618     
   103.15954385331079     
   101.30093591004923     
   99.748062668725566     
   97.420531703674357     
   95.443520102018212     
   92.630446800611978     
   90.318734377299947     
   87.574535986763408     
   85.280675597017947     
   83.890020860215671     
   81.141027007599774     
   79.379934308654640     
   78.002006876663415     
   75.190254739470859     
   74.014882378420850     
   72.179630469517676     
   71.313512030407324     
   70.320423338945091     
   68.395239454772536     
   66.420696823105786     
   65.446320282412060     
   63.962027470437604     
   63.826820672359645     
   60.641962762142292     
   60.893450000863218     
   58.528806072576174     
   56.736272764566053     
   55.530154503841885     
   54.929646081767899     
   53.807534462335170     
   50.925633147502978     
   50.027839300961141     
   49.107820827224813     
   48.234894451198784     
   45.905174106796395     
   42.432497119853871     
   41.067967393152891     
   1199.1569819909771     
   960.16772942714567     
   803.59283539690966     
   713.96183215651945     
   651.77141791622557     
   613.20331579210506     
   583.62040501208753     
   556.94285645472087     
   543.46063252759825     
   518.61073565150207     
   500.54949919153546     
   480.59077863608400     
   461.80900737539389     
   442.87190252332476     
   430.14289523784458     
   416.90091198811780     
   400.92924407521025     
   391.35983440798032     
   383.34108064851580     
   369.15186887750224     
   356.24580958081117     
   341.95287647534258     
   338.13555410553965     
   323.03189284590655     
   310.94636842434295     
   298.21748048345950     
   290.69865295127573     
   290.50447780288266     
   280.28024483585318     
   274.10985363442671     
   258.76633461332278     
   247.87070477949410     
   244.80679008110155     
   239.87362307386030     
   230.39625113053484     
   227.30073948154694     
   218.90862178657557     
   210.99922800075953     
   205.71352012086874     
   198.15596614432533     
   187.79947451330455     
   183.65702170728468     
   179.30392844853193     
   172.17867202605700     
   169.12430384897743     
   165.72358092026590     
   163.69619289069166     
   159.07423597481375     
   153.86644877513609     
   151.46582406208697     
   145.25533664132263     
   142.75191133940618     
   137.43937229591745     
   132.21742573572280     
   131.75020948790780     
   126.19740333446731     
   121.23113714212488     
   118.27928365954489     
   116.90530596344161     
   114.76759880957286     
   110.85747588020254     
   106.63263061381943     
   104.84432119447156     
   101.51250455099853     
   100.76302452335308     
   98.547071654421160     
   95.848303596688197     
   94.455316735817519     
   91.881404613224703     
   89.505712690128121     
   86.349892139897506     
   84.366433225247917     
   82.524981491481768     
   80.530980420774583     
   78.570367850307932     
   75.793076036773783     
   74.076567054884265     
   73.909354403527843     
   72.340043162914938     
   70.765173055559359     
   70.002030919531649     
   67.786564403967446     
   66.439603786945867     
   64.929229495570979     
   62.882425982494773     
   62.441316963562670     
   60.143289867840338     
   60.203804323265260     
   57.600817824986265     
   56.819278602388216     
   55.732205171611490     
   53.721956194871396     
   53.128232162305459     
   51.252390889595532     
   49.058703760260428     
   48.336166052288171     
   47.367007434488201     
   45.650232489891998     
   42.415176933563053     
   40.523241444347633     
   1239.9605638093244     
   994.23732172278289     
   823.53400327296993     
   722.42413395961125     
   658.68391625005188     
   616.02151462277766     
   585.20617300327149     
   568.16682143925800     
   544.02077178755530     
   519.15462400349463     
   503.22030214915884     
   479.51084357246589     
   461.41476957215252     
   433.87184691816287     
   425.40021655116374     
   413.80749936604525     
   400.72300948031403     
   389.54347897906683     
   380.33020690216642     
   363.28122333755522     
   354.26359906160656     
   340.03835799366095     
   330.64503818534297     
   314.68263453510133     
   308.98486557171856     
   298.96354428984915     
   288.47572013122044     
   291.20978239188355     
   278.86688600345076     
   270.44682450408470     
   259.83220059081196     
   247.51842024918633     
   249.79394833005972     
   238.26614806928089     
   228.12713273045182     
   225.92352808367320     
   217.57845296373119     
   213.77652743883019     
   203.05686074251744     
   196.24317641795412     
   186.67055288430237     
   179.75919449269375     
   177.66932197174808     
   171.59683616423550     
   166.11406202758911     
   164.39125695133339     
   163.09255602194088     
   158.28741636473524     
   153.48056440761445     
   149.58698315129649     
   144.39594567940156     
   139.95322534420271     
   136.05467199487344     
   129.85088157304892     
   131.06965689276055     
   124.50510953612817     
   119.67079022163085     
   119.14517486029591     
   117.64597872724823     
   115.70280254562725     
   110.42961990548586     
   106.24824790719447     
   103.61673007375505     
   99.791445976999199     
   99.779247056599274     
   96.112251703857126     
   95.649313298378559     
   94.277817476956471     
   89.747580713006556     
   88.556210108389692     
   85.380752224282162     
   83.178904845297339     
   80.738408336608728     
   79.406393270657674     
   78.368024826499266     
   75.025347326767189     
   73.153413757089197     
   72.357292780224142     
   71.907979942569156     
   69.731195412622299     
   68.653457348053337     
   67.496070102885767     
   65.913630199684988     
   63.916250812988771     
   62.697101993305346     
   62.116638574253770     
   60.587006138004185     
   59.068696285898085     
   57.914437582045018     
   57.113554235645495     
   54.874595608746660     
   52.645245695544915     
   51.436422942005834     
   50.723623007311225     
   49.366450421850622     
   47.777468648187728     
   46.543994980049071     
   44.524633347662380     
   41.808360559105004     
   40.411334174829157     
   1274.2625547227071     
   1029.2536958705182     
   847.91917779905884     
   740.78664305235327     
   674.06841094398669     
   625.95518044013340     
   595.26599821336174     
   566.81859371177472     
   545.55721970257798     
   515.23053672191509     
   505.25167422608877     
   483.62367532428158     
   459.48703820121000     
   440.56786037034738     
   425.30464082254696     
   408.49979740052027     
   403.66909767604272     
   388.07118828061027     
   377.28748969380825     
   366.15522265496878     
   353.53202582923637     
   341.81287873627957     
   327.41308099335481     
   311.49842342667569     
   302.37484957845567     
   295.83069820680475     
   285.62673497790962     
   287.77144986600126     
   277.85270593359428     
   267.30457166475685     
   258.03489232832663     
   249.91279926342531     
   246.74771604297067     
   238.91378948467838     
   231.44812145589015     
   227.06017125638402     
   210.91606723813123     
   208.94351236042507     
   198.64583923664742     
   198.32890944878579     
   189.05134801074391     
   180.44485506986788     
   178.14570601123097     
   170.31025314117232     
   165.66249810099964     
   163.96009335064900     
   162.43772301442843     
   156.08308468583954     
   150.17257218746997     
   145.98133954472920     
   144.23148471506505     
   137.54546630570115     
   134.14370915892724     
   131.06363341573001     
   128.88327624925833     
   123.67806432520776     
   120.43513942834457     
   118.76108832333853     
   117.05771681927240     
   115.68185624451586     
   110.24094707040787     
   106.66979024292360     
   101.59364104444030     
   99.240078579844365     
   98.911335212756683     
   96.367312768778419     
   95.743607806605453     
   94.075591288604016     
   89.046581945330217     
   88.155747642598712     
   86.022636805098614     
   82.517247481576860     
   80.574639789128469     
   78.716117210340741     
   76.945802035126164     
   74.492867788135030     
   73.060441009726816     
   72.402422630144201     
   71.031770864565445     
   67.968292535973873     
   67.763733576813763     
   67.611243250220681     
   65.462626726248928     
   64.046326555294058     
   62.179059024881404     
   61.677102682949418     
   59.332707382174874     
   59.249428826019738     
   56.829140607333869     
   56.352166404599529     
   53.898748612131129     
   52.776689914103486     
   50.800605306597490     
   49.863314623763898     
   49.298003757562313     
   47.162291897126735     
   45.998336681208464     
   43.675645722812021     
   41.523605493362240     
   39.734885022703800     
   1291.9520121010637     
   1060.6278977519646     
   872.58693027657250     
   758.56812751582834     
   683.29686943713727     
   627.20934942760528     
   595.75550100343003     
   566.52854122053793     
   546.40318618585138     
   513.08937071569926     
   500.33576353184958     
   485.46216095007651     
   462.27433474051071     
   439.19837460789461     
   423.20924714019480     
   408.34340194285414     
   405.39914299711552     
   395.88083776827779     
   377.69615438303072     
   358.99059883305227     
   349.41271480762714     
   339.70576024003276     
   325.42941634611822     
   312.42201339532960     
   307.14787563064988     
   297.99671716880988     
   286.27418697462656     
   281.36075300496611     
   273.27772000556257     
   265.38674202739753     
   262.76201888878114     
   251.70630243714851     
   244.39155302896253     
   239.81819263270546     
   236.81732423349962     
   224.20502142861568     
   212.21003659726750     
   210.19695245603086     
   200.91316930376075     
   198.18464214865645     
   188.66153555662964     
   184.68507628062309     
   179.19326577859070     
   169.26291086888594     
   168.15293437249534     
   164.32360662291438     
   158.97714295109836     
   149.62402197281986     
   148.19144506493473     
   147.71731498007691     
   145.04561411064813     
   137.93943892172081     
   133.86620880536324     
   131.40837844190591     
   129.51396946829081     
   122.83322880053061     
   119.09117783799675     
   117.84668076407287     
   117.54761331520034     
   116.26945489468196     
   110.42670067539569     
   105.67421161211269     
   101.68761781307792     
   98.482556714304394     
   99.190600059529743     
   97.157924961950911     
   94.750615074298025     
   92.663869086050681     
   89.955398941780857     
   87.049897277550585     
   84.658375550176302     
   81.757669372822761     
   80.789958142405823     
   79.406744065360286     
   76.987296968583081     
   74.036445093482143     
   73.054351380669630     
   72.268561794900663     
   70.971303999050832     
   68.026080145255861     
   66.999256928309890     
   66.839715473289786     
   65.406766597675755     
   62.707136585446143     
   61.721139951913308     
   60.386131031679369     
   58.526322334508713     
   58.489707198901954     
   56.745955865183610     
   54.821104531889915     
   53.867395463781953     
   52.260061577503834     
   51.114901817214417     
   49.577324703907834     
   48.091151227941765     
   46.249436418416863     
   44.984584833038902     
   43.640557554002498     
   41.654970283461935     
   39.443697802934111     
   1307.9510421232437     
   1092.4120791192695     
   912.19731774081049     
   785.87158504132049     
   698.66415308612295     
   637.76157150748963     
   596.90359407364554     
   580.91255825486007     
   541.25751965968482     
   507.48239185072987     
   502.35074378829034     
   480.62180406097343     
   460.62870745274392     
   434.21276113696825     
   425.28043743782280     
   403.48876643843136     
   406.91319038076597     
   395.36207967823691     
   373.46369099968035     
   359.67945064661217     
   350.27484644845066     
   335.64190058906144     
   329.96671856659259     
   312.20312554344667     
   306.58402523343182     
   296.72258790154922     
   282.41253747219423     
   277.03519908075128     
   269.53625258345699     
   263.43980129210439     
   252.51179883030233     
   249.31743555079385     
   243.01544092162953     
   237.71304035057869     
   232.45407503407546     
   224.14459755429439     
   211.91522754712079     
   212.08528640319406     
   202.89859438437657     
   201.22882339895293     
   187.69273147584875     
   186.86354281987386     
   182.37252772220066     
   170.42802971099445     
   170.47121562720847     
   165.61628004682711     
   157.89433227435939     
   148.19153089467022     
   148.56203155058532     
   145.54275809101944     
   143.85771085175895     
   139.23752257311918     
   135.32095082882296     
   133.27410924773497     
   130.01571339769012     
   121.86762675747742     
   118.52701592995517     
   118.06767028632095     
   117.90702164810354     
   116.09850672979201     
   107.57551406458958     
   104.56349006974355     
   101.33628126383257     
   100.17948300057910     
   98.371900634660392     
   95.232131615108045     
   93.290773225577482     
   91.289459547769667     
   88.451762014168196     
   87.733526895524165     
   83.916530882440028     
   82.638255567708029     
   81.218197213649717     
   78.587290193520147     
   76.501781966208824     
   73.621976830322723     
   72.864940098094110     
   72.034419859289542     
   69.030263343633251     
   67.409285795889204     
   66.355299329290432     
   66.149650200880345     
   64.584566637516843     
   61.826014905252158     
   61.236128010921504     
   60.014793970879794     
   58.837472479748413     
   57.384419663176530     
   55.939454849939537     
   54.752023398996052     
   53.304508848513876     
   52.396967973583706     
   50.919588409537198     
   48.769366081202321     
   47.273476363470358     
   45.945069674736587     
   44.710409767565750     
   42.972591324447208     
   40.784677926803354     
   39.301091143098851     
   1325.1305810418251     
   1113.3034327238408     
   951.57672800312059     
   822.55454189119177     
   734.59199230052536     
   661.34693829851165     
   615.86813489508427     
   594.07631133219149     
   550.33644758454625     
   520.41683376932031     
   513.88022141835006     
   477.78521448102538     
   454.64917148456033     
   438.47018936488439     
   424.64989274076942     
   404.21536551466909     
   409.01420986473158     
   397.28003563190896     
   374.87336277453545     
   369.60923542257564     
   346.21690093624363     
   334.87182326153692     
   337.23299124850405     
   318.57053564010272     
   309.88472267749523     
   292.73322386789732     
   281.46434777932450     
   275.61621151862846     
   272.94481624549843     
   258.39282191180769     
   250.22314448198225     
   253.17203075158983     
   241.26501441995759     
   238.70617389825014     
   233.64234556162276     
   226.34435361490532     
   214.58125160670465     
   210.88780765391550     
   201.99452134412428     
   199.06584030930000     
   189.94765872682120     
   185.80316264631617     
   185.43723277414051     
   172.56625252735995     
   170.53942104498100     
   165.67168622284171     
   156.68206298909126     
   148.21162401319938     
   148.14969069208149     
   144.67853378706457     
   142.87971096299054     
   141.79066901833326     
   137.87547848663746     
   135.90985724999308     
   128.60956172232301     
   121.61555010207708     
   119.21889792876389     
   119.96488406897925     
   117.26178816066195     
   112.28411488664818     
   107.78498314344688     
   104.76101044927546     
   102.91390073844505     
   99.781686234381482     
   97.087746811852583     
   95.711988720652073     
   91.282353995661822     
   90.894220962882898     
   87.417874285293976     
   87.097351487129259     
   84.657421141002970     
   82.554969882828416     
   80.519395637660779     
   77.575087852911210     
   77.392492591425309     
   74.278985265011499     
   72.597657420394512     
   71.315953384613692     
   68.561027175302144     
   67.119604541295516     
   65.622036961798145     
   65.458410620628229     
   63.513844745398607     
   61.863599383064418     
   60.787712172916386     
   58.632086309853925     
   57.990963354649935     
   57.997467080396433     
   56.284111575745911     
   54.602093478336741     
   53.548690000410481     
   52.577336783254140     
   50.251943916944668     
   48.784970569538849     
   47.801682278051082     
   46.064090345295760     
   45.075719410118040     
   43.432397363480881     
   40.433124682199107     
   38.821942360839373     
   1343.9593543882695     
   1146.0856156831358     
   972.54406162356645     
   850.01899318471260     
   751.35701621391456     
   680.23436027495200     
   636.21347898688123     
   607.99245746050315     
   549.58754865152855     
   515.77740464700059     
   510.94897540108167     
   475.92339372323625     
   455.56523815198875     
   457.26884272172509     
   416.38778329777847     
   411.70765503162278     
   407.48652591354312     
   388.62125747432350     
   368.04338919283646     
   359.08792463501322     
   339.24115282321372     
   332.18240837300158     
   334.55027541085985     
   312.24474066223650     
   304.07596025022457     
   302.38354268226976     
   286.50272596417477     
   273.11553535294451     
   260.21128633867318     
   255.39539977180868     
   256.75836863795519     
   253.04355911543129     
   235.88315854256834     
   240.49873386346692     
   232.22492564332319     
   226.58529751858543     
   215.08576290111307     
   214.05163381383807     
   208.55043683571409     
   205.25137658382198     
   186.43638721214117     
   177.05505063343460     
   178.23713800184348     
   169.67399988428463     
   170.65984618276684     
   166.21150894594857     
   154.54130642131031     
   146.40299371184381     
   149.06912256242697     
   144.86991393466573     
   142.23622296793354     
   148.24159421955210     
   134.90376602846891     
   133.90424589275554     
   132.12994099500287     
   124.61648531103179     
   116.96367766083699     
   118.13894939894217     
   115.65618918301070     
   109.95284596060124     
   105.00252996780405     
   104.81778163959997     
   102.63824730334541     
   100.41981701320428     
   96.446138336941289     
   94.752124829513207     
   91.088649010718953     
   91.904937922654597     
   87.966936368340399     
   87.306796080631443     
   84.734464098340368     
   81.743138565543717     
   80.256790403719265     
   78.737038749623153     
   76.955624422119328     
   73.202083945630818     
   73.015400638206543     
   70.765163812361152     
   68.521883262884515     
   67.249870350707099     
   65.716655190249256     
   64.571538187593205     
   63.411259827393110     
   61.253275342162951     
   60.530187899881710     
   58.726081305297072     
   58.380628940135061     
   57.810007599333836     
   56.234985587487500     
   54.304908983123880     
   53.876288019989445     
   51.731405403790831     
   50.200839051140179     
   49.090797504693512     
   46.954871575420626     
   45.569482513267772     
   44.647145344093104     
   42.922572018652140     
   40.406043230662419     
   37.780449047317717     
   1351.2736875224550     
   1163.8631122830961     
   1008.2609221052616     
   872.50508607083884     
   769.85168616396720     
   693.35611668239369     
   665.86130222371230     
   622.28848700402114     
   555.56125116879775     
   512.30851198135827     
   515.71814387618292     
   472.13438267843264     
   471.34181602307939     
   449.22788857307506     
   423.91464489481433     
   409.40068139091761     
   420.39110613101758     
   395.27159043529622     
   375.03569467638079     
   361.95692023607006     
   339.15530257118365     
   342.69467074441417     
   330.83530667182754     
   309.36227288483030     
   318.62578274128441     
   307.28098831279749     
   287.27379849001852     
   270.27835717362575     
   255.06837670086949     
   254.26864974076236     
   250.10557589159907     
   244.59922609313901     
   233.40533220581483     
   242.12098573901662     
   229.09341294146680     
   221.91889132981063     
   221.13452742230800     
   215.02908047490814     
   210.92300196061913     
   211.20275009216454     
   189.06711672216014     
   176.29222469404172     
   174.77262009614392     
   173.86863597440424     
   170.12669567008129     
   166.51413254770435     
   153.52581053931016     
   146.39898185123747     
   150.97572391579706     
   142.07495131634613     
   143.55288675420559     
   146.94396768557138     
   134.57812231261562     
   133.47611551577887     
   130.69930521913489     
   123.71890790068204     
   120.53087452083571     
   116.80760756732188     
   114.38861652988825     
   109.15737201418146     
   105.45552459274801     
   105.13074789657198     
   103.99609465335098     
   99.687207873418529     
   97.072517501366036     
   93.393008570129126     
   93.411029433887506     
   89.936351569727634     
   87.096070920567641     
   87.192371264195799     
   84.540907009360538     
   80.476684985136004     
   79.365216640850207     
   77.986342214994096     
   76.200890113624467     
   73.105646222751375     
   73.647189874288927     
   70.719131700264271     
   68.996497394595238     
   66.673342178689126     
   65.343637475864654     
   64.122329401209129     
   62.337474195866264     
   61.519766415835683     
   59.973860887188714     
   59.634313089987572     
   58.969206483236960     
   56.637704200469685     
   55.882112437567159     
   53.992824181750507     
   53.353634285838908     
   51.231972864070201     
   50.295623767412174     
   48.465710000996971     
   46.938700253004505     
   45.482360509151562     
   44.332832689083126     
   42.731947958458122     
   39.865234090958857     
   37.339186355538111     
   1338.0761159568472     
   1182.3883593296844     
   1040.6240945111522     
   889.66247620965044     
   765.44328211503000     
   712.09047973769998     
   683.24505115430259     
   632.03789784135904     
   561.98138092824865     
   501.73583340639618     
   506.82922012603240     
   471.73589571120203     
   487.48330383649602     
   431.76063151838667     
   405.88110325444097     
   425.70024691985816     
   409.45959521870031     
   392.52739183838219     
   384.91550168688792     
   380.63102170300783     
   350.49323819324854     
   348.62325712091263     
   331.63699478321649     
   314.36215323639988     
   322.87457186163715     
   298.89487206779154     
   291.91770079921935     
   283.62449699838385     
   259.85090156662159     
   250.39849051534659     
   250.52243515557748     
   238.02384542852315     
   229.32184585199167     
   239.70707491823342     
   234.28679378195682     
   223.19940789510486     
   219.59923742529475     
   211.00171894708996     
   218.18955767746422     
   206.04453252636353     
   197.01661492259629     
   180.27448660936878     
   178.85349040417924     
   167.54484815218800     
   165.90205646240901     
   165.77602959243018     
   157.64274471845965     
   144.09218888809303     
   145.40306247145091     
   140.80353880456758     
   143.03519983087222     
   142.24955605695729     
   136.46274895779331     
   133.56278568781300     
   128.08782555403769     
   122.29682517647718     
   121.11798095561026     
   117.25971203228649     
   114.56887620453375     
   107.47713331798818     
   105.29929605555647     
   104.17530883984554     
   101.81596388459590     
   101.11036940805420     
   97.233814607309199     
   93.110694054763783     
   92.113049926188808     
   88.506017129279769     
   86.269935631828304     
   85.972565210690021     
   84.251228392121561     
   78.413213406274309     
   79.280687547115463     
   78.029449315194000     
   75.562029914328605     
   72.221698677548588     
   72.977819613220163     
   70.894145116172339     
   70.180233623373567     
   67.047234481933913     
   65.966680058855019     
   64.364125746396510     
   62.935479950012066     
   62.433352886349567     
   60.277355134447468     
   59.100706795014844     
   57.728478476460012     
   56.602586345316354     
   55.397710630035931     
   53.645888679571669     
   53.032641049310705     
   51.932215939835572     
   50.372719853223792     
   48.442519157576086     
   46.997579235800998     
   45.503703716230625     
   43.978651589545045     
   41.954967244549252     
   40.503830079873502     
   38.093928657499276     
   1325.2947920349329     
   1179.2333299981872     
   1039.3208538039701     
   908.60449863391125     
   752.16973228190614     
   728.14894274451353     
   678.85077485527347     
   633.67784359539303     
   554.00754017794850     
   495.92516461563474     
   489.63907298697916     
   476.00371500761617     
   486.43808275361334     
   418.29830037387063     
   404.65534334898712     
   414.73805637878297     
   402.92049788155487     
   399.69592707718715     
   389.21916763637347     
   391.11139651940226     
   361.46087929506729     
   346.91964686659441     
   333.44531064426496     
   328.61710061387902     
   310.10826799454964     
   299.45381557606225     
   297.48364743206196     
   290.73125956338782     
   255.17915814444123     
   243.49395858645372     
   247.68565148865730     
   238.56803458682106     
   234.46122116271079     
   238.01308868394273     
   238.08593359178630     
   224.45371832199086     
   220.40417893088286     
   218.14535919241038     
   213.61312155926151     
   211.48963240986876     
   195.36248315573539     
   190.00271773535360     
   183.15973842361080     
   171.58017513986198     
   164.58257893372803     
   163.20753195915370     
   158.21073496215286     
   143.74887415111169     
   145.46835567345292     
   142.04721742699496     
   144.59915245622554     
   136.79749369499748     
   135.84298093982758     
   132.65563145544112     
   126.23397807485642     
   123.88766553748155     
   122.76036922367859     
   119.61978266324482     
   115.35417140525591     
   105.36941003457778     
   104.50820624678943     
   103.99758589129478     
   100.31927463205565     
   99.319347862468192     
   95.106039370982842     
   93.360804895970062     
   90.928474694518911     
   87.916935928592551     
   84.838859149316875     
   86.166302557028970     
   83.945851018610441     
   79.523171243604068     
   77.589198541792356     
   76.886762439586605     
   74.794645911754827     
   73.631880606951071     
   72.500274521342888     
   71.635220230493161     
   69.521227081136118     
   67.078535474728653     
   64.708810867652701     
   64.761313267048124     
   62.183925070333785     
   61.896764874878819     
   59.774826587126341     
   58.718733678210391     
   57.585850076758717     
   56.722972984798332     
   55.238205358247761     
   53.935894192293077     
   53.005710831759259     
   51.220039246934242     
   50.153825507933519     
   48.621271663668026     
   47.352153781802556     
   45.063314138561417     
   43.514396515754044     
   41.988176085858754     
   39.932500044517781     
   37.665538854581492     
   1337.2061387641111     
   1183.2906389069358     
   1049.1476059469464     
   930.18749445501749     
   757.74022092681037     
   740.41086176139140     
   679.85819688540278     
   613.68955585538072     
   539.55505403344114     
   479.75472921780931     
   483.81097978078594     
   480.50784137831931     
   474.86199260120713     
   445.70557078657293     
   393.67091280403366     
   409.02563727161862     
   408.82117232048699     
   405.91522526339884     
   396.70971043088241     
   388.92358575130493     
   383.33587481484926     
   370.13391607597652     
   342.29030461719805     
   338.17204691397876     
   310.67068952528336     
   309.82211305694312     
   307.31528005712050     
   288.86444920053168     
   252.23672221349236     
   242.06748293516401     
   252.76305613848422     
   234.68066334343149     
   234.47186855520755     
   232.46753284136258     
   236.71547573953237     
   227.48393276907598     
   222.53953507352594     
   225.73712440348638     
   216.04304806946413     
   215.63728369894034     
   193.36079938641069     
   192.43924765790672     
   184.53739720172931     
   172.14273855184311     
   160.27512740013577     
   163.05686784473323     
   155.74031340546253     
   141.15898436968800     
   145.69894688750398     
   143.88318514258879     
   145.58630078201361     
   135.94087212584003     
   134.98786815491962     
   130.66321807558415     
   127.21945412995214     
   125.52689353523814     
   124.46272728952189     
   121.35951783584193     
   116.23922006554038     
   105.25227873604749     
   102.13630949170954     
   102.06873341529823     
   100.84882148838687     
   99.951270719046093     
   96.711893432530985     
   91.999903017285646     
   90.383796495032456     
   86.849059696331622     
   84.013665078720535     
   85.956828551306870     
   83.849289104097792     
   79.301806410693104     
   78.199881150376044     
   77.232169320707783     
   74.449217564529079     
   74.111608814670632     
   71.559302756947190     
   71.280856740828312     
   69.905975952332255     
   67.888302359421004     
   65.172358104893163     
   64.650551911908465     
   62.443730430101112     
   61.678771994018028     
   60.207730920041975     
   58.791513683098842     
   56.836379607596861     
   56.213953353759884     
   55.421705239347197     
   54.996564945905746     
   53.849150657529748     
   52.172913395718027     
   49.944123423369405     
   48.842585766687399     
   46.687118831826837     
   45.095478035908720     
   43.152298968444967     
   41.989090453158759     
   40.254787690253025     
   38.263009232712392     
   1339.9112498694146     
   1178.4066193106817     
   1060.7032156754242     
   926.48951980460527     
   737.48534024300488     
   719.58129294815853     
   674.36210685975357     
   609.24359073693904     
   534.27671105255729     
   459.55797436902697     
   495.44201929226125     
   483.29604964921919     
   473.08886397799802     
   444.34884713978988     
   402.86000490785693     
   417.37250032092197     
   418.91644195724609     
   399.15062963115645     
   408.49570440876619     
   390.09116744022094     
   398.98890908913734     
   377.26741547711282     
   359.59617373925778     
   338.85209348273156     
   309.79608916745235     
   314.30582271436560     
   306.68129116735605     
   290.78436740614853     
   264.70295478160216     
   252.54281073949062     
   251.19737401483502     
   227.88737606082557     
   226.61313563036862     
   228.33335537426171     
   233.30957867720582     
   222.69820781973738     
   229.70550845308910     
   227.69825680699813     
   214.34035679656716     
   211.51212704148631     
   196.05457362701387     
   193.60824838790992     
   183.13096639107124     
   175.09421970217466     
   159.66008984570726     
   160.24123992347353     
   156.72755713111343     
   146.89024081809669     
   144.54876446018741     
   147.52331965536035     
   148.19812337655520     
   139.27537333839916     
   131.90113286528180     
   126.11289047587135     
   123.83604451705388     
   127.27898001718673     
   125.94225315201997     
   121.95340839398588     
   115.81177348600730     
   106.81698793791655     
   101.15721487752323     
   102.12151568213639     
   100.34621543817332     
   99.105720805310852     
   98.452564001858107     
   91.168940495755237     
   89.804074699899900     
   87.573465264317633     
   85.790104467394173     
   85.520713434699942     
   83.680858441762865     
   79.110689534583756     
   77.914198571597211     
   76.411920860758769     
   73.693537939614600     
   74.649307220092197     
   71.628886475783773     
   70.083472350217676     
   69.912422935087619     
   67.539648400555436     
   65.988149882474929     
   64.963067350743955     
   62.966364432952986     
   62.069516434011121     
   60.564908022399706     
   58.643597753726603     
   56.266309879991987     
   57.065678859926237     
   55.408707275952665     
   54.434992170826980     
   53.691817203650672     
   51.263359464982990     
   49.664631717634194     
   49.458600056511855     
   46.860348861116179     
   44.703350342095348     
   43.244983573227287     
   42.053360077684921     
   40.500046461721482     
   37.754584613608245     
