           1
        3200
           1
   899.21556539804055     
   853.25483698666812     
   820.15448256274306     
   798.54017464531148     
   780.46944608719627     
   763.93953661141450     
   745.55495177749685     
   728.53652848144156     
   714.00215258857975     
   701.65712444751830     
   685.26963308256518     
   669.69912668190511     
   656.28741432000731     
   641.02373570829263     
   627.63850635384415     
   611.81070217945876     
   596.27987981101535     
   581.99175982512770     
   568.35382420755900     
   554.55782848841250     
   542.50986495594645     
   530.37635495269058     
   518.15633707537495     
   505.16147441782130     
   493.88947908034453     
   482.38650315064183     
   471.26716004718890     
   459.37848552098467     
   447.99120858035917     
   438.09749482529173     
   427.40417538512219     
   417.60416563216853     
   407.13803934527959     
   397.84868765069757     
   388.67948596413589     
   379.38102219025217     
   371.01090773331845     
   362.07360736448845     
   352.93330174173508     
   345.09074848113045     
   338.03003130242257     
   330.91648639832027     
   323.22692635427507     
   315.62939084062714     
   308.31414532403733     
   300.76205442356201     
   293.96943587638009     
   287.48398605266129     
   281.11332174861838     
   274.73871982568016     
   268.53174877884334     
   262.57999443008686     
   256.93550215093671     
   251.25816761863763     
   245.80984809437402     
   240.64893051908928     
   235.62280140944929     
   230.69642533926742     
   226.14493131481964     
   221.39875703949895     
   217.00737862652514     
   213.08655232175758     
   208.73382669948646     
   204.42447490756101     
   200.20627424325841     
   196.12781607659142     
   192.33240215043708     
   188.61649695852549     
   184.83836385714142     
   181.13442914436769     
   177.42353080225138     
   174.02467579746835     
   170.51550700853184     
   167.18965357267427     
   163.96295501235306     
   160.73940003539650     
   157.58828495910430     
   154.55723961842725     
   151.65330166508127     
   148.83258469653089     
   145.88607932379676     
   143.00819457205975     
   140.35012232647685     
   137.76477772677140     
   135.08661631028801     
   132.57222900897679     
   130.19098112267284     
   127.80145757058511     
   125.36217195468345     
   123.01374538999302     
   120.68843672449395     
   118.41097843027448     
   116.18766933422015     
   113.98210083532139     
   111.87110595006311     
   109.87305194648027     
   107.85444535714554     
   105.87173060563549     
   103.90074041786455     
   101.97808849782420     
   916.68794499362502     
   893.62505004228228     
   860.52872785305919     
   831.70477670044590     
   806.26761936086984     
   785.93696286756949     
   769.48255855971104     
   752.00657556291628     
   731.93919095525735     
   713.06678745697764     
   696.79798069051958     
   680.05860570392406     
   663.57946578605788     
   647.75691260071892     
   632.21366076421350     
   617.12381964434280     
   604.00376929175400     
   590.96848956006409     
   576.81807925258033     
   563.04158469447111     
   550.23876143289999     
   538.35979727659753     
   525.29827232638570     
   513.00051670294272     
   500.81980127029078     
   489.35299557353756     
   477.86331421931396     
   468.11685019137127     
   456.35803562467197     
   445.10059870392843     
   435.54102299486328     
   424.31623788095465     
   414.13372638978012     
   403.35798085311296     
   394.01112297853496     
   384.92970917171613     
   375.04123801062428     
   366.01159163063193     
   357.98423995606919     
   350.21154858452593     
   341.20473497255813     
   333.46266459521445     
   325.95128923768334     
   318.78425389307483     
   311.36380604377717     
   304.68121709666286     
   297.77105740418665     
   291.41865471957584     
   284.56294926725258     
   278.05070114563034     
   272.31027671824563     
   266.44450420038714     
   260.73718997600918     
   255.18815876971698     
   249.48018731624094     
   243.91609386557511     
   238.68928808931375     
   233.41789578643187     
   228.66168882234922     
   224.19325862737247     
   219.61657357078090     
   214.71787859236775     
   210.08070705371756     
   205.79517066588068     
   201.58296622915921     
   197.45369726884260     
   193.38485383549030     
   189.43934110374340     
   185.53719805812463     
   181.83071795019282     
   178.37119219146456     
   174.75661290573257     
   171.43337628373305     
   168.25502787406080     
   165.05913089189684     
   161.91458998960866     
   158.86676862527116     
   155.86220941364999     
   152.87618656416507     
   150.04097776173600     
   147.30326847777027     
   144.64173821151607     
   141.82493598289184     
   139.12745154632989     
   136.50597301182000     
   133.95799891277676     
   131.32079422393227     
   128.87138387879503     
   126.42686904660712     
   124.03536165931973     
   121.73129575209697     
   119.51649309824900     
   117.26719250930678     
   115.13223351329245     
   112.97032997978692     
   110.82866493606289     
   108.77930445996157     
   106.80451349109894     
   104.90179623252907     
   103.03301973339654     
   917.43547457564341     
   900.16886807722256     
   878.55878415693269     
   854.33972791889437     
   831.33674652035688     
   806.31453484614212     
   782.36861250630318     
   763.42365769121250     
   744.79227471136664     
   725.83417787516339     
   710.76678490795575     
   692.57566409684853     
   677.11406253268592     
   661.30172610946238     
   644.00595984603569     
   628.40771683510388     
   613.96881750921057     
   599.22392023516568     
   587.39528543005190     
   574.68895149587991     
   561.62667969715289     
   548.90675235398817     
   535.92165472021122     
   524.23348666149263     
   511.53961228833151     
   497.80974165623979     
   484.96325091740385     
   472.10345921480200     
   461.22360512366919     
   450.17972326276316     
   437.75008518623508     
   426.56732209295200     
   416.12489195114335     
   406.89025197641098     
   397.53164253778505     
   388.27174085684049     
   379.51538015218864     
   370.79260633064166     
   362.29048657237109     
   352.78708675820502     
   344.03904554884377     
   336.02484212514264     
   328.05762042870850     
   320.54019520006102     
   313.16361787864696     
   306.03032940043528     
   299.11519620720026     
   292.67588944777083     
   286.14276624437144     
   279.69496322354439     
   273.39007985802760     
   267.45751944252720     
   261.55243519888302     
   256.05591172901984     
   250.58800220509096     
   245.42290152127424     
   240.14097378726512     
   235.27536832583678     
   230.34395484517705     
   225.15427127382935     
   220.64132121937718     
   216.16442847292188     
   211.74525379158717     
   207.72149030670610     
   203.59047354610570     
   199.58540840991390     
   195.62187328179255     
   191.74135939032897     
   188.11642088939797     
   184.37053105611272     
   180.61183254961409     
   177.07523494095813     
   173.61475336188218     
   170.18896615475268     
   166.76290294638676     
   163.41612788051270     
   160.26318753873917     
   157.15682017618309     
   154.17530000925959     
   151.09808390667325     
   148.09970713692650     
   145.17286924699599     
   142.52606136076270     
   139.74621344487412     
   137.22057277466598     
   134.61331899202492     
   132.10580796410022     
   129.59534947783413     
   127.23060259551255     
   124.86706302460945     
   122.54116683228573     
   120.34042256282336     
   118.13684873205224     
   115.94752113278074     
   113.86570180300679     
   111.75832151252592     
   109.67903802026805     
   107.65421488718147     
   105.68694345030512     
   103.73316232749382     
   924.16565524029011     
   903.91213750756060     
   885.67169121275651     
   869.42413591659067     
   844.03113688246322     
   820.78872656324438     
   798.28957209252508     
   776.50785814940389     
   757.24417312415972     
   737.04400429058956     
   719.96293043144283     
   701.23113419770527     
   684.20333246896359     
   665.29144611700690     
   651.26117608956542     
   638.19627737452447     
   622.65466157294088     
   608.42557288897058     
   593.42459612704317     
   579.76209222867237     
   565.70601340775374     
   549.96640176323899     
   536.43361677948906     
   521.92321988391336     
   508.46945167207787     
   497.02225510670610     
   486.11662975372803     
   475.19417224930879     
   463.38023822436259     
   451.43824309330085     
   441.28448677161708     
   431.71166003342006     
   420.50700016300584     
   410.00391828205278     
   399.63525603008702     
   389.79031191838033     
   380.36047807575193     
   371.73717194415377     
   362.31050164396805     
   354.00751459514271     
   345.99177638546246     
   338.33415208868587     
   330.77347283781563     
   322.89187961799757     
   316.27281091942416     
   309.31275520049428     
   302.74892765881140     
   295.90259767987095     
   289.32830717020852     
   282.90279439014893     
   277.03097077187277     
   270.81459997419995     
   264.35941883467490     
   258.84470998429509     
   253.11663947831414     
   247.65936080832631     
   242.39243965689263     
   236.97176167799330     
   232.17741095378986     
   227.56086455381484     
   222.65856410779759     
   217.90942697857437     
   213.35672401347981     
   208.75082360510314     
   204.55282678627134     
   200.43697127774379     
   196.32811948733962     
   192.48780199051669     
   188.61375729160250     
   184.94743955438040     
   181.30972582072442     
   177.83902199851059     
   174.24541042823986     
   170.68759847322966     
   167.36375089240681     
   164.14925145809366     
   161.03775217755290     
   158.03151984734768     
   154.88416429249648     
   151.94415345080191     
   149.14547251023620     
   146.27872602078679     
   143.46002221655553     
   140.75154836486138     
   138.02808188221246     
   135.37655320267010     
   132.83804578634900     
   130.36817851484187     
   127.91432211038244     
   125.47893508204963     
   123.14198623154692     
   120.77255450075899     
   118.48685478423360     
   116.29624031187849     
   114.08726132342863     
   112.03126846262036     
   109.98200887273100     
   107.94148597831312     
   105.91902028022938     
   103.96389839472586     
   931.47812542408349     
   913.16096155840933     
   889.85301264720499     
   873.22697511874389     
   853.87925511059871     
   833.32129113394728     
   810.71112420824682     
   790.23191168530514     
   766.78554847190594     
   745.92243795548347     
   727.00803993905890     
   709.44183771393534     
   690.52845819133358     
   676.44132929317482     
   660.83776507478024     
   641.80931125529037     
   626.22014630312674     
   611.80091096680530     
   596.98239979351297     
   581.57724145996781     
   566.34364498290438     
   553.49303086890814     
   540.58517242276412     
   528.67180628008020     
   516.36376652945899     
   503.54543976601121     
   490.74355378204638     
   477.39386517261119     
   464.28842694664860     
   453.16236940053653     
   442.75547706702105     
   432.04246844162549     
   422.25967961558388     
   412.42760598622624     
   403.34804287612553     
   394.00543654906721     
   384.99051742805113     
   376.09742091946441     
   367.03187954735739     
   359.07006694254187     
   350.00174553079677     
   341.55093661340766     
   333.22761009455724     
   325.57367943281150     
   317.74682207742347     
   310.14405013140430     
   302.81269805929173     
   296.05426607523793     
   289.02009440229870     
   282.86508468829982     
   276.71089616063443     
   270.76398266965924     
   265.14589844352543     
   259.13410816372107     
   253.58661796693374     
   248.55890760305238     
   243.40423556036689     
   238.58145201791726     
   233.56164552810014     
   228.50128460929446     
   223.48061989615155     
   218.76063428877251     
   214.65291574520742     
   210.29489711939831     
   205.96727143346982     
   201.80871667331118     
   197.56115247030633     
   193.30688199620454     
   189.48221882724729     
   185.70922094807756     
   181.96526695020142     
   178.27030295415557     
   174.76576284441444     
   171.31246412683620     
   168.01932144416054     
   164.62761492972334     
   161.40438240650013     
   158.29679294474408     
   155.19758971910366     
   152.12011474351519     
   149.09151454596429     
   146.37396918796816     
   143.62503070206222     
   140.83839109126487     
   138.18720407510648     
   135.54366702116644     
   132.99037714401845     
   130.45837195894038     
   127.99821883678612     
   125.63050695268086     
   123.29585441817989     
   121.05271969752980     
   118.82231047022478     
   116.66329397448536     
   114.52343570108644     
   112.36531044955179     
   110.32271213183236     
   108.28215621490564     
   106.32956949841059     
   104.40761623074246     
   935.38494353821420     
   915.06828131949896     
   895.61881617347672     
   875.20059406017469     
   855.28076068594487     
   836.37661234378447     
   817.76135792744356     
   800.20796133332101     
   777.46704827431779     
   758.37535383405111     
   737.76262161487477     
   720.29162135338561     
   702.66652005131857     
   684.01451840937364     
   665.89255746359038     
   651.85042290393699     
   635.53821473106234     
   618.21837967756642     
   604.92233383632072     
   591.09585739879640     
   577.48970222627918     
   562.97954814180252     
   548.48271662468267     
   534.53467064698293     
   520.30374766141813     
   506.84527043484161     
   493.99695438892257     
   482.80075468882001     
   471.22249611087949     
   459.79674288887958     
   448.69186809610630     
   438.37169699048167     
   428.77477113300341     
   418.54949319205014     
   407.24301366039032     
   396.77044953417709     
   387.20326806716014     
   377.55264420905803     
   368.30663953109143     
   359.14994832280786     
   350.77987154150935     
   343.39721325698821     
   336.35388181089843     
   328.69799837309762     
   320.90856079601036     
   313.68022015315040     
   305.99811743017477     
   298.58674963742675     
   291.85370544638818     
   285.19432380750436     
   278.55870781147144     
   272.43876086496465     
   266.24935431361405     
   260.34432752325807     
   254.63616547666257     
   249.10948470313730     
   243.46975186059564     
   238.05424371639214     
   232.97198458091566     
   227.95788285272860     
   223.37059987188894     
   218.98475313051307     
   214.33016812007264     
   209.81511547774144     
   205.46707190310994     
   200.99487052195155     
   196.99304220168821     
   193.13005383549995     
   189.26394182156622     
   185.38622607517493     
   181.73219535432051     
   178.08075650663827     
   174.57014806111297     
   171.20668552464446     
   167.92001146222137     
   164.70443974940781     
   161.48864111078083     
   158.27249064671628     
   155.31471283109562     
   152.39965046478073     
   149.55130691213145     
   146.62295077536592     
   143.73919064568454     
   141.04655484197244     
   138.30364838229482     
   135.71002455382930     
   133.16635510310772     
   130.67110236633636     
   128.17828119177909     
   125.74658093459298     
   123.38465670296412     
   121.03084432182990     
   118.72132320211009     
   116.46437954841926     
   114.29823171900887     
   112.21285698061310     
   110.10113045533551     
   108.09242891422930     
   106.10257101579043     
   104.15532331126332     
   937.22566252543527     
   915.99974565159835     
   896.17976239387076     
   877.71529958258554     
   858.08986208074020     
   836.96155416751253     
   821.28414620118633     
   802.57782295164793     
   783.09539220465865     
   764.10499801012543     
   744.90813741696320     
   723.97423892250595     
   706.85712097391342     
   690.69837484193977     
   673.08045814095692     
   655.71328418656742     
   640.77234440543407     
   626.01236152242268     
   610.01429533029875     
   593.33138060934175     
   576.74223320542228     
   561.43877026792029     
   549.06570845999829     
   537.13406037148400     
   523.55606352493612     
   510.84089214506770     
   498.31985905628306     
   487.18120862617593     
   475.33686638217557     
   463.55774114008227     
   452.97626872683412     
   442.13246133601092     
   431.39472913626469     
   420.05981982289916     
   409.86634341240557     
   400.06535813962137     
   389.75451287859983     
   380.68068878648000     
   371.34972770615718     
   362.44677466922661     
   353.41775295037934     
   344.60819696367366     
   336.20867784137823     
   327.83195127179761     
   319.95694082906897     
   312.17028794318549     
   304.81327784163159     
   298.16350118426476     
   291.52120071995466     
   284.94122652620155     
   278.55329472672736     
   271.89092773914774     
   265.70073788519647     
   259.75328030676673     
   254.50579815261429     
   248.89273479887441     
   243.51289002751463     
   238.38105311236552     
   233.07723155017865     
   228.18784635396730     
   223.32765292669461     
   218.40757128413222     
   213.82125252035570     
   209.49677043163800     
   205.26541049469083     
   201.26409161078010     
   197.17823483321445     
   193.26016525575767     
   189.30898862777377     
   185.56726423420071     
   181.93444675098078     
   178.33580615683300     
   174.74425338141435     
   171.24974883663407     
   167.79662576370936     
   164.55982162326433     
   161.46962816099327     
   158.43195708144756     
   155.39071063170803     
   152.46063011859994     
   149.48126387069172     
   146.57037308507250     
   143.90462288455061     
   141.21240134380645     
   138.57103914939125     
   135.93854636123066     
   133.36836793220334     
   130.85452101435749     
   128.39710298965463     
   126.02377786733294     
   123.63908603438873     
   121.39294406638963     
   119.17665409225756     
   116.93293292510499     
   114.74475524275883     
   112.64702073455463     
   110.56954373256325     
   108.52215779883649     
   106.52977204233537     
   104.55003362539182     
   943.16234756817687     
   921.59816086725323     
   900.29785382235298     
   882.14271852435741     
   864.67031883113884     
   846.62975969762908     
   825.17698243901714     
   805.45689605325367     
   785.19425409080486     
   765.41271798104310     
   747.64219022560940     
   730.05241803121385     
   712.37558003649076     
   693.56961122123312     
   677.27540767970299     
   661.07172812505723     
   641.88005496298615     
   626.99347569729321     
   611.24740324166692     
   596.93614630826016     
   583.87836959055790     
   569.46516738839455     
   553.72171024954980     
   539.29968058835652     
   527.32640715451180     
   514.03241449799157     
   501.91754772975821     
   489.15848639118025     
   476.92830399747004     
   464.87916091667967     
   452.25432231205599     
   439.71046245512071     
   428.15012276940348     
   417.87796337906661     
   407.07372633271723     
   396.74485760146018     
   386.94368985657280     
   377.81373110326467     
   368.24707098942889     
   358.98396054982209     
   351.05724829836299     
   342.74863925938132     
   334.37275687383783     
   326.14672119429486     
   318.59935675480932     
   311.46508906953727     
   304.71299563073740     
   298.03072796069318     
   290.76300052955855     
   284.15146286813962     
   277.49299381732300     
   271.75552785612621     
   266.00058632094590     
   260.29975980703972     
   254.66215485666078     
   248.79432983629746     
   243.51388188172558     
   238.34539142116864     
   233.42355193501561     
   228.68842378635057     
   223.99786863931561     
   219.33303704470711     
   214.81571980083174     
   210.33963532797836     
   205.94411530573134     
   201.69743796630999     
   197.67679888773404     
   193.62811268424414     
   189.68940206928778     
   185.82385695737054     
   182.09120150093867     
   178.53753389667366     
   175.01366709614524     
   171.69396839197975     
   168.40724829295365     
   164.98951577696909     
   161.72736267852338     
   158.48382937499412     
   155.41222269168770     
   152.44148797721402     
   149.60304764831045     
   146.74331100200811     
   143.88555226670479     
   141.07878731763202     
   138.37321798025957     
   135.75862578908618     
   133.14381795631300     
   130.59453112655589     
   128.22982247520832     
   125.77097866600896     
   123.43272583056611     
   121.08953303371237     
   118.79413080765622     
   116.58961669723598     
   114.45107635681609     
   112.34415402654986     
   110.33520134985359     
   108.29987785205316     
   106.26675933804785     
   104.30296064828276     
   945.38797112732561     
   926.32782758483120     
   905.61174782045941     
   888.61983063770401     
   866.88210330819504     
   846.15770423690572     
   826.98826286058920     
   806.30350859686757     
   789.41623870964759     
   772.64447958254163     
   755.60846406262419     
   736.63625519521429     
   717.02685676640942     
   700.22863442066853     
   681.33319497877301     
   662.02201812818078     
   647.69976433613817     
   631.88784798045026     
   617.15705485357637     
   601.56449483706933     
   586.43587177680274     
   572.33399430532836     
   558.03155361120253     
   544.17375399246509     
   529.58215586076585     
   516.65724161694925     
   503.90865627854373     
   489.56061169674399     
   477.43113885656317     
   464.80518279318500     
   453.17987170548417     
   441.78948962974937     
   430.01253311083764     
   419.61517003632093     
   410.00983979183479     
   399.42100068570124     
   389.19536771926334     
   379.41035576610761     
   369.95825620335802     
   361.48127120841343     
   352.06424070005062     
   343.40259657893137     
   335.40297014602430     
   327.82725571750433     
   321.07358229588323     
   313.69318825983419     
   306.57506306537647     
   299.05704820167432     
   291.93010698021874     
   285.10928211270101     
   278.73146658894734     
   272.56586112450532     
   266.47513436445627     
   260.38031673266613     
   254.66356998929010     
   249.06270575432131     
   243.61331381083838     
   238.20433729644043     
   233.17350481420533     
   228.34349112353794     
   223.61226303498611     
   218.96445952053904     
   214.28902149928788     
   209.95047466134949     
   205.54651257085300     
   201.28182316373065     
   197.19652220884379     
   193.10127018328933     
   189.11685112736819     
   185.41576660657117     
   181.75118287144764     
   178.10259753700421     
   174.58645822828805     
   171.18341151739986     
   167.88158800771578     
   164.62542044488998     
   161.37306808649686     
   158.31290158944532     
   155.20780457342505     
   152.17806120181535     
   149.25458476222349     
   146.35310966251330     
   143.64348327117185     
   140.83849383361434     
   138.14926407200431     
   135.52222960337397     
   132.96492690089747     
   130.50174414433840     
   127.95130602544970     
   125.64194697449348     
   123.34254001132639     
   121.00888946228757     
   118.72320364129278     
   116.54165571290847     
   114.42188659593340     
   112.27300404564353     
   110.14834660534338     
   108.09918119017721     
   106.10977091912699     
   104.19847391320008     
   953.39093845094033     
   932.46789887750504     
   909.94428978466544     
   891.33120120686044     
   867.94301560391568     
   847.50340004262148     
   828.68134573344946     
   810.57539460524299     
   791.08356390493918     
   773.09105851884101     
   755.14642584518913     
   737.60248831340255     
   718.44255593125081     
   702.94322445766591     
   686.09148769677813     
   670.13751602755349     
   654.07139125491426     
   636.47073005377592     
   619.76376478708596     
   604.43962665536071     
   589.79812854747581     
   574.66783310571009     
   558.75290197510776     
   545.90041750605440     
   532.76543477954192     
   519.18621743844972     
   504.73640416189755     
   492.01374818350473     
   478.48163443000237     
   465.83136590782027     
   454.51462558146341     
   443.27996510306258     
   432.16329176229220     
   422.56955884747515     
   411.66039757474704     
   401.70510207323593     
   392.23667506866190     
   382.43713311796830     
   373.55649425759560     
   364.21027972342341     
   355.19949262046902     
   346.43944682848519     
   337.95991720423621     
   329.38090252804363     
   321.26773337054340     
   313.10420690362696     
   305.56615520162961     
   298.59319618892505     
   292.01145644188631     
   285.72688767373415     
   279.02730833613759     
   272.56518213075060     
   266.28607222535112     
   260.35176016735250     
   254.55728382810392     
   248.96900599883583     
   243.41520358106837     
   238.11477027391004     
   232.76844430229062     
   227.82021518423110     
   222.92767471805874     
   218.10466550815707     
   213.75616513339185     
   209.23365810795804     
   204.86360895417653     
   200.82087815463007     
   196.71481766297094     
   192.76503992715641     
   188.89051336018977     
   185.15047880916964     
   181.32725659721902     
   177.66293777433197     
   174.06978753666149     
   170.65116013306672     
   167.29316469003646     
   163.99546425495635     
   160.78753012035520     
   157.68333455878889     
   154.60594453860321     
   151.61311146455779     
   148.74442879334907     
   145.85681028882505     
   142.99484722885418     
   140.28257356373908     
   137.64330885650224     
   135.01738586168634     
   132.52987659250380     
   129.98380214424540     
   127.57427910627366     
   125.18251310926927     
   122.80826618369292     
   120.55134406203737     
   118.37110917833380     
   116.18798612828002     
   113.99786033467018     
   111.89155050671701     
   109.81849637642132     
   107.78843606729049     
   105.80765406654908     
   103.87600733424057     
   952.69854059704585     
   934.64243622326160     
   913.93208620635482     
   890.94597097841120     
   871.23701042060634     
   852.61467021768362     
   830.99614243571341     
   812.51810393134690     
   794.79435310179429     
   775.88862426813296     
   758.15429557960556     
   740.38597920084248     
   724.85388211204622     
   710.10118952210178     
   692.75323167848831     
   674.68565766118979     
   657.12848214437668     
   641.52353460443919     
   624.37049836017025     
   607.73184941174088     
   591.33386400311053     
   575.68327591592049     
   561.03796132677974     
   547.68604824026716     
   532.14820651518244     
   516.79453091176129     
   504.48054494213699     
   492.62662370866354     
   480.15463757356008     
   469.01403349350778     
   456.88245791902068     
   446.03845581540611     
   434.37276930554287     
   423.07205486938597     
   411.41655768048690     
   400.51828730321694     
   390.41291503975333     
   380.86499324241777     
   370.64645327212463     
   360.92770978488215     
   352.10284537118099     
   344.38755815089826     
   336.19932177361085     
   328.53943361021697     
   320.59103858169328     
   312.84196335798356     
   305.35484293146754     
   298.53643716700441     
   291.66061338110040     
   285.16317084869991     
   279.01708533856038     
   272.69572377356417     
   266.64820744358747     
   260.64321939868842     
   255.10764018175010     
   249.51186000585511     
   244.33312235871591     
   238.90544156404380     
   233.84792442238174     
   228.98808583538982     
   224.02764119077233     
   219.07579096134549     
   214.47585750361486     
   209.78920087382085     
   205.49352686478602     
   200.79204189979237     
   196.54204679737035     
   192.43709464457822     
   188.60766763473421     
   184.70162212713416     
   181.05131470091879     
   177.59259677053998     
   174.23733606501199     
   170.85319795660780     
   167.45276017813492     
   164.26202414347179     
   161.07575732603027     
   157.88056083646848     
   154.77119073625141     
   151.76786576074312     
   148.74751716416529     
   145.85459417408788     
   143.10634043753927     
   140.38146094818731     
   137.71482568009409     
   135.14020840524682     
   132.54897620337422     
   130.04894092809366     
   127.59366361830375     
   125.16029020178345     
   122.81076761900528     
   120.50253609641152     
   118.21294302913250     
   116.00673403749138     
   113.87984315462572     
   111.80796666341897     
   109.71138013000822     
   107.70624668809009     
   105.75320341723055     
   103.82815457195052     
   959.16580719131912     
   935.54819967343133     
   912.58191215793431     
   898.09762680656536     
   876.12637555449828     
   854.38633396008652     
   836.69352898035675     
   815.83461390076332     
   797.56064308809016     
   782.19463888054383     
   764.05865783389993     
   747.01885356005914     
   728.96004072028109     
   708.04155632775064     
   689.78467323079906     
   673.25921794204885     
   658.91471542814816     
   641.16199273388122     
   624.89531165294238     
   609.09319302453787     
   593.41267965059353     
   577.35654017116576     
   562.41514842700542     
   547.47955437254461     
   533.10925119741489     
   519.91384176724307     
   506.60528302563478     
   494.07347685813420     
   481.90958380147868     
   469.94247859988707     
   457.26196450967541     
   444.69330901001626     
   432.92309154759596     
   421.92494729926005     
   411.70366715026626     
   401.93569666954068     
   391.65120125108831     
   381.53333611993617     
   371.92467699653389     
   362.44240097077648     
   353.96705544760437     
   345.47745771075455     
   337.22710556182614     
   328.62007325158112     
   320.80837197932726     
   313.04834487462017     
   305.24839245565573     
   297.60444513097042     
   290.47938037391623     
   283.73090553763808     
   277.13073263985183     
   270.77236207257948     
   264.72357338177818     
   258.88228969438825     
   252.95809118581693     
   247.40985759675232     
   242.18827161300945     
   236.83160830552774     
   231.93657479060420     
   227.08721246209893     
   222.35320087754360     
   217.73002944758420     
   213.13236689338629     
   208.86715886520309     
   204.61433925516923     
   200.66642339875762     
   196.57080603259726     
   192.65234397520356     
   188.69566008103004     
   184.89929076356864     
   181.32004303987398     
   177.76795113280784     
   174.17607263005883     
   170.54623138900354     
   167.14310339899572     
   163.85734168889309     
   160.55709443847229     
   157.32903918723738     
   154.35297259370100     
   151.38158326629579     
   148.51279461069674     
   145.73545189667146     
   142.97073185582451     
   140.24759823146309     
   137.47022340032456     
   134.80853064199707     
   132.24863978473476     
   129.81076797932684     
   127.32764091970395     
   124.91452012153661     
   122.58058864248798     
   120.29297523305465     
   118.10242145519661     
   115.90794510773263     
   113.76662430051223     
   111.63906299030562     
   109.56319048584345     
   107.54546015279604     
   105.55131195804994     
   103.56135478474825     
   959.16095121081878     
   939.24535988693810     
   920.96648863578287     
   898.68648439086428     
   881.10545622908762     
   861.87688518812797     
   839.81331464211087     
   820.38233034617110     
   803.27064827352103     
   780.81655143464764     
   764.39720732993123     
   745.32021394954177     
   725.88258671222115     
   709.71792783329238     
   691.53887309579341     
   673.96335498468011     
   656.79544514969575     
   640.06378807035310     
   623.76455835715581     
   608.88798312251470     
   593.66283801612974     
   579.20078402700085     
   564.40198225845234     
   549.29786659247031     
   535.69030925807112     
   521.82076241281879     
   507.52324645138265     
   493.88688935359698     
   479.54089914872634     
   465.85676354264109     
   454.42739595035158     
   442.41954976627977     
   432.21929936069569     
   421.34180364720800     
   410.93760926280311     
   399.79032731145384     
   390.05261097854856     
   380.66493869531223     
   370.91211589601915     
   361.60481749562229     
   352.28410123595017     
   344.02506080228022     
   335.06413465873743     
   326.31562422087512     
   318.58245441610961     
   311.12677696729605     
   304.14742912295958     
   297.30938158674371     
   290.42958758110899     
   283.57466484174120     
   276.87047852242893     
   270.86781312736815     
   265.07229544082509     
   259.36280321877194     
   253.36842499180671     
   247.99079690094857     
   242.36385395737824     
   236.91158742615130     
   231.82042310100843     
   226.81115389939100     
   221.85912768599692     
   217.26586826327113     
   212.66084565463117     
   208.31848346834164     
   203.84296209639916     
   199.59518959923673     
   195.37521449200815     
   191.27578004042789     
   187.48404105406823     
   183.62619997165842     
   180.08027943896013     
   176.37716052186988     
   172.70652460528328     
   169.45809531864569     
   166.20663216699108     
   162.95474011149022     
   159.76297326420539     
   156.78401798170131     
   153.78100551349675     
   150.75718783217110     
   147.85925973555388     
   145.07339929647986     
   142.37508577413766     
   139.61054226111276     
   136.97307626396554     
   134.36896547093761     
   131.82895334593982     
   129.27989911671929     
   126.86733574710769     
   124.51316187269549     
   122.20450610372399     
   119.89036131369792     
   117.59556563077312     
   115.31684032934747     
   113.12212314611978     
   111.03640105361561     
   108.97133975981215     
   106.97161827653578     
   104.95521422439168     
   103.04269128661802     
   962.46947954681673     
   941.81354466393429     
   922.70804790328611     
   904.83781037332119     
   882.56353769515283     
   860.22777719852513     
   842.50713115353392     
   823.86536274688069     
   803.61539494476244     
   784.96534457209827     
   765.66004590535204     
   747.70294779054814     
   728.14089964329582     
   710.33973846540903     
   692.87541921472825     
   677.81989443463158     
   660.14539911792815     
   642.12258704604619     
   625.77932109480503     
   610.46951915769830     
   594.71980469589130     
   578.46643093849502     
   562.92452705986295     
   548.90859322973279     
   533.90824497869289     
   519.22329665923576     
   504.76906885307858     
   492.12954756214401     
   479.34477678268041     
   467.70379581704793     
   454.79029015654282     
   442.97800887919152     
   430.93174864190468     
   419.07894000124315     
   408.19914246454050     
   396.96184392905195     
   386.67333783069807     
   376.75087364082032     
   367.76072431805324     
   359.28548416970284     
   350.39315415225383     
   340.96265079416719     
   332.25445164701188     
   324.68196324558613     
   316.91995894053889     
   309.91857913256246     
   302.64224209383468     
   295.78176492002882     
   289.04130728189898     
   282.56217074898302     
   276.32961039341012     
   269.92846280061627     
   263.55394834077663     
   257.58172238185011     
   251.81021190495085     
   246.05816547700019     
   240.81484132355033     
   235.84767400251502     
   230.85124118224269     
   225.87410772772839     
   221.23484251810797     
   216.27899129930924     
   211.66091701690726     
   207.19410808786878     
   203.04160625146369     
   198.82058601794290     
   194.78773207370278     
   190.90217028525390     
   187.05199174261926     
   183.38748692892074     
   179.79121014566113     
   176.29032154796977     
   172.82929678972505     
   169.55584896171922     
   166.12523051275804     
   162.84322712131768     
   159.68471947143306     
   156.62183213266934     
   153.45929045143612     
   150.58344447326056     
   147.67226851087483     
   144.76246449589064     
   142.06186111694646     
   139.33943851210324     
   136.69662730013928     
   134.14546037906246     
   131.66953714338629     
   129.17338321735150     
   126.68355117550237     
   124.28242786688493     
   121.91283941734577     
   119.65928840666290     
   117.43476211792463     
   115.29922289215817     
   113.18035619686921     
   111.03743638494150     
   108.96007534574046     
   106.93746209665133     
   104.94553410260069     
   103.03015900962663     
   967.33932052128512     
   945.43908800685040     
   926.63995705631680     
   903.42511126043655     
   882.66454560354657     
   861.69139653879279     
   842.39330609846979     
   826.53677574300104     
   804.45761271202957     
   785.15685780350350     
   769.22911032585819     
   747.10708903005548     
   727.12517768978341     
   709.70681477889798     
   689.87436882271527     
   671.32413807884336     
   654.23589037900183     
   639.62039710660542     
   624.12031203655249     
   609.07840886949270     
   593.33087126808709     
   576.63167158593842     
   562.27368957969804     
   547.54399063284666     
   532.63325127493772     
   518.78340195097257     
   505.78020641756956     
   491.99883843495138     
   479.26314800677619     
   466.35296435039925     
   453.11125577757912     
   441.11317662700139     
   429.25352693523041     
   417.88863887324572     
   407.34342365490107     
   397.02185522340608     
   387.85020168665540     
   377.38293760342731     
   367.45418864144960     
   357.69766536445087     
   348.91012720298818     
   340.85963104522040     
   332.13378055490438     
   324.05186496605143     
   316.26574084971674     
   308.43609968267555     
   300.87739428160324     
   293.98648637944308     
   286.96950592585279     
   280.41020367530598     
   274.39674594789085     
   268.32164089033222     
   262.29285117761987     
   256.60561904388538     
   250.72926849822403     
   245.53727756464070     
   240.11738782291897     
   234.90242995766926     
   229.71361713605290     
   225.02123497451274     
   220.10837114746798     
   215.58950256303578     
   211.15575461366549     
   206.77797448544820     
   202.48330200405400     
   198.39660666153000     
   194.40548196547675     
   190.47498094320400     
   186.59555836587700     
   182.80308298661123     
   179.05116798780256     
   175.53628534165549     
   172.07066630072464     
   168.65208633879107     
   165.20953065449217     
   161.90021099028337     
   158.79292250710125     
   155.66809553617321     
   152.69729645449030     
   149.68684049710922     
   146.75237781589973     
   143.81348105258360     
   140.93944599224184     
   138.30884644299272     
   135.62425658444675     
   132.98446662441182     
   130.47796388267986     
   127.98616514659562     
   125.64149910038832     
   123.26010708835916     
   120.93435362159275     
   118.66476865812437     
   116.46055299494378     
   114.25916467086979     
   112.17120520737464     
   110.12518903448421     
   108.10455010039038     
   106.12107033580565     
   104.21167117805012     
   102.34519084750508     
   970.51148101996091     
   949.07053742667870     
   926.95901027884224     
   908.71360902432525     
   887.78671757800760     
   866.53184794022104     
   847.92448022512235     
   825.03267025082414     
   806.46832187283258     
   787.21119301340855     
   764.74927383507440     
   743.55540614944880     
   725.94260055519067     
   709.62269362992686     
   691.72286720863838     
   674.78030713633416     
   656.98301525483816     
   639.45853626019561     
   621.43743186978179     
   603.33207539583793     
   586.51280926057916     
   571.85228793037152     
   557.40879179750254     
   542.65288773267412     
   529.07722393508425     
   514.82410008344459     
   501.23066442358328     
   487.10283993282587     
   474.38382205934181     
   462.79922952674980     
   450.17592376910159     
   439.35660550190084     
   428.42133050958859     
   417.75139005203266     
   407.20041413391181     
   396.32067201561915     
   385.89060829783955     
   375.18419746171986     
   366.01095262261509     
   357.81005776628166     
   349.42067811414938     
   341.06790994451882     
   332.43737077054743     
   324.51744234075579     
   316.55871089245738     
   309.07265721344083     
   302.02773147900422     
   294.44405501603660     
   287.33517491845339     
   280.22796035347210     
   273.92753757040521     
   267.33531583377157     
   261.25819738411411     
   255.66135536160112     
   250.41502124786155     
   245.02509240224367     
   239.29473987697969     
   233.71171191684331     
   228.75265238029817     
   223.70701604144290     
   218.90319863507654     
   214.26715850838463     
   209.76307837952194     
   205.40771598355542     
   201.03231331284206     
   196.99559787219599     
   192.99214481957233     
   189.29370249975355     
   185.25936625118248     
   181.55272657056264     
   177.91947111871150     
   174.21272928963413     
   170.75733824832628     
   167.40318621216952     
   163.98957900813465     
   160.80828498559811     
   157.70716752793817     
   154.65929077202341     
   151.66680135303275     
   148.73382830803820     
   145.80555032877925     
   143.14583673722433     
   140.45827666230551     
   137.78944268882589     
   135.09104569354059     
   132.49190251427262     
   129.98947778221236     
   127.58124457863951     
   125.13199662115213     
   122.84688378768898     
   120.55736287457123     
   118.30637713112567     
   116.04295704413859     
   113.90634133429761     
   111.76090826379793     
   109.64768304684318     
   107.60683705678207     
   105.66465888636419     
   103.72588935718353     
   101.79433636330859     
   975.34888598993689     
   954.57719468175139     
   930.76059123411881     
   909.14286331183052     
   890.16551036027613     
   868.62324998837289     
   848.06915548350412     
   828.72787376550673     
   805.60633696235004     
   782.05444923917582     
   765.26416268907894     
   746.87307943359883     
   727.58424260336949     
   709.44248178377552     
   689.36209455331095     
   670.93816311753619     
   652.21969851494487     
   633.76628217412394     
   618.05670178816786     
   601.67711198829045     
   584.65008309091149     
   569.23799076831563     
   554.00829164378251     
   537.02671258036992     
   522.48546124010488     
   509.26926825347044     
   496.45931989225232     
   484.20189317384865     
   471.84844399487361     
   458.92769316560765     
   447.13547193729630     
   435.78177104713313     
   423.92593466429662     
   413.41846552702600     
   402.58386941230333     
   393.20416904922075     
   383.66453059560786     
   373.84714770061476     
   364.40829212610879     
   354.59039685132598     
   345.22033524332039     
   336.64863248525819     
   328.28641729364983     
   320.06733502389483     
   312.58177743367565     
   305.25472366750438     
   298.83497172455088     
   291.87811443863450     
   285.41531673704549     
   278.95747926481289     
   272.70779038114711     
   266.65036691609635     
   260.96959544316434     
   255.04980718033372     
   248.86081304832476     
   243.17886280551716     
   238.10357567165744     
   232.87262011219175     
   227.66917320366980     
   222.58416324826831     
   218.00221604991282     
   213.34608122681283     
   208.98487622520190     
   204.53073460152302     
   200.24431386634083     
   195.87202894200772     
   191.64902712735437     
   187.57857929685946     
   183.78868519314159     
   180.15310282748038     
   176.51307285709467     
   172.88850788143972     
   169.36865198794237     
   166.21945415216379     
   163.05543210239838     
   159.80174493842188     
   156.62205508049217     
   153.43516788967275     
   150.58160106901096     
   147.79544715004769     
   145.00860154391384     
   142.09755832668998     
   139.33401836622255     
   136.69579580242691     
   134.08434477303541     
   131.50845186419122     
   129.07024363918828     
   126.65160914721690     
   124.31844012175945     
   121.94635712102155     
   119.69390586245100     
   117.46038608807936     
   115.35625087437677     
   113.20689949165939     
   111.11796867603201     
   109.07133295114684     
   107.02742437955770     
   104.95618304316814     
   103.02055040745546     
   101.11966502150534     
   975.01914283996871     
   954.90789583036019     
   935.79007406288349     
   915.45871323621543     
   890.01420163451235     
   870.17922986511098     
   850.35066134807232     
   824.82718643382134     
   803.46720189673090     
   785.02019883232151     
   762.05326820427695     
   742.18547572858176     
   721.51492629545123     
   703.50006778121815     
   683.89667565796356     
   666.65049137844812     
   647.43347660299207     
   630.93474946064327     
   615.25047625458762     
   599.65097884292254     
   584.29375413751939     
   568.07417061396666     
   552.60444259190126     
   535.91074716309868     
   522.87144275719925     
   508.41105273322972     
   495.03289343682673     
   481.32094535246375     
   468.95526516770224     
   456.91004811938996     
   444.02413770679601     
   432.88469212578798     
   420.55861578718748     
   409.73696566843313     
   398.93788828586275     
   387.88628660210156     
   377.44131430132609     
   367.99845788013278     
   358.75596138685233     
   350.25703366815270     
   341.67211166495412     
   333.04742513167469     
   325.14719131213258     
   317.28075161486345     
   310.30476353226925     
   303.22447612606527     
   296.12456712679364     
   288.61469570340421     
   281.33608719738288     
   274.37686917098210     
   267.91193370718025     
   261.61014402918107     
   256.14038476253762     
   250.25878580887527     
   244.44952303277850     
   239.23419477129946     
   234.23249909390461     
   229.19107138566267     
   224.14737953588985     
   219.86487187820558     
   215.54594391751351     
   211.32566269162947     
   206.80527964679590     
   202.50730018362128     
   198.42381004049210     
   194.38713090837226     
   190.58506786741816     
   186.77642159531882     
   182.93941447740175     
   179.24547783617678     
   175.74106260139362     
   172.18290959512581     
   168.82900845304385     
   165.49656775063607     
   162.14498940172427     
   158.98251543249745     
   155.95176299549462     
   152.95684646978171     
   149.95770658151770     
   146.97549136118718     
   144.11194324534944     
   141.39437037953871     
   138.67391532640502     
   135.92127359453849     
   133.35590931652672     
   130.78025433304600     
   128.30278331152027     
   125.85263468315424     
   123.50994808762766     
   121.21463639987292     
   118.96381253465121     
   116.70907575696802     
   114.49265798116846     
   112.32082889899438     
   110.24618337977454     
   108.21536288322844     
   106.20957656185311     
   104.26202537211239     
   102.31458959018447     
   100.44380128453216     
   979.00712566085383     
   959.86356725819485     
   938.13269313788555     
   915.14574459993287     
   896.62293721861442     
   873.37074731756093     
   849.43137466645453     
   826.84197250449029     
   805.47260921228781     
   783.71425994290882     
   761.22306445782692     
   740.91024873031074     
   721.57650923576489     
   702.98437848145636     
   683.25043357532900     
   664.06251379069909     
   646.67488203289292     
   627.74130580442011     
   609.56034874786417     
   592.39517002458865     
   575.61826473673455     
   559.11554724986627     
   545.38850836637039     
   532.36812529089707     
   517.11292014602282     
   502.77410678537620     
   489.34819788629983     
   475.88282985747901     
   461.92595921366200     
   449.39286492610495     
   437.10413283284424     
   425.36843030077625     
   414.22409025097829     
   404.45089564412353     
   394.03312742595841     
   384.95415305961365     
   375.85094027218224     
   364.82447331541539     
   355.65289532314853     
   347.19589495708357     
   338.59505858465229     
   330.21192913041091     
   321.99918067356498     
   314.55728236814542     
   306.90016763308017     
   298.99657350523245     
   292.40891167866897     
   285.25218962870662     
   279.00336464544370     
   272.88908075581179     
   266.82127149022227     
   260.75473458756733     
   255.06253546986505     
   249.48608644710487     
   243.86875043112079     
   238.28437585463854     
   233.07195679246823     
   228.02348941901175     
   222.98161015094092     
   218.24617741877611     
   213.52656297677692     
   208.91783989117801     
   204.47255464249756     
   200.11568830112574     
   195.81829464996105     
   191.64427708914621     
   187.90995777140108     
   184.26814508639063     
   180.63030064175405     
   176.88807546094168     
   173.35825741687361     
   170.00579074369324     
   166.57778325829725     
   163.29444566976309     
   160.06224018460475     
   156.85779632964480     
   153.95692770247047     
   150.94869310312873     
   147.98824134535954     
   145.05402518718566     
   142.18764739567678     
   139.44596586154381     
   136.86118416490126     
   134.29786069817879     
   131.69882618037002     
   129.14373370545027     
   126.66876543521322     
   124.37284971004134     
   122.06287944840244     
   119.73757846034840     
   117.39644088250040     
   115.24547095191579     
   113.08691969705748     
   111.05416024865153     
   109.03717505237113     
   107.04121138517006     
   105.04274187676309     
   103.15055739667523     
   101.26918463626308     
   99.405323942695134     
   982.49593448952805     
   963.00604684580810     
   943.16421589832180     
   923.29732031827371     
   899.40261535557011     
   872.88955680826018     
   849.89313199792707     
   826.08949856980632     
   805.23116616581069     
   782.16830316036965     
   760.76101108639875     
   739.44122052418913     
   718.10804780498233     
   694.93912447279683     
   676.36893658448696     
   658.05713746623405     
   639.45960640083786     
   621.11171004398284     
   603.65827578568587     
   588.85822948752536     
   572.56571700352902     
   555.62604470635745     
   539.38512897539408     
   524.21807309400651     
   510.12167709047270     
   496.31504191761496     
   483.49403941429989     
   470.32885187097600     
   458.36474518844102     
   446.99817815806159     
   436.21788534162255     
   424.79766515474131     
   413.72451426111792     
   402.35892344399690     
   390.87469742578543     
   380.55280001926593     
   370.74130362711992     
   361.17349871955003     
   353.14309856326167     
   344.68526759216945     
   336.59634829818594     
   328.42236917028544     
   320.47472661243279     
   312.94537371626689     
   306.39150280872462     
   298.91592535509830     
   290.88046460488994     
   283.89183705222183     
   277.47689037966893     
   271.26894862426070     
   265.58376660848501     
   259.89315172091005     
   254.01939222614533     
   248.16920173923100     
   242.16313108191599     
   236.58037768475657     
   231.49223309899480     
   226.49516825637238     
   221.87919773050146     
   217.20218663766465     
   212.67789334907940     
   208.15593578609469     
   203.84870436548303     
   199.62700716584311     
   195.35264133100867     
   191.31691936384823     
   187.47445904381851     
   183.52429832906256     
   179.79679006249626     
   176.07835190849812     
   172.60486214283003     
   169.15902930337893     
   165.69588492716622     
   162.35040251089777     
   159.19565370177139     
   155.91728813970821     
   152.84335190956989     
   149.93369988725530     
   147.03615254584770     
   144.15883705654392     
   141.24192603807481     
   138.57574964332284     
   135.93234267791274     
   133.25226110682843     
   130.77490173810202     
   128.38065216645990     
   125.95718991161343     
   123.62793513815924     
   121.21550835347317     
   118.93901247761269     
   116.71989761571402     
   114.52901134028394     
   112.38732992845327     
   110.26448944114196     
   108.12976801715277     
   106.02519442293163     
   104.06168745593087     
   102.12103157195423     
   100.25947080611382     
   98.400733244915187     
   990.45762466036786     
   969.64696641633918     
   947.88163422949299     
   919.76659605552311     
   897.30226438775003     
   871.90662670316988     
   849.59523283855390     
   825.01270649286494     
   801.90588939425027     
   777.42703365625391     
   755.81534850349101     
   734.35207216535400     
   712.93625830150506     
   691.54051950663802     
   670.48323689802783     
   649.49003215716925     
   629.59143736753151     
   612.15447366497483     
   594.40590297829476     
   578.80212503472376     
   564.45965971094586     
   549.60343503500440     
   536.20062091405782     
   521.70052628942267     
   506.82430768439860     
   493.60829719571200     
   479.42070968806757     
   467.22026708599753     
   454.08864988184382     
   441.36940951675973     
   429.34114992527611     
   418.07751551305876     
   406.96683800469663     
   396.28101403820540     
   387.06143064682368     
   377.14781672454956     
   368.36106488859537     
   359.27593020691245     
   349.93325163985560     
   341.20962695271430     
   331.62069980228608     
   323.13184007075432     
   315.48435905701177     
   307.16041849216913     
   299.09133193382951     
   291.77011907170157     
   285.08122423415409     
   278.04348837711052     
   272.14854393693435     
   265.50939982941588     
   259.48327314443884     
   253.78809452098704     
   247.59542362607220     
   242.13773698681990     
   236.96589944590698     
   231.75550395285370     
   227.21106299799533     
   222.65039697464920     
   217.56557335037181     
   212.85711726670149     
   208.36112764632264     
   204.08744108972525     
   199.81999078584960     
   195.59793501953902     
   191.75720775135980     
   187.98742155430401     
   184.07539963823984     
   180.27942304622701     
   176.85540209332311     
   173.36437044233224     
   170.11255909256252     
   166.78964433943190     
   163.50547242349839     
   160.33927926847940     
   157.12999568915765     
   154.04856027958209     
   151.17332204848941     
   148.15090851627647     
   145.34771246658602     
   142.65393440964979     
   139.92319070970467     
   137.22195413484843     
   134.57147597402653     
   132.10639006722008     
   129.63734517655354     
   127.17517943233543     
   124.73188995497375     
   122.35590177542096     
   120.06894864124345     
   117.84202805465483     
   115.63315273252289     
   113.43217434842933     
   111.26608229556675     
   109.16223276214757     
   107.14228145389963     
   105.20264896833655     
   103.26973584391567     
   101.41961582469239     
   99.576520886868124     
   97.749984965400159     
   993.01548800153898     
   971.72336980387604     
   947.24118829160648     
   924.65188771509895     
   899.05727025871909     
   873.56974229064099     
   846.82182454889448     
   822.61493998196670     
   796.99875504271881     
   772.47004742652530     
   747.80718586579030     
   726.49090437156758     
   703.72129898118283     
   683.34515821000377     
   661.71679197275830     
   642.84838362201447     
   623.30519198132640     
   606.07421042500846     
   588.81384706955043     
   573.03261685069776     
   557.37331768698107     
   542.29795314969306     
   526.74194179742244     
   512.61660389424878     
   496.04989650852849     
   483.42854302672549     
   471.43542389123081     
   458.36651406665680     
   446.00095433705019     
   434.46870689298078     
   423.42699386293231     
   412.22503690893814     
   401.65612216968242     
   391.64452063103045     
   380.65202525192262     
   371.00046636308338     
   361.09148797352339     
   350.75382258232037     
   342.51613079370048     
   334.21811739763888     
   326.56077296853755     
   318.64314373223033     
   310.55468239794743     
   303.35098977036881     
   296.09071654542328     
   289.31161534212174     
   282.52044799902706     
   276.37409254309443     
   269.62587957628608     
   263.27823481199050     
   257.42319094009173     
   251.53443731818527     
   245.93605253144136     
   240.10814384521419     
   234.66755639804009     
   229.70311687851583     
   225.34542753002836     
   220.12820784339732     
   215.28111555757948     
   210.55196511858301     
   206.01181407617690     
   201.88774430072760     
   197.78401509027276     
   193.81953345627940     
   189.85393027819737     
   185.88444852445491     
   182.10757377320198     
   178.49609955863210     
   174.72508961265402     
   171.16338660441119     
   167.60776270626789     
   164.51453661681037     
   161.09971435141534     
   157.74350657474565     
   154.80687728293634     
   151.89785921659873     
   148.85258448456642     
   145.99922302448547     
   143.08059104972367     
   140.37482979370816     
   137.65377820456919     
   135.03924771110155     
   132.42351408379562     
   129.95082417582549     
   127.57275540068443     
   125.08622141466300     
   122.75875684345444     
   120.42901700728126     
   118.16483029072029     
   115.96955968396659     
   113.83044291294250     
   111.73941053813964     
   109.69039207790203     
   107.62131024854995     
   105.60623766072845     
   103.69315777207633     
   101.82758544814902     
   99.888823560404120     
   97.986010580719991     
   96.204517008146496     
   994.41401347024191     
   974.62804072924644     
   950.12990320366566     
   924.00277525848378     
   896.37789442641474     
   868.74862048777982     
   841.48949394883562     
   815.35356030795504     
   789.98119373164764     
   768.19734407553142     
   743.45233359012968     
   719.06780503060952     
   694.83329834078393     
   674.35142074218732     
   653.73560732568569     
   635.72024692253831     
   619.82785339062491     
   600.83843549508242     
   584.04601507259019     
   564.10851965891072     
   546.53606090844153     
   529.92162714766300     
   516.53817206496637     
   501.55242750207293     
   489.25350722584665     
   476.30117141570622     
   462.15476372192063     
   448.29622068077600     
   437.23243195138377     
   426.23089161341522     
   414.36650442625091     
   403.46819836363943     
   392.62426126133937     
   382.47692449689799     
   373.00092736773047     
   363.79946564734593     
   353.96852313631086     
   345.81715527203710     
   337.35635566198943     
   328.48182385002053     
   319.81351312279406     
   312.00853293242778     
   304.65998444784054     
   296.70210901435871     
   289.59912093961213     
   282.80444750284971     
   276.73486450644913     
   270.04149198599112     
   264.49804085372085     
   259.10759073449606     
   253.39561804346954     
   247.42611609487034     
   242.16255865304936     
   237.63398194356449     
   232.53411707464170     
   227.32548180325102     
   222.37011360320690     
   217.74712217409581     
   213.00399427126865     
   208.43650005632398     
   204.07387845699907     
   199.56083766011963     
   195.32106075992323     
   191.19330759829279     
   187.38929194820599     
   183.46604019395116     
   179.64885244381847     
   176.02739715741745     
   172.36342323582704     
   169.09234087533895     
   165.76558145204186     
   162.36688062926856     
   159.02963339635818     
   156.10422365817419     
   153.09321202644435     
   150.07088192914730     
   147.20094925838174     
   144.34273065723548     
   141.62970326419946     
   138.92385328835064     
   136.20446078134017     
   133.67153445606718     
   131.15420867126190     
   128.62535467779804     
   126.12147462045064     
   123.70356077134268     
   121.36190768586994     
   119.08298908428355     
   116.82916607856447     
   114.67203597098813     
   112.57637094881231     
   110.45189535217095     
   108.29359082101846     
   106.39210428325723     
   104.42735479965810     
   102.44516127655353     
   100.49569543142123     
   98.743678875670639     
   96.983793722984899     
   95.221120005354223     
   997.17304270067496     
   974.86375134069783     
   950.72655482357584     
   923.58240877212666     
   891.52975630349590     
   863.55959992449141     
   838.67690474364349     
   809.83856567858834     
   784.79141786461400     
   758.65189198869462     
   729.40147092384200     
   706.59953540346953     
   684.23846127913293     
   664.92806313106337     
   645.69128820365177     
   624.63603187099011     
   602.79596702888387     
   585.09367365184357     
   568.59014026462137     
   554.09095723247128     
   539.76513089485854     
   524.19014295282534     
   507.19319790305303     
   492.88247025468888     
   479.47630809645739     
   466.20207784595630     
   453.30412317214086     
   441.37550758276518     
   429.46895952161856     
   418.90706806526975     
   408.11764151512705     
   398.01081970582732     
   386.46001626995337     
   376.97031308858146     
   367.18987785728609     
   357.71827892360130     
   348.64117191709090     
   339.83700285404996     
   332.01747994751156     
   323.83104372642021     
   315.19048452338905     
   306.99517407829796     
   300.10667634326347     
   293.18388488727629     
   286.67808215569005     
   279.62717202749542     
   273.20702744393907     
   266.78410110640800     
   260.75266234959383     
   255.02998371231081     
   249.09193496697614     
   242.87571456877072     
   237.19974180069215     
   232.16633585748735     
   226.98704868122530     
   222.02370983459559     
   216.77696016067915     
   212.22371471135983     
   207.87161548615944     
   203.87859485440887     
   199.79855472458118     
   195.45402420538241     
   191.62250157044645     
   187.68886486024934     
   183.87259976572193     
   179.78272461937757     
   176.25844179221065     
   172.91975561380104     
   169.53727566611650     
   166.30762072018348     
   163.02603657848968     
   159.75585194421984     
   156.73729167952888     
   153.68417423510718     
   150.69265652893537     
   147.70548412012536     
   144.75928712634106     
   141.91350582233827     
   139.15432639353662     
   136.44952062668176     
   133.84878817002226     
   131.25155250564723     
   128.72661172041191     
   126.31082821803034     
   123.96211951566721     
   121.61269796754337     
   119.30704969947948     
   117.11211990520130     
   114.95526577010371     
   112.87094338484167     
   110.80864098892965     
   108.85747931786526     
   106.85432257767887     
   104.79313957439949     
   102.89029571767851     
   100.93931929892526     
   99.102285509942547     
   97.294003152848205     
   95.493361848776175     
   93.695473033351917     
   998.26840225070441     
   976.12621766494988     
   946.04801118239027     
   918.08324054027571     
   888.15684067277675     
   857.79207054174481     
   833.35315215104117     
   802.23466373849521     
   772.27889985376851     
   746.11423396735518     
   722.46535700669824     
   698.41003189302671     
   676.11732709614478     
   655.97471794974922     
   634.12436008737427     
   612.79081909526406     
   598.64940737207235     
   581.15471577037886     
   560.44158962040001     
   543.88557522114411     
   530.10273647923054     
   513.88588997329430     
   497.38252466213868     
   485.05589458695749     
   472.08871811934887     
   456.88146789656003     
   444.37754636064329     
   431.26389481537649     
   420.87864195655089     
   409.16629507593660     
   398.65156813588146     
   386.62512987485098     
   376.21226791334419     
   365.00289260028512     
   355.97376221062331     
   346.96229568445449     
   338.29078834771929     
   331.25104721142543     
   322.16920228162354     
   314.88107399471403     
   307.84013527217178     
   300.40803182148983     
   292.88512180877319     
   285.84585458923902     
   279.23451912217553     
   273.11101949445333     
   267.75402454154272     
   261.39007329632875     
   255.78907827135583     
   249.17151037922798     
   243.78065002886751     
   238.64273093969240     
   233.53138330278267     
   228.95710402786497     
   224.00070212620500     
   218.81498709139481     
   214.65747204021255     
   209.82145714980174     
   205.12397099157198     
   200.61124761917191     
   196.12205388170580     
   192.05904844522544     
   188.05042033327143     
   184.34383685755066     
   180.33901009620490     
   176.41941605405827     
   172.91601558721015     
   169.53285715493658     
   166.11385196795234     
   162.82344936473709     
   159.39668696252355     
   156.28972203232644     
   153.33580237207073     
   150.29243510787674     
   147.20481431963742     
   144.31141532356222     
   141.49070008500780     
   139.00319949767226     
   136.33965162128683     
   133.82950959144171     
   131.31884277516156     
   128.88515135788387     
   126.34372185879735     
   123.96373498550884     
   121.64230501250152     
   119.43350198846662     
   117.13196594272033     
   114.85073392439415     
   112.75461029207858     
   110.66007968069400     
   108.60313678508199     
   106.53568369984829     
   104.64440744057993     
   102.62790745383707     
   100.73528947923880     
   98.908024422240715     
   97.100485956613468     
   95.330507399937559     
   93.680183075929008     
   92.050242158364981     
   1008.3560202152719     
   981.10328167803243     
   945.05330744309674     
   914.52471239945930     
   882.57212463728376     
   851.21584609804563     
   820.73286646468705     
   792.29436575363354     
   764.07029803728767     
   733.52464001878934     
   707.57277919350258     
   686.94380883767167     
   664.38091988846941     
   644.19536382603815     
   623.59323988350934     
   604.08512469645348     
   584.71739966437485     
   565.48665109143872     
   549.04901183051231     
   534.00850576047776     
   518.13442100597410     
   502.42428646456142     
   485.12033010465086     
   472.56232155458389     
   461.27183661126060     
   448.28783607335822     
   435.71409063233591     
   423.81753253032332     
   412.13629581781549     
   402.57205357563163     
   391.57017245365034     
   380.39052084765757     
   370.04773539661801     
   360.76274678061662     
   351.78419784068393     
   342.55993563566807     
   333.92419555501505     
   325.37964914052071     
   316.90968464999503     
   308.79176890506125     
   299.86652985976627     
   292.33137218703592     
   285.63082585910490     
   278.22349401590913     
   271.41724988429780     
   265.29130424635287     
   259.13587568046302     
   253.49446409495084     
   248.24308752396462     
   242.56243736037061     
   237.67881264582343     
   232.64193954962877     
   226.81945485104609     
   221.58752070832244     
   216.63258773508403     
   211.97496282180083     
   207.84934642723726     
   203.19338972138030     
   199.31326470472811     
   195.17276643535442     
   191.23259000010307     
   187.30917960051056     
   183.72419662217430     
   179.82082207503538     
   176.19274522856639     
   172.49561642279477     
   169.33809610506449     
   166.14375394715319     
   162.85819666887340     
   159.67033656885488     
   156.57922985294152     
   153.51443358758206     
   150.37859007671625     
   147.56410531325818     
   144.77884473275256     
   141.87034830012124     
   139.18713194451701     
   136.35231044588360     
   133.91711234349970     
   131.40855986267246     
   128.68852189641223     
   126.20135970670967     
   123.86779087964464     
   121.49951900709935     
   119.18375297532533     
   116.87541702191956     
   114.70949469606282     
   112.50072129538613     
   110.33094614415019     
   108.31720294666425     
   106.27795049949222     
   104.27781493072132     
   102.32076059846469     
   100.54504364819425     
   98.691048193331739     
   96.849991803133975     
   95.136917364670765     
   93.442428513969105     
   91.736044661712924     
   89.972314454455400     
   1013.6331914606246     
   981.27247590383377     
   947.84683803517373     
   908.10230112333670     
   873.14527807102627     
   841.08364022528519     
   806.13903740501064     
   774.55898732044125     
   748.52770007751474     
   726.60414222030374     
   696.34856709426685     
   670.04750919715093     
   648.37861072857504     
   628.10614411195024     
   609.18154295351042     
   590.45384830154489     
   570.47860854191276     
   552.63862291939552     
   535.82213813641579     
   523.95775699876481     
   508.23513845009722     
   492.95161242311144     
   481.88255327864681     
   467.52092550640430     
   452.23931195617951     
   439.02897723431818     
   426.28017412695414     
   413.96836025921175     
   403.15144357418632     
   391.99346904475522     
   380.05448657861473     
   371.00390840052955     
   361.73374850633070     
   351.17697667282505     
   342.19499880003048     
   333.66732793778357     
   325.75371791953717     
   316.85148345917082     
   309.24999288501726     
   301.64041185253546     
   294.65463969173987     
   287.02086905664191     
   280.06900302369212     
   273.64952132590741     
   267.99482306900541     
   261.18648372170611     
   255.29584870698446     
   249.70632428432003     
   244.38356560844528     
   239.04558391455370     
   233.93687376750640     
   228.47314574011597     
   223.72706795992593     
   218.75217320074000     
   214.48964025947143     
   210.37872634259531     
   205.76467902452220     
   201.12861427620612     
   197.59346448305388     
   193.54115070330323     
   189.02536618599427     
   185.26437575385705     
   181.35807832701778     
   177.73342658400799     
   173.84360862248423     
   170.34290045822075     
   167.20638886865601     
   163.56945097474079     
   160.31268329407416     
   157.02527219870097     
   153.99006920150453     
   150.74705760513092     
   147.97045086707757     
   144.94639373511646     
   142.10797333181745     
   139.54491116123049     
   136.94936259696732     
   134.36289270269779     
   131.80680383678228     
   129.22641690927975     
   126.91703484744289     
   124.43843126724794     
   122.04259240512195     
   119.78578135349159     
   117.66571872058547     
   115.41041296825757     
   113.26448660641998     
   111.23175516574010     
   109.18469418000930     
   107.17160844029461     
   105.28698266769072     
   103.32041795402399     
   101.55051604497653     
   99.634068591368205     
   97.876427337703348     
   96.134660363558311     
   94.469802672724327     
   92.703198610286293     
   90.969123103971725     
   89.297935486021771     
   1015.4796792929209     
   985.46842005157032     
   948.61518533278081     
   908.59435348216789     
   868.81812637239989     
   830.41156978508093     
   801.71310767039108     
   771.15342615364511     
   742.12633933444442     
   715.16681921792031     
   693.37114354025562     
   667.30475332223170     
   644.13349004790109     
   616.52877603453464     
   596.01572609990433     
   577.52773647386857     
   562.26806483709515     
   546.21462777871147     
   528.25057471103150     
   512.26024685350285     
   498.59819223823933     
   484.16146999561079     
   468.11942341016822     
   454.84818611944218     
   441.15647424320611     
   428.47812158185263     
   417.72491909679133     
   404.38751092050694     
   392.61344790357305     
   381.07428604323633     
   370.62642736529477     
   360.84390805300791     
   351.00066907138364     
   342.73669502434961     
   334.34195890051024     
   326.14836004392623     
   317.85211288415053     
   310.84582914655209     
   302.42233224678949     
   295.16637129580414     
   287.24745415909979     
   281.11497068168620     
   274.72420473101795     
   267.01299632676034     
   260.71037428815492     
   255.12384517153782     
   250.21151385113149     
   245.41228993610287     
   239.68881458608124     
   234.35256929011024     
   229.51197591873711     
   224.40255218460641     
   219.24433414930508     
   214.68883707817338     
   210.31019166862458     
   205.73574650668985     
   201.54912028536774     
   196.90335091207862     
   192.37248542955177     
   188.70372003959019     
   184.72407262205397     
   181.35171934272898     
   178.11264368323347     
   174.69920959231627     
   171.04420613129963     
   168.08633342415322     
   164.82858936103219     
   161.50081333993148     
   158.13431814748233     
   155.27950225109998     
   152.17302740763975     
   149.19897811411539     
   146.34375358139147     
   143.61806875771319     
   140.84482812439077     
   138.12387918109795     
   135.46114665554245     
   132.71094553867135     
   130.19750980567727     
   127.75413957815165     
   125.26178504553845     
   122.87165452687650     
   120.62577178701332     
   118.36962512121946     
   116.10851931171979     
   113.82369719952975     
   111.75274957516822     
   109.70166704262533     
   107.72942129359794     
   105.75931295026879     
   103.79446127940889     
   101.91796898600298     
   99.912395294346254     
   98.080428053676172     
   96.243268398415267     
   94.398645573382737     
   92.642372506554352     
   91.036155105444621     
   89.436370417547039     
   87.874825128744490     
   1025.8766082967668     
   987.61052747500594     
   948.04260791908473     
   903.10570500550659     
   866.41292323650021     
   828.46196468267669     
   791.10089959068159     
   764.18638003572357     
   730.72343414978559     
   706.10267920153285     
   677.86926429888388     
   655.06617232389283     
   634.82478669430657     
   612.63894083772277     
   590.29648307786522     
   573.47818221818136     
   549.85188312320645     
   534.21700285644204     
   518.94398565950894     
   504.32388170388566     
   489.54607230491087     
   473.69320189108339     
   459.44085265203046     
   448.14343750286594     
   433.56329853988080     
   420.89692363208457     
   408.70700959020780     
   395.93297373783719     
   384.22416701246362     
   373.02505900215010     
   363.81040021785043     
   355.10059551348473     
   346.39173240255980     
   337.76624120905382     
   328.39982612171207     
   319.72134790626637     
   312.02078974579865     
   304.41217925217421     
   297.01376555154627     
   289.94989700860361     
   284.31165182252283     
   277.87949419737828     
   271.08828286030496     
   265.15459980213666     
   259.26627516070766     
   252.33036863066056     
   246.94926286908878     
   241.84884938860736     
   235.68813763113258     
   229.70743025135346     
   224.76700193306738     
   219.28821236067142     
   214.40268839376157     
   209.61444028785337     
   205.38335952952809     
   200.66528987770741     
   196.42852538162259     
   192.27618507549033     
   188.69502708012601     
   184.70894152585319     
   180.70721853649525     
   177.29923816019416     
   173.38354997539321     
   169.71797138002071     
   166.36445422465340     
   162.88644885518613     
   159.36378334105132     
   156.17854478669636     
   153.45530274283342     
   150.43654704753087     
   147.65336688268579     
   144.79743546105999     
   142.04441837708322     
   139.34220399551742     
   136.74132059416024     
   134.09811820132288     
   131.67912513406881     
   129.25271085596751     
   126.75732327478758     
   124.54913164372904     
   122.34566567112304     
   120.17367522507450     
   117.89543581004629     
   115.90998911193046     
   113.73544208942360     
   111.71653769971108     
   109.62217604089473     
   107.61565193198604     
   105.50435157698898     
   103.59283731106352     
   101.86098957190656     
   99.996999056036259     
   98.243185954295015     
   96.415784286499445     
   94.701578720833822     
   93.061410595390100     
   91.407820861174628     
   89.779867170229082     
   88.176386339079613     
   86.561380012185381     
   1024.2707970452750     
   989.59567040643344     
   940.89363998971680     
   899.54661979109494     
   862.60384267904510     
   820.15013428416955     
   788.14676251813955     
   755.00053989338346     
   723.26193045551565     
   698.73996268732617     
   672.83682006707124     
   646.87281697986475     
   627.59708275445792     
   608.81000597155037     
   586.38233554315730     
   566.31457661493698     
   547.05116311953668     
   528.93408156804037     
   512.98133934227178     
   497.21652706206703     
   481.74714977064474     
   469.27214898731302     
   457.68104027467655     
   442.52409514512982     
   429.30297120404168     
   416.16015888974579     
   404.60771563664690     
   393.18742822535825     
   383.29083391287213     
   371.79202623234369     
   362.39288953554171     
   353.92888623716021     
   344.22742040890699     
   334.70920439964408     
   326.09978284885824     
   316.99242366503461     
   307.92549119944886     
   300.08514142780791     
   293.45374808176769     
   285.65239985805943     
   278.55592315022727     
   271.92570017945997     
   266.11565662431707     
   259.71546417757475     
   252.91087525025523     
   248.07485992488495     
   241.96800782436637     
   236.07127220090359     
   230.80758522900652     
   225.36009426498472     
   219.68644598830215     
   215.46568475857978     
   210.90600525323032     
   206.78685136901763     
   203.04043308867386     
   198.21916576348087     
   194.30602369932959     
   190.86523321546287     
   186.81306319475425     
   183.17396701455115     
   179.11652305580841     
   175.49972917455841     
   171.95109110836378     
   167.89704583737858     
   164.66873645772924     
   161.44709651796546     
   158.17481582845679     
   155.23518999853107     
   152.19680328127401     
   149.27368696096448     
   146.22617714484406     
   143.39281597808571     
   140.55680727588859     
   137.79414718835380     
   135.33566137575116     
   132.79442618801744     
   130.00252677356048     
   127.33197762269937     
   125.02115461572973     
   122.61802161489942     
   120.16470337296148     
   117.79582246787049     
   115.67603055781755     
   113.53297771702580     
   111.50783198917553     
   109.58809152084913     
   107.76174471087965     
   105.74810379138172     
   103.95852973257462     
   102.12541912099086     
   100.24863771426142     
   98.353501833507195     
   96.617415656724347     
   94.878501673115892     
   93.228831639627401     
   91.594506782298041     
   90.007983015055117     
   88.419911877700699     
   86.852657129169685     
   85.268347293972028     
   1027.3126779564025     
   986.10156960656172     
   943.18088835003721     
   899.25618556881398     
   859.68336841175289     
   818.89426322407792     
   782.83399606927310     
   749.68738996540219     
   713.91085786364351     
   691.32871296926942     
   666.10448942370056     
   640.81282630633564     
   616.78052849741857     
   597.43320430894687     
   580.54012429026511     
   563.91123507866098     
   539.43801493653632     
   522.58008039224535     
   510.27294067509484     
   494.45786216527250     
   480.19114045133875     
   465.76364953477338     
   450.46140925411282     
   438.71187403658837     
   426.28435045722460     
   412.61716265734520     
   401.37911642730904     
   389.76028567063702     
   379.81676313617140     
   369.02719436927197     
   358.80040440310313     
   348.02440967891147     
   338.36656357017790     
   331.73713852019461     
   324.40291590153720     
   316.24898368644347     
   307.05810411046258     
   299.59798731314487     
   291.75479440055125     
   283.11622479799814     
   275.51930201357311     
   269.09499120650236     
   262.31592348798068     
   256.36681434949026     
   250.28117386546927     
   245.17546852066118     
   240.30906634331086     
   235.10638364962048     
   229.60041814429962     
   224.60884791750070     
   219.84227444801380     
   215.00799864374122     
   210.09241003084776     
   205.64097784763987     
   201.64043251857390     
   197.02618155521245     
   193.47454418628078     
   189.30925943332321     
   185.68339027632450     
   182.42593984753722     
   178.13857322527119     
   174.59796928174524     
   171.45353604530453     
   168.68970721737514     
   165.10443485406228     
   161.73974314330599     
   158.14113760240380     
   155.01052108881100     
   152.12829806246918     
   149.34496882869723     
   145.99687852111472     
   142.82314641501023     
   139.94976442642849     
   137.36343646254534     
   134.72837656010307     
   132.16642847370306     
   129.80204724034533     
   127.33558743356797     
   124.86850165989884     
   122.52701531173111     
   120.40256988490512     
   118.22833935930151     
   116.23490148103848     
   113.98842422451563     
   111.63917032920449     
   109.55687937477194     
   107.46571272550266     
   105.53813592601873     
   103.56654807656913     
   101.66711937599032     
   99.810697471145119     
   98.007963459803477     
   96.100574766055729     
   94.222600999621463     
   92.536627272025086     
   90.827879353850150     
   89.218837378286480     
   87.548239479032418     
   85.961605703248381     
   84.456578065693719     
   1027.6567586137173     
   988.86317169583674     
   940.19800175008822     
   896.54821038446210     
   856.81507481034805     
   814.75380039732806     
   783.76355351895359     
   749.58553530654581     
   718.15011919156609     
   687.31672335348537     
   667.07954955633022     
   642.08263891615854     
   620.35055392453125     
   595.93369989864721     
   574.83108535129145     
   556.26103552954669     
   539.25347606039497     
   521.69968480324712     
   508.02802540616130     
   490.55950723211345     
   476.05382069631332     
   462.60994172993838     
   447.93880099721343     
   435.35753231919665     
   421.68217476100040     
   407.87108246048354     
   397.59413504125223     
   386.96732190135992     
   377.69440635546340     
   365.93781002666367     
   356.13387638714084     
   346.64500280056006     
   336.17438852447543     
   326.48695271880479     
   318.70513812701768     
   310.97053279453337     
   303.38800638863802     
   295.40931669251148     
   288.43184683307618     
   281.32244989137246     
   274.53833419711162     
   267.75616191026796     
   262.85342403308005     
   257.03622471831528     
   251.04120958571551     
   245.56783000673880     
   239.83653835341147     
   235.01833605557823     
   229.22874190920706     
   224.28854948232052     
   219.32987475450167     
   214.23557257426793     
   209.52855956155102     
   205.10315496892358     
   200.17522368911074     
   195.94839957528598     
   192.02823562572306     
   187.70676946699695     
   183.90831179717267     
   180.25939550280455     
   176.57810302924750     
   173.13686748707642     
   169.44148351392681     
   165.78512559607748     
   162.07150008138819     
   159.10016314731138     
   156.23189358726663     
   153.52914745843077     
   150.54472450998071     
   147.40169914480171     
   144.74374835974862     
   142.15898253589310     
   139.49123832716310     
   136.71153183270749     
   134.10598288387320     
   131.43867082389608     
   128.86856783864388     
   126.48501890567400     
   124.06134285570718     
   121.81118924544199     
   119.41586441850133     
   117.16845463638523     
   115.00272717535675     
   112.76164656927349     
   110.81337118634595     
   108.77553326419529     
   106.65546618908782     
   104.63763891496717     
   102.62822106737237     
   100.82921664030113     
   99.041624448492399     
   97.230331506824299     
   95.546074153881321     
   93.982494074468676     
   92.222082258054797     
   90.595174169176772     
   88.899554801930122     
   87.330642100189991     
   85.780797807058306     
   84.252102148348641     
