           1
        3200
           1
   990.10499702717868     
   933.78377933128422     
   892.40380418849668     
   865.32617848198424     
   837.63705158295579     
   813.58585670533887     
   791.65933602967175     
   771.05022430755685     
   753.27654477054796     
   733.95986361629525     
   715.13444239841431     
   697.17782042373733     
   677.76183766662439     
   660.69490834467501     
   646.74588711163597     
   629.41788325214930     
   612.91343936507303     
   596.72748569475311     
   579.46395432343218     
   564.56294431057211     
   549.22666850924429     
   535.87179784124487     
   521.90778011249097     
   508.89531193849342     
   495.85545330214183     
   483.80004810270856     
   471.64324898708549     
   458.99318806060967     
   447.59864154888413     
   435.32292494946097     
   422.82321538050701     
   409.80510883620843     
   398.96858520691399     
   388.65991160701026     
   377.93836565544643     
   367.58895824906506     
   357.94645354029910     
   348.72365380010939     
   340.08353639875338     
   331.36145072421743     
   323.08669638721875     
   316.11375740638942     
   308.77240185608753     
   302.36464053726047     
   294.96770555495783     
   289.60177801028732     
   283.27677065598232     
   277.25480857237716     
   271.17141655354521     
   265.41571199707425     
   260.31623239639026     
   255.13268529257007     
   250.28283832031161     
   244.85621286137666     
   239.46678619379577     
   234.78592481396726     
   229.96634799694249     
   225.31072654117301     
   220.81209500202718     
   215.90031922779212     
   211.16139658293883     
   206.41785027351045     
   201.70269121894310     
   197.42811675117386     
   193.16998684377751     
   188.88777558126137     
   184.29535014374019     
   180.79235045310273     
   176.99335250894143     
   173.22222479283278     
   169.17032892192060     
   165.82168483805287     
   162.70005496475164     
   159.33266339879773     
   156.07816447048643     
   152.67743936157987     
   149.48049886313453     
   146.65651363425019     
   143.77028806353803     
   140.76079734071075     
   137.74241282781841     
   135.10315409668601     
   132.48904034689403     
   129.91784116546842     
   127.32350193053274     
   124.89761992477355     
   122.63473085970716     
   120.17574885738729     
   117.87616010779205     
   115.68745966280420     
   113.48312251992124     
   111.38651086311597     
   109.30274833444142     
   107.06839890226219     
   105.06852980794565     
   103.08657509319278     
   101.14952956807319     
   99.217965102767678     
   97.370229180050714     
   95.537904291996114     
   1004.1812925276082     
   972.44289188302616     
   932.49097555973071     
   897.09860659224978     
   863.66541707981321     
   837.41692608591507     
   811.89538705908990     
   790.91222777630310     
   767.93611666885431     
   747.65264285454009     
   728.46633327621271     
   708.81483056540173     
   690.84129231180827     
   674.48748178736753     
   654.84690767009852     
   638.11444982797252     
   620.70917655897324     
   603.63351902814873     
   589.70106651482308     
   574.09811187927653     
   559.36183363890962     
   544.98336718288340     
   532.09570298444351     
   516.80645065182819     
   502.11422657100945     
   487.63011407102425     
   474.27403823122074     
   460.46965422259439     
   446.87983350932745     
   433.85262393977075     
   421.63996846165435     
   409.97529604300024     
   399.35002419774207     
   388.82721113811698     
   378.49847918010221     
   369.25683860839820     
   360.10621678654815     
   350.52730190325644     
   342.20835331008607     
   333.67828631755907     
   325.38067079408330     
   317.57111146846887     
   310.76236360291790     
   304.29310880695334     
   296.46090937359105     
   289.49393228958104     
   283.63029429455361     
   277.71909611149789     
   271.36935120631733     
   266.13880399016341     
   260.14338338118665     
   255.53477842428637     
   250.30484930330761     
   245.86481461525028     
   240.34622259420868     
   235.79337566936280     
   230.70224353960867     
   226.44415463373252     
   222.03776911163538     
   217.38158440285429     
   212.39597708794346     
   207.62098752646540     
   202.85830706668270     
   198.82770639008538     
   194.76497207702400     
   190.17764896466298     
   186.18285270079787     
   182.14715723566425     
   178.10338974053624     
   174.40800248623597     
   171.09002735665874     
   167.65065597332830     
   163.86288587379426     
   160.53399848537919     
   157.30886792991740     
   154.27475855012710     
   151.28025392907236     
   148.21970708996713     
   145.06079872163164     
   142.20597234707907     
   139.48211594427579     
   136.70956215974743     
   134.15268736255237     
   131.37594561697972     
   128.90219538581721     
   126.40455969975392     
   123.82329180767185     
   121.35726659547537     
   118.93837027988565     
   116.60452024698043     
   114.33603387204582     
   112.11031807915758     
   109.99276203313514     
   107.86057777452177     
   105.80990900693871     
   103.79181753658084     
   101.67508480843311     
   99.700366935798527     
   97.793712368388441     
   95.908837811812859     
   1014.8010105987926     
   984.64248903033831     
   951.38780306492117     
   920.20745531393868     
   889.36064713573569     
   859.48668197935524     
   828.91613068284278     
   807.47421620569730     
   784.18596084556873     
   763.25093816814604     
   743.85662619819311     
   724.01582184683480     
   703.25835413614413     
   683.58872381559684     
   665.83972313999539     
   647.93118119723249     
   630.98065217882140     
   614.28035012416899     
   598.79578943044885     
   582.67990688530006     
   566.92471832152739     
   549.31540776118436     
   530.56589538080505     
   515.03205064687529     
   500.83768024819346     
   486.92259089126077     
   473.16988089698373     
   459.61377328107551     
   446.93233440940980     
   435.11991868147260     
   423.06635024569107     
   412.04621287718294     
   400.61674294745546     
   389.84299199984622     
   378.59710561414158     
   368.17425383295921     
   358.70157766354117     
   349.49512726719195     
   340.96735733567755     
   332.31358323152864     
   323.92263414999206     
   316.71858633153914     
   309.29216716048074     
   302.18022936342089     
   296.16327114936166     
   288.81267677954497     
   282.77012588274681     
   276.97900220307815     
   271.45180771925027     
   265.94794265043367     
   260.59333014852984     
   255.76676225530485     
   251.15669746647865     
   246.06246222097087     
   242.06046282176962     
   236.56711931007891     
   231.83961523518431     
   227.44350728456695     
   222.83938342551306     
   217.99739463427696     
   212.60093841521808     
   207.62923929973402     
   203.33096222123993     
   198.69728339836968     
   194.64740844109397     
   190.43132010931987     
   186.55935112247298     
   182.52524276063815     
   178.12674713064618     
   174.72556856746650     
   170.90109612262003     
   167.44300302040571     
   164.01623822737756     
   160.49547869945849     
   157.14776153176126     
   153.78969835888108     
   150.80548502706958     
   147.89523947649550     
   144.86085366218958     
   141.82698245549409     
   138.86212469068110     
   136.30479221662006     
   133.51881222500890     
   130.97832207882189     
   128.24008724249319     
   125.72010134700609     
   123.27044498871589     
   120.83642925245437     
   118.54120364828708     
   116.23775641051449     
   113.94248868383548     
   111.66069693623720     
   109.48330621434015     
   107.38139067349189     
   105.36051648151003     
   103.24060508716595     
   101.25723135138807     
   99.235206510894301     
   97.205581892995937     
   95.235225405802325     
   1023.0618867895799     
   990.65118891670136     
   959.89375507035459     
   931.69475500995850     
   902.10879892701018     
   874.59620594452781     
   849.50817058646453     
   824.43303821136169     
   800.11604667568611     
   778.50025067947081     
   754.97433468673978     
   733.76753542298184     
   713.17940211095220     
   694.51892767940228     
   675.83568200628667     
   656.62886651652593     
   640.18297463522106     
   622.19512314047768     
   603.03132502212748     
   584.23841848652955     
   566.39430667831039     
   550.22247136643807     
   533.43382814056793     
   518.09930201679697     
   502.37656098488037     
   486.29029251164513     
   472.17320082422219     
   458.61101576148610     
   444.51534371940210     
   430.79065881290728     
   420.32212680981320     
   409.28554360853718     
   398.72036084678388     
   387.83791053923909     
   377.60477397398614     
   367.95813005392574     
   358.56112381583841     
   349.40572142091355     
   340.70608041578612     
   332.80185987080739     
   324.21934716248222     
   316.37998890827760     
   309.28265387019928     
   301.97501982349428     
   295.54830741002229     
   289.98234850599999     
   283.68833096303524     
   277.63932137739204     
   272.17235351104961     
   266.51632786322995     
   261.33954963027691     
   256.27921383718706     
   251.69775839896599     
   247.07793925382634     
   242.41793804126490     
   237.05807806412662     
   232.65822640282164     
   228.23035955524179     
   224.10077026395763     
   218.88960079879334     
   213.32378057663320     
   208.55769557028702     
   203.68275133496365     
   199.64118920889140     
   195.40240678486504     
   190.78808385110960     
   186.24919686811137     
   182.25540371946633     
   178.39959144882317     
   174.55530263246447     
   171.14369990712035     
   167.51225926774868     
   164.20781581611539     
   160.52810648353932     
   157.32874870371498     
   153.87409398079001     
   150.89482959982453     
   147.97991379680906     
   144.95223076864212     
   142.09274155951346     
   139.03447463215124     
   135.99503590123305     
   133.38730762319418     
   130.82860532140796     
   128.31680078165471     
   125.61668901427663     
   123.01600039619501     
   120.63819278070392     
   118.20135610352077     
   115.84200404212167     
   113.43319482019368     
   111.26977112279970     
   109.06710294474934     
   106.96488519830105     
   104.91452301605931     
   102.84651181654674     
   100.67813840929917     
   98.636351964392802     
   96.645264830778785     
   94.669473331289637     
   1024.2385934359972     
   988.05973297662547     
   958.14155406425266     
   936.03461760465837     
   913.61905115280911     
   887.31389034140875     
   860.32962638043523     
   837.15342394836716     
   814.16339046654286     
   790.23334507001084     
   768.29667406426734     
   745.67716528263088     
   726.83636627172052     
   707.08715881371302     
   686.76735680342654     
   665.67646973011369     
   642.51119088717292     
   620.90800675072967     
   600.92553999939105     
   582.57862277582922     
   564.83882375735482     
   546.43167187787049     
   529.88010562137674     
   513.59017801501727     
   497.89813537011321     
   484.13923447037888     
   470.79857237384465     
   458.38984653595821     
   445.36260061243144     
   432.56231233558628     
   419.91747053170036     
   408.47315006225449     
   397.47861401186719     
   386.95386641923767     
   376.43321166877087     
   366.50883114062827     
   357.07585407414041     
   347.97380142588480     
   339.51420346653538     
   331.73802729530246     
   324.30415397262254     
   316.67758573859413     
   309.29401867348213     
   302.85473088352990     
   296.31773956113238     
   289.73938005616822     
   283.39315524282659     
   277.55044198966488     
   272.17741651408119     
   266.46306803857425     
   261.48209017297205     
   257.02260010253627     
   252.63407559120617     
   247.52795850948965     
   242.63210412636451     
   237.90746540710722     
   233.45087137796349     
   229.06238779130578     
   224.89225205306079     
   219.02198809457647     
   214.14647497327232     
   209.20442259604420     
   204.40675464933776     
   200.11722984155051     
   195.65794334337284     
   191.10277280392046     
   186.90883876187846     
   182.81676304084965     
   179.03862743228660     
   175.17659001614001     
   171.03214090988376     
   167.17448468167248     
   164.04653761511634     
   160.61155212169899     
   157.54900144787010     
   154.19991842999480     
   151.04869662020482     
   147.66959953622040     
   144.50730751225581     
   141.65854190644947     
   138.73097432288409     
   135.99523727209203     
   133.10698314331432     
   130.64441304440265     
   127.83667854439673     
   125.15436480367174     
   122.50878689053684     
   120.02846465861035     
   117.59226034119162     
   115.13060540134185     
   112.65939056763040     
   110.31383389793740     
   108.10031546978128     
   105.95443563229750     
   103.84019294849097     
   101.61331816688596     
   99.539527777635271     
   97.403894807781256     
   95.401979404406305     
   93.289792403628681     
   1029.2988473066926     
   993.73156185292237     
   964.99194070499357     
   938.03969085054359     
   917.94934317977652     
   893.39408513130559     
   872.08658582777093     
   847.43703951240843     
   821.71311580383519     
   796.63094587870000     
   774.27622881845900     
   752.71125467694367     
   732.38079720528935     
   708.86631124266830     
   686.40033599123899     
   665.18585317147517     
   642.94896244751112     
   622.78835031958533     
   603.42260216164925     
   582.30688301492955     
   561.76076993752747     
   544.13487970406095     
   528.00370609868685     
   511.46259012354676     
   495.90645290941404     
   481.43201300716862     
   467.06350605814487     
   454.00634050054566     
   441.85229963796940     
   429.96032815042133     
   418.80942571484718     
   407.40959389445618     
   396.99423721833944     
   387.79923502340068     
   378.33725747335154     
   369.24154209186565     
   360.65594207241787     
   351.27077224133700     
   342.43987954453814     
   333.78091436236002     
   325.60436056787057     
   318.33792642117646     
   310.83940998301324     
   303.86358440007427     
   297.25967774455398     
   291.68033613523022     
   285.92644415417737     
   279.65955916575388     
   273.17128484216516     
   268.84782485346398     
   262.93425020165301     
   258.68851146341626     
   253.80864007013790     
   249.29115716762306     
   244.70953248734287     
   240.01617174145059     
   235.50740142624687     
   230.84690456061691     
   225.96323972523913     
   220.68548173662305     
   214.91440627282122     
   210.22005323084548     
   205.65408244326642     
   200.96292105905857     
   196.38258127246019     
   191.48281409042835     
   187.37435279948772     
   183.38926177511280     
   179.16478786898284     
   174.52325305145263     
   170.98436973260453     
   167.51617129488295     
   163.45362718264306     
   159.84991233322907     
   156.39605280387383     
   152.93583008670942     
   149.64720243592552     
   146.26056559313767     
   143.33539005840774     
   140.60859137055488     
   137.37835307779983     
   134.30992147971770     
   131.79318518355529     
   128.84180887314540     
   126.07484992728823     
   123.36287070341410     
   120.65633720218138     
   118.07149419113010     
   115.79617904809051     
   113.27335858736910     
   110.89009857776418     
   108.48845483807210     
   106.23567040671350     
   103.85955081045861     
   101.50014666858787     
   99.213944748458118     
   96.979885953495142     
   94.790910393822500     
   92.488367371882447     
   90.362977772660088     
   1034.1261565581688     
   1000.6706936505577     
   971.86559876115996     
   943.13405545901526     
   916.04096588477091     
   893.73165055419497     
   872.25952438681884     
   851.56907782971155     
   829.44093616649491     
   804.17191226659213     
   781.58278202722295     
   757.54316200247831     
   733.27938837524368     
   710.25111736217696     
   686.18946415741902     
   664.06328716332189     
   641.40940787713612     
   619.39079019452959     
   598.29032168349920     
   578.35271241750070     
   561.23887615557726     
   544.47117260410562     
   527.62219879447059     
   512.01342681668325     
   497.37816543666270     
   483.41084942774921     
   469.77330278798860     
   455.15352880319796     
   441.58066467954188     
   428.84637917011361     
   417.06154586511514     
   405.84865794361758     
   394.30439089296925     
   384.46096814370219     
   374.33922894174515     
   363.55256118110458     
   354.93268338267751     
   346.15241910655482     
   337.43406003291386     
   329.89851891127205     
   322.77925658514727     
   315.42206235229924     
   307.83771845504873     
   300.65056443888466     
   293.80008755556565     
   287.42004187405593     
   281.91556412457089     
   276.30720299478065     
   270.25117228824115     
   265.55214755691105     
   260.49242833391565     
   256.69148082349415     
   252.42646966266346     
   248.64145734412995     
   243.64713649613543     
   238.96414061500946     
   235.22171540804254     
   230.04170470090895     
   225.07721514417821     
   219.57516030384335     
   213.60338927599230     
   208.63564921525361     
   203.99598142338803     
   198.65143664880588     
   193.56879933468718     
   189.52940052266018     
   185.53713736300887     
   181.24724134970796     
   176.42546524244864     
   173.03753649146785     
   168.98828012482755     
   165.43409546540056     
   161.65917049715603     
   157.86610830388852     
   154.39551577115566     
   150.77587380924945     
   147.06810562347522     
   143.56852885917360     
   140.63031582233413     
   137.79728934693770     
   134.67860107816864     
   131.50875544873333     
   128.69658329354559     
   125.49823280640929     
   122.50891245772294     
   119.62626881269607     
   116.91624475132670     
   114.01725557663767     
   111.43924732299641     
   108.70513740830594     
   106.08592509288235     
   103.69515451125248     
   101.18305890627298     
   98.982628528864879     
   96.627162093611403     
   94.224331130863277     
   92.087719345257653     
   89.935681793537512     
   87.682050546058420     
   85.561802520707218     
   1041.2148762450367     
   1005.8138972307518     
   978.54395874700117     
   950.58157142809023     
   923.91423214573410     
   902.00195555176219     
   876.82082579733287     
   852.71974912504015     
   830.34150536987033     
   806.60344756451104     
   781.29731976579978     
   758.97143963618100     
   734.58329599893898     
   707.36051085564588     
   683.31905428367645     
   658.75193948823983     
   636.36650981402988     
   615.23073463916069     
   594.99820539761220     
   577.01902721164902     
   559.37303810159085     
   542.61671687453372     
   525.80283375613715     
   510.54597728807050     
   495.48357574938399     
   481.03934561177164     
   466.84443250823568     
   454.00144779718784     
   442.50588095214755     
   430.25957391217554     
   418.54644004819448     
   408.75904336727444     
   397.67495034159367     
   386.23399132577447     
   376.00821242929743     
   366.06080065776183     
   356.41528048253451     
   347.82513275947338     
   339.80616697972994     
   331.17447052161083     
   323.22171131308437     
   315.57938796510257     
   308.75766668554689     
   300.79738262650454     
   294.17226074113751     
   286.83006248006723     
   280.98436884537898     
   276.12816790651794     
   271.08922055496475     
   265.25869522767300     
   260.55110615108202     
   256.12800076046466     
   251.42126224557609     
   248.67150545610349     
   243.52964105798134     
   239.89321489504539     
   235.98538818974234     
   230.30995505865226     
   225.37454966135641     
   218.92301806692603     
   213.75083166494801     
   207.40674032544706     
   202.22011274067967     
   197.40844080238767     
   192.42686986717828     
   187.35034165895107     
   182.32622713642004     
   178.28577243728355     
   174.08342516005686     
   169.82402380492127     
   165.78535299547036     
   161.73849193866056     
   157.99725016816885     
   153.93051851719440     
   150.13181128752018     
   146.36409678237021     
   143.02903747099739     
   139.78971927453637     
   136.05325738873120     
   132.94971744785863     
   129.88818261115165     
   126.29571492700660     
   122.96633569971914     
   120.22067126695798     
   117.12960714563177     
   114.45680824217467     
   111.58599747646372     
   108.89359021897019     
   106.01439359060846     
   103.13250324062551     
   100.65549225687590     
   98.051913907684622     
   95.398690470349990     
   92.774742524501690     
   90.693719281456509     
   88.481447683199733     
   86.247210202794889     
   83.842938026508335     
   81.497850793014194     
   79.226607649488187     
   1046.2933816479576     
   1010.6921959532456     
   981.45784673856178     
   954.04358825558120     
   930.52686176340376     
   903.98445924308442     
   878.74795710373110     
   855.33145433693664     
   825.67885143183423     
   802.86038744422569     
   779.88483881115815     
   755.19523014633251     
   728.02018444514169     
   701.97776180394897     
   678.19389888731894     
   654.23151150567014     
   631.82122094164174     
   610.53856176515001     
   589.67573389318443     
   571.32906641068632     
   552.74972382743852     
   534.92807679417183     
   519.63513099304873     
   503.86167803129615     
   489.64493747680075     
   475.29968468918264     
   462.80000768572108     
   450.17608718904472     
   437.73377872544359     
   425.83419873803541     
   414.98764959910562     
   403.89899548174105     
   393.91163726995728     
   383.36557126137825     
   374.54452873902824     
   364.90574309161292     
   356.62556389412083     
   348.07429716281030     
   339.52384526016715     
   331.21141513255975     
   324.49751907976975     
   317.00074421531662     
   309.58705738260051     
   302.43603318561202     
   296.48615497819657     
   289.91389602179572     
   283.44317557994430     
   278.19533632966608     
   273.03267536571718     
   268.29251515094290     
   262.77894236490778     
   258.68003234370934     
   254.35922641358513     
   250.58272490106430     
   245.57406351938613     
   241.15173004826585     
   237.16006222818669     
   232.01604161840470     
   225.37927486692720     
   219.05937707659774     
   213.12426755827477     
   207.41148251444170     
   201.36082266395039     
   196.02123315123015     
   190.11691061016617     
   184.86903404331105     
   180.35189510813942     
   175.71483613741120     
   170.87155503257907     
   166.41189257799039     
   162.20454525519864     
   157.92843103263317     
   153.32389332569980     
   148.90004944704987     
   145.20170059578717     
   141.27677350381938     
   137.04157381468667     
   133.39804161822417     
   129.81974275490504     
   126.36741787692119     
   122.85692737002077     
   119.57884674799590     
   116.56065862818133     
   113.72123803756810     
   110.62864486340990     
   107.45398626681839     
   104.58516516198853     
   101.72132739105358     
   99.228029412631926     
   96.224290870785495     
   93.714739651557721     
   90.681001373755109     
   88.132526899305887     
   85.813971429626207     
   83.592820557735450     
   81.281950330125099     
   78.715753731234898     
   76.479190909602693     
   74.198612972336889     
   72.200956362746950     
   1052.9441343819394     
   1014.9748150422952     
   983.84104866926452     
   958.32215682393303     
   930.07479616400281     
   905.27815858752774     
   877.53140436431295     
   850.37968153975089     
   823.71621576785992     
   796.68170869351309     
   768.18059672866161     
   741.15977032186743     
   718.28847653917057     
   695.02554857648022     
   671.65801285495297     
   649.90116363614084     
   629.27042651064346     
   607.36295676839427     
   586.61465369895541     
   568.66860589060957     
   551.46275701703360     
   536.19761321559861     
   519.68552190455387     
   503.48975921737957     
   487.56817586396051     
   473.94177480611154     
   460.44894656082693     
   447.34961847586908     
   435.24627221390790     
   423.48675749449092     
   412.42409717497725     
   401.27051877481716     
   390.67335564767131     
   380.82359527246558     
   371.13483307881796     
   361.85609934083726     
   352.15906387565383     
   343.36663663488963     
   336.05559001637994     
   328.79444989814613     
   321.27095261169018     
   314.25653012351529     
   307.05329603472586     
   300.24843651910624     
   293.76182214341611     
   288.21411431665524     
   282.13610403162630     
   276.74662836603756     
   270.61240054654854     
   266.32952376131652     
   260.94844665232591     
   256.94721388684030     
   252.88883745976688     
   249.58170590993490     
   245.80119772598937     
   242.49673776857199     
   238.82162879536537     
   232.71820713843761     
   225.24265997229386     
   218.08452913275917     
   211.42547507670037     
   205.00017479504214     
   198.17095373526720     
   191.57892918632021     
   186.60156210979221     
   179.96526768442936     
   173.99969853032567     
   168.72525703451760     
   163.44099305463544     
   158.72553325295803     
   154.33619157705940     
   149.45566028784600     
   144.59380960029657     
   140.32692994731207     
   136.11870512678209     
   132.12663484089012     
   127.99304375425891     
   123.86927635932675     
   120.45270200515193     
   117.07237331879270     
   113.55063019517466     
   110.00396715091132     
   106.71132610539854     
   103.14148109222300     
   100.01895517159846     
   97.086527478825388     
   94.318823469047871     
   91.678710214389810     
   88.514279028395194     
   86.120722839990037     
   83.380527749898761     
   80.751930279479993     
   78.912084150971694     
   76.608771623109064     
   74.470862112399402     
   72.218928045002102     
   69.498986903368106     
   68.198890852850397     
   66.117357834727258     
   63.379392080813332     
   1055.0626797433874     
   1016.5726800958187     
   988.34594919788617     
   960.37463803700609     
   932.65743797836922     
   904.31203302096765     
   872.04267724199553     
   844.72061359029760     
   817.59843161886226     
   788.42361826847434     
   761.00149812510426     
   735.30138032293735     
   711.24299355205335     
   689.39833862777209     
   666.28856884326660     
   640.99417998344381     
   617.55132756224089     
   597.78471033339372     
   580.81505774347170     
   562.69764028844577     
   544.84876238766651     
   528.11247976555171     
   512.92798373838093     
   498.90196544438476     
   486.19236078205068     
   473.41436082536450     
   460.62058396047490     
   447.07290798328961     
   435.55896287497433     
   423.26220899086672     
   411.54794544230629     
   400.85842961557637     
   391.34476597888784     
   381.30205571606115     
   372.82667588999527     
   363.77838753302262     
   354.36921958155688     
   345.80058018517002     
   337.57924789170193     
   329.22303714757800     
   321.14916757549196     
   313.88925160949060     
   306.34872441875251     
   299.74657317928165     
   293.20408007555227     
   287.57959633372604     
   281.36121939693828     
   274.96980918466045     
   269.77557814090511     
   264.76832899905867     
   259.59127964816457     
   255.56944465110379     
   252.47160603966211     
   248.48582751427671     
   244.35040195645959     
   242.56261563333555     
   238.79685256555842     
   231.81130981190768     
   222.64776192931214     
   214.18248425548705     
   207.37693963296473     
   199.78255711070236     
   191.46185349094688     
   184.48909837480591     
   177.96909787880799     
   171.30783682547639     
   165.29906132840267     
   159.26951343366591     
   153.47571730722484     
   148.47237798481987     
   142.89007210257603     
   138.14379813404383     
   132.92989512668242     
   128.91980958556954     
   123.91139809170771     
   119.58898838247551     
   115.21951086003907     
   110.78067269856943     
   107.53394861464861     
   104.80761515353467     
   101.42198110600393     
   97.747616608881856     
   95.354448755713165     
   92.033351623564968     
   89.356634528517702     
   86.224855302950715     
   83.740010877134083     
   81.369137744389221     
   78.416668025836657     
   76.715061241975121     
   74.671654126117119     
   72.057106601725337     
   70.397836504034601     
   67.813265226080290     
   66.146328994704220     
   64.001257709004065     
   62.265137437185174     
   60.929011125618302     
   59.073725172716941     
   56.686651616804895     
   1060.8260463099189     
   1028.6436868271830     
   994.47663067108033     
   959.95377648359863     
   927.39136429299117     
   896.60707050356814     
   867.15288573580142     
   833.73856410453175     
   802.31896570987919     
   773.04666764278147     
   747.60517963050916     
   724.56123398175828     
   700.46318824606510     
   676.42228599780162     
   655.91447810911529     
   633.71673637755407     
   613.08870150401492     
   593.09166048766906     
   572.55660492399625     
   553.79356389575014     
   537.51698409178107     
   522.34076775943879     
   509.18477490389455     
   494.77331871748379     
   481.06185979981149     
   467.20389282986497     
   454.66715477890250     
   440.91314676467783     
   429.16174514046520     
   418.42028598388936     
   408.19341712841208     
   397.36340692351882     
   387.53288929896701     
   377.67142737453537     
   367.76197823054599     
   358.41992870148454     
   349.24661354487631     
   340.98329351197935     
   332.80667032998986     
   324.99673856821789     
   318.11920071559661     
   311.07522061179469     
   304.58340624920424     
   298.48426153672023     
   291.71940452382773     
   285.91512124114496     
   281.49299107838840     
   275.52145704289592     
   270.14159053427460     
   265.31425613691437     
   260.58662948672526     
   256.56060220290379     
   252.91085515696741     
   249.64042092730725     
   246.87943370264301     
   244.59024716560990     
   240.40744143036696     
   230.62732976567219     
   220.22533111986846     
   209.84370918321991     
   199.84047272628581     
   190.71501566152722     
   182.39574552893558     
   174.38972850227555     
   166.24098254107767     
   159.10375122931401     
   152.35614474317993     
   146.40000059469799     
   141.49873473039497     
   135.68127771214543     
   130.03791087769312     
   125.20084507547226     
   120.66556113272048     
   116.09334679837740     
   112.17888328865587     
   107.20267272927018     
   103.65071047004338     
   100.49008748422108     
   97.525571156795507     
   94.598803760445250     
   90.827123163163051     
   87.551051013914815     
   85.607798906068396     
   82.901072724806113     
   80.255629060924193     
   77.699883284191628     
   75.472702677648954     
   73.227617907607282     
   71.776430645689743     
   69.830932397004574     
   67.873280682610613     
   66.485639035343013     
   64.038369017718352     
   62.141203355995970     
   60.652836365472069     
   59.477256008723671     
   56.964727100931192     
   56.181968541662314     
   54.706909352728431     
   52.031236804709408     
   1067.9879899592559     
   1029.7058677637644     
   995.72825619844411     
   959.59276526578105     
   923.90499024499661     
   885.27590696994264     
   846.62776134165927     
   813.28448849505048     
   781.52564283690299     
   754.67963578013007     
   728.82481532903910     
   704.03958064536926     
   681.57135127739389     
   660.15284627276958     
   639.27241311041462     
   616.32864383452420     
   590.61936907634242     
   571.62353586119957     
   556.08003155994072     
   541.63054463954336     
   526.87474857138682     
   511.89858960873397     
   496.35348991641092     
   482.82285386619344     
   471.01961319882838     
   458.00959421746495     
   446.31038492992735     
   435.80942436755652     
   423.89416377121097     
   413.68419491278740     
   402.41158292191642     
   392.03333294575168     
   382.32232809065340     
   372.54300217102832     
   363.51857146739383     
   356.70861758641882     
   348.19742362286820     
   339.61962508591881     
   331.20323379914129     
   324.66884042023878     
   317.07794839022085     
   310.13427010017875     
   302.55717172046872     
   296.06551888621215     
   289.89359146106671     
   283.32680622532655     
   277.58794050919585     
   271.35545147717238     
   266.47090415126632     
   261.73920555030503     
   257.85149615382363     
   254.11764883060005     
   250.40218422870683     
   247.61749574161635     
   245.75135706574775     
   243.76870381199024     
   234.29826405911535     
   222.88432988987302     
   210.84028065344657     
   198.42733733802140     
   187.02159945542280     
   177.15963004513046     
   168.00540727856733     
   160.06331894223251     
   152.90102147856643     
   146.08875790051951     
   138.05049320572269     
   133.27589577779156     
   127.01799683315630     
   121.03299951910158     
   116.86634015205416     
   112.90378558597143     
   108.01598822557045     
   104.09866891822318     
   100.62386073703523     
   96.931516478514865     
   92.816680871160131     
   90.446882695021770     
   87.993870291071744     
   86.719679112199060     
   84.141101914922075     
   81.650232766508964     
   79.236158145250727     
   77.356502387536011     
   75.065518099746512     
   72.311328370546420     
   70.948375198791155     
   69.352216523491421     
   67.147459964135194     
   65.960962160136802     
   64.094190223796943     
   62.583264425911480     
   60.724658734225613     
   60.050375119329914     
   57.501224208266834     
   55.502087348880295     
   54.277167267961609     
   53.280628442122179     
   51.684620569935113     
   49.370974917855335     
   1072.8767385159849     
   1033.8476849890694     
   992.38311552206005     
   952.00906724375034     
   906.12962696002489     
   861.97847115815296     
   824.31181324688168     
   792.20787942653180     
   762.03367868956479     
   738.22381806830504     
   713.04303909609303     
   690.79046797692001     
   666.02815133143190     
   642.59064107659333     
   621.15233763893514     
   595.02492892558485     
   570.49340567701267     
   552.31819885186269     
   535.87223125503840     
   519.80399790279876     
   506.44376637275451     
   495.56190704649958     
   484.37010314271924     
   472.56982871683897     
   459.21536744618049     
   446.20645040003348     
   434.46579967058256     
   424.47263163268883     
   414.23581284299956     
   405.13895632985088     
   396.42773549301097     
   386.30573929126206     
   376.48665039726814     
   367.90464774444979     
   358.45363048413481     
   349.58273230679015     
   341.87563307315980     
   333.04232518060093     
   325.55213288217601     
   318.27590532092404     
   311.50144257095889     
   304.58429737502922     
   298.46266631579584     
   291.41252580600303     
   285.73108678267033     
   280.68994332895346     
   275.65032162749765     
   270.12030224906266     
   264.95093190188373     
   260.44523521765763     
   257.04563561192003     
   253.80330700234276     
   249.81827166647005     
   247.76289846005875     
   246.42135736008038     
   246.01483133091119     
   233.20748821910507     
   217.57572656564389     
   202.63096519592148     
   188.90452445227811     
   175.09168918589643     
   163.98864827213316     
   153.32876791833652     
   147.36133204437118     
   140.32825912759770     
   132.82433143048951     
   127.02355869848240     
   121.90846474587008     
   116.67002699493511     
   110.79277852977648     
   107.50238736404677     
   103.16134273329727     
   99.614396134286807     
   96.205994449931154     
   94.736871767499139     
   92.072179983144423     
   88.034883873301482     
   86.250590732842767     
   83.781272335898791     
   80.918289178392612     
   79.936024431725144     
   77.660177711607147     
   73.956700839547693     
   73.004331090498056     
   71.438509188249228     
   69.071614178720594     
   69.049389464549989     
   67.686793424970219     
   65.147542578746652     
   62.961672096057910     
   62.016662492198172     
   61.219477690448628     
   58.753201776799621     
   58.263937823892846     
   56.898205281268233     
   54.798062852327689     
   53.402625431984070     
   51.746373278116202     
   48.804822768816379     
   46.995969689417706     
   1081.6297061021396     
   1038.6273962768341     
   985.10560231945806     
   928.72484737194543     
   877.26701724347890     
   833.48119732417263     
   794.63387293496237     
   760.03006403307859     
   731.82651530826388     
   704.81580479683987     
   682.54223002787512     
   657.61094493331382     
   634.71398344493082     
   610.68784877108465     
   588.07648621099020     
   557.80457687913974     
   529.73323603187737     
   516.14440415071010     
   505.80867756837131     
   494.89011171686019     
   484.44160268808287     
   471.66830136352212     
   459.64099752887881     
   451.00967347987824     
   442.07108513393956     
   431.77092944622893     
   422.32770778368399     
   413.49895741905181     
   403.96491190112351     
   392.38653044433596     
   382.22659777632674     
   374.20836898126902     
   364.86642511094919     
   356.36013079347481     
   348.52276303588951     
   340.61399545734128     
   332.98007232275006     
   325.82622404922887     
   319.03662142771083     
   313.34483013519679     
   305.86971145575058     
   299.76496310549493     
   293.40016288833766     
   286.53676319265247     
   281.02701495046216     
   276.34207764402856     
   270.71293972543839     
   265.06414986405559     
   260.47518459380274     
   255.19011080175125     
   251.31253916763399     
   248.42377533714208     
   244.48180251579475     
   242.69446343455041     
   242.89905022480039     
   243.58478751524319     
   227.83821963065978     
   208.63126768250902     
   191.55046084459241     
   177.23889978158937     
   164.88965545669868     
   154.40946538795077     
   143.88576363783918     
   138.04396469922949     
   130.64259711342868     
   125.40928224751089     
   120.33224134936360     
   115.98942009818178     
   110.25038390465257     
   106.23845996418608     
   102.85379362501654     
   98.085697416061493     
   93.788486087271380     
   92.563094347913591     
   90.202897973643005     
   88.174163677635846     
   85.022670403279463     
   82.641899812848010     
   81.717081297201531     
   79.795339162383030     
   77.636498516475513     
   74.921361924661653     
   72.270220601428690     
   71.315641842699137     
   69.093695464421998     
   67.464591325435080     
   65.652414327838287     
   65.238973734121501     
   63.204496750807181     
   61.708971670364072     
   60.558978831515567     
   59.427977724577545     
   57.682021785083066     
   56.243373629658940     
   54.823716218720577     
   53.613234299274438     
   51.685085112608604     
   50.855229291150778     
   48.672595464839048     
   46.157996816501914     
   1095.2458055656250     
   1030.8898405810000     
   956.82803751251333     
   887.20782772752545     
   832.57539464742342     
   789.51196734958512     
   752.67697662225635     
   720.05025689360116     
   688.25547206858732     
   662.57996917644800     
   638.54180806573117     
   609.07841318245562     
   585.58497793561503     
   562.19318956947393     
   535.61717193826144     
   498.05435994842469     
   463.99853562126566     
   459.18488069267642     
   456.49776404452297     
   453.77760483516528     
   448.42939949476619     
   443.19498123323694     
   434.96163613008190     
   426.61738131005956     
   417.89617646096247     
   410.63070640569447     
   402.24193022981461     
   392.45971685704995     
   382.95177463600515     
   376.61000661208260     
   368.65780577176565     
   360.92975538680616     
   353.16987038822043     
   347.08273408540720     
   339.55209931088564     
   331.15767143739231     
   323.05931721497046     
   315.43617858667329     
   309.04716643189090     
   303.60393169604384     
   296.87984404140883     
   291.70812803005816     
   285.99778901466431     
   281.47192819829712     
   275.38212742249681     
   269.12152862857039     
   264.11773534263654     
   259.29415790364391     
   256.07187143301906     
   251.39822645403802     
   248.48180365466936     
   244.02375045407319     
   241.10139439515655     
   240.02092596423583     
   242.92931840934523     
   244.54420372472714     
   222.98252793381943     
   201.11425124319086     
   184.38300382129984     
   169.19158595867111     
   157.10208051517563     
   146.53364079453283     
   139.96025192244889     
   132.57701765342009     
   125.24696341434898     
   120.54985007620832     
   116.75406424892276     
   111.99915246440875     
   107.23681568399995     
   103.65495270739753     
   100.39929751887820     
   95.877322458212149     
   92.367482086456761     
   90.142637776749012     
   88.114883287986260     
   85.641775732150279     
   82.890311090383108     
   79.764386373591435     
   78.548785185506617     
   78.774555702412115     
   76.226942228245690     
   73.702445998091349     
   71.687468329460557     
   69.162192797890881     
   68.204267362934104     
   66.014535093971972     
   64.949520619548281     
   63.206143599907165     
   59.845587243726058     
   60.463987528239386     
   59.028123960843132     
   58.861012112521436     
   56.500068475893862     
   55.014497249954736     
   53.653208950658524     
   52.218242882093975     
   50.872881433983927     
   49.095960662015251     
   48.168150298449589     
   45.109185997219562     
   1109.3028929117829     
   1015.4549234969891     
   906.85616647879510     
   831.20108215754556     
   774.80844973998342     
   730.23147996339230     
   691.52134378324615     
   656.52326825543526     
   629.37993072829499     
   601.72820457683622     
   575.29494209039876     
   552.54656475576985     
   527.18847889302026     
   499.71354139126913     
   470.70821989889259     
   423.41616014118881     
   383.32715600791965     
   385.38202253269583     
   387.13670047635657     
   393.20044687238209     
   395.89712851788909     
   396.72206905010410     
   397.26119621639509     
   394.72275951209036     
   390.32901246742631     
   384.23449810228954     
   377.69703782034219     
   372.04102521829532     
   365.76386286828313     
   358.28657491698601     
   351.54851059627885     
   345.67056749990235     
   337.37635841366938     
   331.20062969112945     
   324.35185331026787     
   317.85330403582611     
   311.39130987540250     
   305.40346179359921     
   298.92011783668460     
   293.87039723372959     
   288.62570291354888     
   282.94836959149336     
   275.73887751202062     
   269.08402455156306     
   265.34455331439887     
   260.63087852986638     
   256.62928784006868     
   253.24941781703583     
   248.63152285457312     
   244.89123469066195     
   242.13385325815835     
   239.04366919488203     
   236.63467815356108     
   235.47309786245268     
   239.10697183566748     
   242.60488613320609     
   219.08430713711357     
   197.32039944637245     
   179.28075813814317     
   163.85801600548365     
   152.54004343701570     
   142.84356538335501     
   136.68421143543083     
   130.56497503255926     
   123.13131157943815     
   118.42154086707579     
   114.02657334185341     
   108.45282311371736     
   105.27415952907570     
   99.914619081381190     
   97.778137244919009     
   94.865291502476467     
   92.037816332394073     
   89.969638593737500     
   86.297512261648791     
   82.304481899295936     
   80.245254467136562     
   76.645582995312878     
   76.055991209774305     
   76.522560209342060     
   74.712037415099701     
   72.122957312341228     
   70.455827185001297     
   67.857129191894558     
   66.412580076737157     
   63.661096092951084     
   63.000842951565595     
   61.736777926932334     
   59.281367439814346     
   59.041381325587253     
   57.977402395460231     
   57.125865564316420     
   56.449340242036058     
   54.183051084046710     
   52.719007815120840     
   51.808171834441815     
   50.424242666136266     
   48.118226252517864     
   46.424343155176260     
   44.203994718321731     
   1121.5857528023373     
   977.53476218518017     
   852.84349126635800     
   768.26655436101805     
   708.75722883455319     
   663.65020332091240     
   626.88874289315356     
   599.31027430155495     
   569.10458737107319     
   543.16903409737301     
   523.27135832092188     
   496.39753672797730     
   473.17387897763672     
   450.48525413450818     
   425.33142759285909     
   370.93996913652245     
   301.37054957132398     
   305.62282308553756     
   319.26484650819538     
   331.25372117468402     
   335.81741239347105     
   340.84231319547143     
   342.36181026141605     
   345.45855371144887     
   345.19251998062651     
   345.10979292685664     
   344.49647802917229     
   341.98959284804334     
   338.97188838803817     
   333.66569912219245     
   330.17081001512668     
   324.43285465306928     
   320.66935644159895     
   313.24342694202994     
   308.78803668098772     
   302.55541467504054     
   296.69561367452508     
   291.02487010616971     
   286.46069830515734     
   281.13545736157369     
   276.56893233043530     
   269.79154953580803     
   265.00064338506616     
   260.19903618922297     
   255.92433262311553     
   252.23036817324569     
   247.82945971412548     
   244.12318082257869     
   240.20444241095095     
   238.15017117453849     
   234.36878406950842     
   232.36580719636879     
   231.00285480942088     
   230.48340435764118     
   234.86167980551670     
   240.05571545033087     
   215.16420645091785     
   194.53556657622255     
   176.14296902190648     
   162.75722549168566     
   150.93480968602930     
   140.30969144658496     
   134.50904829624315     
   128.69063643726321     
   121.77475081980180     
   116.00961493074408     
   110.94927606763972     
   107.03818393374836     
   104.10836373309482     
   97.798890170449539     
   95.746796093826191     
   93.532018636170093     
   89.629208884128886     
   86.437521238154062     
   83.229423017956663     
   79.901842880795485     
   77.400852103633724     
   75.968886574453279     
   74.817106089324824     
   73.645790230228812     
   73.513501360481726     
   70.566821091876264     
   69.375357527702761     
   66.315559608325700     
   65.170071264033353     
   63.704663837176213     
   61.504786098008125     
   60.444439118094692     
   59.469434973374817     
   57.537397676084808     
   57.959114054190394     
   56.930137391855482     
   55.803735747809810     
   53.514806134435730     
   51.398302303120332     
   50.267509622622256     
   49.925789664240774     
   48.015495153756405     
   46.364745036404855     
   44.026209417194963     
   1145.0703891395247     
   953.23294392850755     
   808.97338637310941     
   720.16027524058245     
   661.53964060405826     
   623.20352388421702     
   587.68024446752543     
   555.67356865639010     
   526.06093508593142     
   506.25528633080609     
   490.64090722567170     
   468.55295553659374     
   451.73796829550508     
   429.89357676102776     
   404.51139441891166     
   344.32841088496843     
   259.73462301222992     
   243.69593299566566     
   251.86466730897888     
   264.76046816986047     
   277.96701674525019     
   287.42663585353409     
   297.53221145887250     
   302.16823432120026     
   307.43883685663752     
   306.35769085785364     
   305.26357908052626     
   305.80832035595301     
   305.71234324360159     
   303.60732958994566     
   301.79635158404921     
   297.17873009909795     
   294.28986878517082     
   290.14403440381409     
   285.58455247516298     
   283.78642922622646     
   279.53022918876468     
   275.83004256680670     
   270.69680216136862     
   267.25049387555833     
   263.00736662318269     
   257.90505985333755     
   254.33860076080509     
   249.01536876167205     
   246.32851124915277     
   242.64574307343861     
   238.76792339834481     
   234.73934577277254     
   231.60733814910316     
   228.08688973821782     
   225.80621581700058     
   224.48449683626936     
   223.38598141373907     
   224.00278800993533     
   228.35123975709939     
   235.69530073777119     
   210.66832839037625     
   190.91911026538455     
   174.71559281239124     
   161.02099185457976     
   149.91663092102834     
   140.52074437723019     
   133.63481657135964     
   126.47241690515006     
   122.25177276161730     
   115.25743124865397     
   109.69587948070242     
   106.25211736496885     
   102.26612925207638     
   98.832318785236225     
   94.497794181697373     
   91.686593780583337     
   88.119490864516735     
   84.729763620669033     
   81.752739357281058     
   80.045197881048480     
   76.396772806737928     
   75.066717698190359     
   74.477062403132962     
   72.059419255746803     
   71.267419204358120     
   70.900724256847496     
   68.684782518417606     
   65.637056692968841     
   65.440031653841785     
   62.844773424582158     
   60.057518936401401     
   58.951286082840213     
   58.486977302076355     
   56.384969401017941     
   57.164715185503553     
   55.461248229457752     
   54.260917948394514     
   51.838017689238264     
   50.405744868494281     
   48.787218522899721     
   48.515564301936372     
   45.993104692616967     
   45.603469216084051     
   43.137498130800225     
   1174.5929264700217     
   950.73690490593344     
   801.61700314295615     
   712.10407911429593     
   647.95482219946950     
   609.25072902315401     
   577.97407633843716     
   545.13259180249031     
   514.50517580970143     
   496.57589598611924     
   486.51642194031945     
   461.51718916249951     
   441.45404031450892     
   420.31512048957194     
   393.82823713073685     
   326.56148462257812     
   244.05364371052826     
   227.67085410093648     
   222.70108909955707     
   229.01805731795213     
   232.11939927112761     
   236.49374531444377     
   247.84884658759961     
   257.81599080733514     
   262.31105113377942     
   266.56044377261577     
   271.47295294138701     
   272.29601238373306     
   270.02793227705502     
   268.46059431821965     
   269.46094088095361     
   269.55314600879177     
   269.87034162370719     
   267.68188142401249     
   263.45387817005400     
   261.20096507526972     
   259.51432960421761     
   253.14579334573676     
   252.41758299868368     
   247.88714109115733     
   244.19570182571317     
   241.64356787916003     
   238.52588314460951     
   234.24904561453809     
   231.44895805609997     
   230.59320442044702     
   227.05558419263167     
   225.02788607308349     
   223.44712342035623     
   220.76137988780664     
   219.25632485430265     
   217.23488622255348     
   216.43872553652778     
   218.43458246239354     
   222.82431189733387     
   229.59078880338510     
   208.21871773060346     
   188.13130512275228     
   172.11531919142226     
   158.19752368869450     
   149.06912263056330     
   139.65873228071629     
   132.90441688556731     
   126.63942669036227     
   120.54526590306556     
   114.02746828762386     
   108.23869204480877     
   106.10624891826338     
   101.51002740918568     
   96.577644581592352     
   94.284611823882983     
   89.252638195264240     
   88.143533468703481     
   84.569500738009083     
   82.113287420396091     
   80.001158469114145     
   76.533671489383849     
   73.595569973433754     
   72.717372074378659     
   70.303369121838998     
   70.214550353027505     
   69.976663147451575     
   68.043024686411002     
   65.467044916441083     
   64.069891840660461     
   61.161311344149695     
   59.632085403205224     
   59.167426437416964     
   57.214146146041685     
   56.519997393839780     
   55.249542353999161     
   54.025269954366308     
   53.324134345784444     
   50.768780281715493     
   49.157267249898325     
   47.402513446365155     
   46.563075679956135     
   45.075189850639418     
   44.131168850664061     
   41.234443734089105     
   1215.7876098877659     
   978.52796580459562     
   818.04567340261337     
   718.46748083952059     
   655.15198003233093     
   614.47762325421400     
   567.25909610106623     
   540.45516621950355     
   515.46208461966762     
   493.11568386482259     
   484.51106211720014     
   469.74091146322411     
   442.48871827317629     
   418.62492482543576     
   387.41754679261345     
   316.01635715393735     
   234.93502998947815     
   227.18746262725008     
   217.23149367611092     
   215.23365776237421     
   219.60509228638932     
   214.21776162385444     
   216.33909889434779     
   212.95942672008985     
   220.70163029803410     
   227.24388272701719     
   233.60494783125594     
   235.36155017087168     
   241.70384816603749     
   245.40023603725385     
   243.95261263024361     
   241.39585724808012     
   241.00348237296521     
   238.68238590336307     
   239.13234369781134     
   238.53721384873887     
   237.20276489054046     
   234.17384230587606     
   232.78067948452352     
   227.62236138418442     
   226.62156129605225     
   223.40348513736063     
   220.99638153624412     
   217.40267818753523     
   216.49197167645673     
   212.98207771293443     
   213.30441716141655     
   212.64361910880609     
   210.39866094365593     
   209.45446343888634     
   208.92490591498705     
   206.32775102157802     
   207.58924480465569     
   208.42965821398835     
   214.61947802195363     
   221.89730085251864     
   203.32828805061928     
   187.58464046990500     
   172.05092184359154     
   157.48674714692476     
   149.85758779957371     
   141.68556450013978     
   131.08911473384339     
   125.62068993007985     
   119.65946269267816     
   112.36771498505694     
   108.28692282607302     
   104.32131700285728     
   101.11035716852791     
   96.736533704996688     
   91.329595010123995     
   88.885925665193710     
   86.400575945027370     
   82.995651039065166     
   82.513226663294162     
   79.363719875079909     
   76.718418111770092     
   74.941225735769393     
   71.283951272412835     
   70.525871617142258     
   69.252602773048736     
   68.606848163147504     
   66.534710123700336     
   65.155980550875157     
   63.633622682673675     
   61.365661627234779     
   58.271451804894241     
   59.052192066276497     
   57.288712146292951     
   55.427555642558659     
   54.455066210560119     
   52.403413106671479     
   51.613350660464306     
   50.021723123442172     
   49.106484621246047     
   47.584268192530992     
   45.788645205113681     
   44.485184000661242     
   42.492534506499581     
   40.137405825661730     
   1256.0844551095031     
   1009.6977366392643     
   842.88251295603015     
   734.48678760717928     
   667.80822163730761     
   617.95105603185993     
   578.13259013304412     
   547.74287689225082     
   512.42909720802493     
   487.41160476701560     
   479.39482324682513     
   465.80693230357139     
   442.38306011881485     
   410.87688372139041     
   380.54849451997194     
   313.71460173823868     
   226.60421991705903     
   221.56665090086960     
   214.20093845500080     
   205.09209148506537     
   208.84349043306585     
   208.32571225307382     
   205.86195285599814     
   205.17531982099220     
   203.61603800493958     
   199.65271792218121     
   202.99235027144823     
   203.62132043245376     
   210.36086536417747     
   214.69052745556138     
   218.66538060010231     
   217.21756506904759     
   218.39968622330730     
   219.41865555728731     
   218.38467176276694     
   216.67095544911689     
   215.62013691435720     
   213.81510522052457     
   211.24575005953116     
   209.74305031489340     
   208.89581493341069     
   207.04256232913681     
   204.80056720346488     
   204.49956779510975     
   201.99984516394161     
   201.25787302916498     
   200.81248513510653     
   198.14021614610772     
   199.39395699316736     
   199.85608066909128     
   197.81910764608287     
   198.54964809886329     
   198.95187227543062     
   200.32357586249594     
   203.23963570185077     
   212.66762046160335     
   201.62874646324263     
   187.23098052252897     
   172.20947008950088     
   158.59127892562273     
   149.88183100552175     
   141.02300995603403     
   130.70513091906673     
   124.37787822120285     
   118.98239150201252     
   112.47214703382829     
   107.46389663070606     
   102.52559913369835     
   100.60209835482219     
   95.836946486208888     
   89.195475179375507     
   88.161885682868089     
   86.136707634376450     
   82.776871045231033     
   81.652712696632889     
   78.329343115179540     
   77.842041126907986     
   74.570987084881580     
   71.794127022453651     
   69.805973887268266     
   68.753868646984998     
   67.410612579075334     
   64.423362661686255     
   63.107142403881141     
   62.089532102799950     
   60.853681250834185     
   57.655673631429934     
   58.607866642267751     
   56.715850346550148     
   53.970404481542005     
   53.885771983054894     
   52.588111120414858     
   51.213692221377258     
   49.567328499153092     
   48.561641930250872     
   47.424695792544071     
   44.811428238834736     
   43.645231577666578     
   41.774587733801170     
   39.266924930169104     
   1287.5215269379994     
   1046.9106255650586     
   868.39859677094728     
   750.93419164357306     
   674.95719275364490     
   620.20053519959629     
   584.99929164396031     
   536.45004511480454     
   515.80450419980787     
   495.93462262861254     
   488.22082905311447     
   462.78199878585372     
   446.12766247564269     
   412.94742430889187     
   381.58503940487577     
   314.50425437288300     
   211.89773375669114     
   207.61463563604684     
   210.33476776127856     
   200.35966696997571     
   205.38499781638461     
   200.77092027461381     
   195.95938822189481     
   195.30553874127480     
   198.86933438528689     
   187.64463015092466     
   188.38326228651803     
   189.89302576135225     
   190.89017857427513     
   187.92378756169106     
   195.51624569751237     
   201.58940130724079     
   199.60560381361014     
   197.63550452007127     
   199.61485701179402     
   195.54887380713888     
   196.38987487545364     
   198.47575611126138     
   198.65616875128831     
   195.32034198205568     
   195.19355169346167     
   193.91434909640222     
   192.81904101654391     
   191.00092095144464     
   190.71947915243499     
   191.81448583970237     
   189.71859218580119     
   189.85585918998410     
   190.74223230791685     
   190.22259675260511     
   189.18495892344637     
   190.63488997262095     
   190.83049069543108     
   193.57103916116540     
   193.53595003326839     
   202.63162433320230     
   195.86661280319373     
   183.83035871186206     
   170.99054040468610     
   157.68114272805133     
   148.01828763605349     
   139.68053120913922     
   129.13865892565042     
   123.75725023683900     
   115.87783852744919     
   112.51124651346697     
   105.11666444188830     
   101.84938463524574     
   99.748192528661761     
   94.109353629217608     
   87.685968900007978     
   87.934505328074565     
   86.408927208912260     
   81.671275935922267     
   80.977760902962174     
   77.991949851362364     
   76.053528448555340     
   75.050364040021037     
   71.564424805060810     
   69.482472509562029     
   68.862221254619044     
   66.112146635198641     
   63.913463874102980     
   63.722185068842236     
   61.812427585161416     
   60.134127317242445     
   57.841745031391198     
   56.225040574990359     
   56.622803516703911     
   53.967518842248616     
   52.911030669852224     
   51.330792077472452     
   50.791816088728829     
   49.521274408824510     
   46.653714849437321     
   46.686406021987544     
   46.018028375098993     
   43.359531652519109     
   41.402901934954500     
   39.093764862377967     
   1315.1192940577271     
   1089.2305833799066     
   894.99262466705636     
   777.27775795402260     
   690.50662418881495     
   621.37370568067649     
   585.05428137175068     
   525.15072174262718     
   535.61823291141889     
   512.94927223396792     
   484.90772985751846     
   457.78583852206401     
   441.53290098042805     
   406.98082396824259     
   385.32805311458321     
   305.76400881407000     
   206.90471593696509     
   210.32468382126001     
   209.01286107627757     
   195.87450607889758     
   193.88179750182286     
   197.10790984920374     
   193.28247021750605     
   195.56546993394085     
   194.20559954279466     
   188.91195793540490     
   182.31392782336991     
   175.35008557879613     
   181.69562999063322     
   182.77938162970733     
   187.10919558357313     
   187.30834838266901     
   184.80572325032904     
   184.66556174727563     
   181.74939271326403     
   185.18045060816834     
   179.53264784438556     
   182.80758347194637     
   183.88095629498991     
   182.72719250630490     
   180.46858384573926     
   181.03092452976301     
   180.66408570974886     
   183.52801104501941     
   183.96387479629215     
   183.69415803556478     
   183.05818357496597     
   180.93977617592253     
   183.60310752099159     
   183.32388808380628     
   184.44839051240575     
   185.50932381465904     
   185.64874036835678     
   187.96555409334900     
   186.94957349930695     
   192.90637131858205     
   189.73320224374669     
   180.79652911482108     
   168.55923084914519     
   156.55442463005039     
   147.36746167546789     
   140.37372670511178     
   129.75801358124104     
   121.29476774439492     
   116.22547281476287     
   112.56202921265086     
   105.41014163024519     
   100.55137982864586     
   98.544699269738956     
   91.935728975882427     
   87.365425126294440     
   86.735688819811088     
   85.577953220043355     
   81.167009114626367     
   79.599613907419652     
   77.403535486737852     
   75.595966721638334     
   73.528671525599790     
   72.401088937766531     
   70.341607845317654     
   68.671570423248824     
   65.670597288623071     
   64.741558625725006     
   62.588345866255651     
   62.063232834394114     
   59.899405150616808     
   57.005307391179699     
   55.728330975970849     
   55.442497104673961     
   52.865606395857284     
   52.480566020042886     
   52.110595980806892     
   49.617926734481685     
   47.930459823784545     
   45.855592116243322     
   45.536999948923253     
   44.078484694197471     
   43.067476588574216     
   40.573524508200947     
   38.647338767878082     
   1334.6148466367340     
   1126.2338226301222     
   921.95243177558314     
   817.73285734478293     
   695.21714030186229     
   634.08516629298651     
   585.91470972239267     
   520.26587613747097     
   539.73263791296358     
   516.96858516778366     
   474.66773977599087     
   455.68512704067138     
   442.19462375102620     
   394.83614370259141     
   378.07224841596434     
   315.14789797048616     
   196.64145936501166     
   205.06919501896851     
   204.48042175808840     
   203.55808911780434     
   195.21176193027881     
   188.91634376290435     
   184.99514345689846     
   191.30272243216996     
   185.19263981242315     
   191.18200620384872     
   184.02555671548862     
   180.75071504864198     
   175.26361149100049     
   177.32710545711547     
   180.58219030401136     
   182.11700621153037     
   179.10412375005458     
   177.14301419208869     
   173.90360345590042     
   176.64225158029069     
   174.31245306508202     
   173.57602263130875     
   174.53822610076773     
   176.31813405519867     
   170.22534925337015     
   173.78551743016038     
   171.16768813017893     
   174.27400705011334     
   178.39062382422176     
   175.52976579398177     
   178.08286292500512     
   177.11228002708918     
   179.93193328846385     
   180.07531068892433     
   182.48172266006941     
   183.23583008553663     
   182.94825088611941     
   183.54453538080190     
   181.70690788196922     
   184.43180366590849     
   186.18606977516765     
   180.28661523581627     
   169.56151666778453     
   157.83975195556613     
   147.71732747907089     
   139.22703822328404     
   129.18016820270060     
   121.97042737749861     
   118.67772198782158     
   113.37639902229755     
   107.60179590902237     
   101.45995189285102     
   97.037224370283198     
   91.142326247929731     
   85.117375793318217     
   85.606084505484588     
   84.616029508810982     
   82.168832052873313     
   80.080097797950629     
   76.345222240760478     
   76.817038931262658     
   73.182506149037891     
   71.468000648460162     
   70.105966729304768     
   67.847303854232877     
   66.045354828964605     
   63.120038595152550     
   61.944094450960336     
   61.286635921962983     
   59.045960369295074     
   55.871216333612722     
   54.777506317335387     
   55.029588626591462     
   52.006695673861046     
   52.181434032598560     
   51.817803460542919     
   48.551111036343620     
   48.352474766327830     
   46.909849973639972     
   44.910066296211838     
   42.684603429376502     
   42.154783295332209     
   40.176525953836553     
   37.928213215337635     
   1339.8896382677692     
   1158.4845713132408     
   957.01389675845644     
   839.28926331217122     
   722.42544421805553     
   660.18524808445306     
   594.14834440225980     
   534.79346877351793     
   548.08865564950213     
   519.36711724450095     
   479.38556604061080     
   445.11493088317025     
   445.78884412387680     
   391.75916406287689     
   371.57112349342589     
   310.83368659534761     
   189.68278445077189     
   205.02335253842864     
   201.42987621138911     
   199.31757283058553     
   190.81757995149354     
   188.04111906043531     
   176.18633935622361     
   182.29752312833872     
   181.79805763229814     
   179.96198915557602     
   182.42346570986746     
   181.12935035459680     
   169.13822221245647     
   176.51698985423138     
   175.38330751111957     
   176.60377502419175     
   173.79205523711070     
   179.41051571026156     
   171.92447987928125     
   169.10511405323274     
   169.31141008540618     
   169.20298828745979     
   171.33173285733574     
   173.81451925778435     
   169.15598837658666     
   168.61561893773330     
   168.06959443872242     
   173.15349633086061     
   174.73177018884689     
   173.93197628132069     
   173.85771254091762     
   174.54586823337627     
   178.15461044924908     
   176.89441153848912     
   179.51588541267495     
   178.87842794521748     
   179.83692997704881     
   179.43678969860284     
   176.25169137505898     
   177.71368299040694     
   182.53557222824270     
   179.55776013237434     
   167.25440995683718     
   157.42643078608273     
   149.43807861789924     
   139.33905532871464     
   126.41367134038066     
   122.47189235375262     
   116.47444705864507     
   112.32603529937191     
   108.31074436498388     
   101.62068977469843     
   95.922827168109421     
   91.352944464847823     
   85.706636512994962     
   84.575696080504954     
   83.795519003830748     
   84.512965791813528     
   82.604163714663173     
   77.657344414841987     
   75.974294162736570     
   72.225964709078340     
   71.278800977151747     
   69.876363272332085     
   68.427131431349636     
   65.478094856092113     
   62.278413047562800     
   62.423883506199275     
   60.799889726100119     
   58.922044808435679     
   56.288915889409274     
   54.890924368749481     
   55.115149467917540     
   52.510201203200339     
   51.900264121942257     
   51.439405614980103     
   49.296092629121063     
   47.641787068398074     
   45.580289377260442     
   44.002838930072592     
   42.109068528598655     
   42.248165195598624     
   38.895569826605950     
   36.746285726532221     
   1343.7823976234304     
   1176.5905775478843     
   985.94731665268307     
   857.40036711214475     
   736.77231992776888     
   661.05561875664375     
   599.78915922344254     
   521.76688927599128     
   547.05918571584948     
   504.06419117746992     
   461.28745888082904     
   423.35169573275709     
   425.66659138812361     
   415.49732840467362     
   391.37857615693065     
   303.73124833400118     
   191.61569395606881     
   205.02732858553586     
   198.37736640325025     
   194.62594259644160     
   190.58796103760099     
   188.56104657934500     
   185.62612452240347     
   180.03104988578616     
   177.78745392720140     
   176.99801045865749     
   181.36129750725220     
   174.93636985244353     
   171.27123117038150     
   172.64304056979134     
   169.22349209284249     
   171.30387079640826     
   173.04060179847954     
   170.69779603305219     
   170.19411707846660     
   167.41428652552037     
   168.86785108279136     
   165.57526484270784     
   165.46516393228006     
   169.07603952595991     
   167.28841190172750     
   167.77343723709026     
   168.21673726431359     
   173.64734266241817     
   170.89702563170363     
   170.92274239794511     
   172.33017123725995     
   173.04378132687077     
   173.24230009061526     
   173.23584028268399     
   175.90466715175347     
   176.35941619317248     
   177.06292435077944     
   175.94433459409089     
   173.71949247985546     
   172.71429971222807     
   179.66242518412662     
   174.68676676803898     
   166.56899342732760     
   156.89902588333078     
   147.69577674874000     
   137.02408273621285     
   127.57298351362392     
   122.74891358672909     
   116.45051479779289     
   111.70373390895713     
   106.75050117577952     
   99.203229794251129     
   95.225420236895175     
   90.266351145421993     
   84.657578024856093     
   84.297639738417089     
   82.628980191735280     
   83.628994153555539     
   81.703662606057051     
   77.536840289104617     
   74.899034046661058     
   72.654166477183537     
   70.955622787973923     
   70.691759647434409     
   68.198536221827624     
   65.675878733555223     
   63.071163636847430     
   61.104161401769758     
   60.365030169131771     
   57.275862184799450     
   54.646528167627110     
   54.247195761158224     
   53.923092149994673     
   53.765677973820630     
   51.642106222232627     
   50.945570054310771     
   48.832040488030316     
   47.100141170345239     
   45.930762281388837     
   43.871331411189779     
   42.131410982297680     
   41.045136926785595     
   37.888557538725884     
   35.594472677637832     
   1339.4987497015181     
   1182.6793693452546     
   1017.2797024502361     
   881.97669588600752     
   753.36588153814569     
   656.61214889298412     
   610.15346660609248     
   538.24471893944849     
   512.49181933454497     
   509.74343947700606     
   464.31473486623383     
   421.15139747490633     
   425.41901143421234     
   429.14183574355775     
   381.35936020625331     
   281.08673510273638     
   187.75464337106678     
   196.80516571266190     
   199.23415091552033     
   183.13848772080095     
   182.54833798927473     
   184.81364376939592     
   179.67631863962106     
   175.90667073774577     
   177.83061271096037     
   173.20241546428755     
   178.98517450876068     
   166.60001200028148     
   164.85221781087884     
   168.63733573766541     
   167.08133367297700     
   170.48779246950852     
   168.14432274254168     
   167.31183817361833     
   168.35020760145642     
   165.85578057065516     
   166.00544565464250     
   167.41510637110753     
   162.82506600080032     
   168.81806661664348     
   167.26682960808114     
   165.02152672346924     
   165.27470930649986     
   169.12568444149841     
   169.30714208197082     
   169.38211374644067     
   172.54414505475000     
   172.72932304947125     
   171.39903276635854     
   170.80886227174784     
   174.63101534153864     
   176.85486600058641     
   175.54210865313837     
   174.91683513602496     
   173.03808457786008     
   171.04834495735682     
   172.00468617097255     
   172.25315415856534     
   164.63289528352925     
   154.64612092784716     
   145.33754498279228     
   138.06476786175187     
   129.22133160598679     
   126.03925943362611     
   117.07085699062117     
   113.19012840253862     
   106.99408822784096     
   101.25304578696013     
   94.975511796738417     
   90.462100916408360     
   84.173535557214493     
   85.174580167763651     
   85.108963062118477     
   82.422858309944431     
   80.493090685074094     
   78.081739731662083     
   77.058617361015720     
   72.786032038394239     
   71.071623753888375     
   70.700433415663127     
   67.341141062400879     
   64.932058573691521     
   63.016350593646706     
   61.852001868362542     
   59.714759495374359     
   55.953583733470431     
   54.586528815798573     
   54.711719864963548     
   53.895028144569025     
   53.031623894374171     
   51.174738967991559     
   50.209825928238814     
   49.407049654760542     
   47.567825942590929     
   45.633969130269975     
   44.009191180801388     
   41.803452893310009     
   41.308438667133522     
   38.128107790954267     
   36.368266026852424     
   1324.6840897576180     
   1183.1940269147826     
   1030.6209168616615     
   878.84981183199420     
   779.61450528368471     
   667.21606332219403     
   612.18756615827147     
   549.72423948224719     
   508.26826758787178     
   520.36962152878755     
   471.52710751689676     
   417.92634805173083     
   446.96819692180736     
   424.75092246648796     
   374.75976661312689     
   262.84093027008794     
   190.13172261939886     
   184.36441727239372     
   195.00002612115594     
   178.14836506332088     
   176.37888905637288     
   180.82103521652235     
   174.94335522526649     
   178.86341020538450     
   176.92990005337319     
   175.14100039075970     
   169.78678404851456     
   165.81542619769360     
   168.49679378439117     
   164.47271153171161     
   167.68688961686996     
   169.72415734197961     
   167.95078630667405     
   171.54810336163871     
   166.04927092890213     
   164.18365895643689     
   168.20613544518139     
   167.04378798423625     
   165.46588904392357     
   166.46962576466615     
   164.63164671428137     
   165.94956991592392     
   167.25196862710254     
   166.36603950289972     
   167.06742547984589     
   169.07505296149026     
   171.46711190418435     
   170.96556367398233     
   170.20914244944350     
   172.27908855669318     
   173.62188551851557     
   174.65844409573333     
   174.77666653757865     
   173.34298350731692     
   163.87723913243619     
   167.20903408210987     
   170.17300335092972     
   168.15074602358010     
   161.09467821768288     
   153.50514580916433     
   144.94469718674210     
   137.40812000635052     
   129.95475517050329     
   125.51604553057631     
   120.06381708467551     
   112.20916440257275     
   106.17064668335574     
   101.62911779229310     
   96.739829164794969     
   91.477325050080267     
   83.667983176153527     
   83.600462686423654     
   84.339369947359927     
   83.235502362081178     
   79.487920380823013     
   75.943889927692908     
   75.088901674284728     
   72.593152233889541     
   70.451677145629077     
   70.237062378519553     
   65.262208250590675     
   64.175319289081642     
   62.247683310301070     
   61.121767196210605     
   58.036239650851215     
   55.831390148121784     
   54.676347384908539     
   54.695413901683139     
   53.339427761662584     
   52.865558055272260     
   50.658118263750609     
   50.079323829928711     
   48.035693416935317     
   46.845092857398448     
   45.726363355265498     
   44.022480534893937     
   41.762673451697893     
   40.685963197792560     
   38.082284915246454     
   37.033871162525109     
   1323.0672600371313     
   1186.6019654346740     
   1020.1278030264223     
   886.74486088422009     
   800.61433702812042     
   672.68772184175702     
   612.11680919456967     
   569.85895266955345     
   517.24899835452015     
   509.52414862980805     
   444.25754323447211     
   391.89475869995039     
   408.54450260617676     
   408.90627942664054     
   364.60671907871927     
   201.78495131258046     
   195.51887193910835     
   198.60932610092806     
   184.39585614747949     
   184.43657638227018     
   178.35051292233297     
   178.79978566806341     
   178.26826672657728     
   181.51427938256387     
   175.22680790210435     
   169.43556314927079     
   167.80838904562350     
   166.12188385969358     
   168.39722025018446     
   162.35103572663925     
   166.39909571842472     
   168.26101353533934     
   165.04696209934721     
   169.90135001679215     
   167.10471790098583     
   163.65069179134386     
   163.49380774832147     
   167.45247893985723     
   165.23636772528093     
   164.16662920835321     
   162.40140205804158     
   165.09171260826938     
   164.83230860526362     
   164.59446369149993     
   168.86968663695575     
   168.22103062703368     
   169.29058116774681     
   170.93270951079555     
   170.07539136051960     
   171.48854548375277     
   174.69431099446291     
   173.49629444119262     
   174.37069491335495     
   170.14405517602574     
   156.53245801161370     
   163.76149980807219     
   168.09598282772350     
   163.81148469103346     
   161.12571504382134     
   154.23067848424211     
   144.29104517619231     
   137.36163987361491     
   130.25461196342553     
   126.29060959645649     
   120.13746793499534     
   112.18700300685249     
   107.18995305437893     
   102.08173327004241     
   98.157108056960396     
   91.486180767391801     
   86.320490770668982     
   84.088988063283750     
   82.414371257826247     
   82.420403512598881     
   78.948644228413514     
   77.379262481787023     
   75.981119658111680     
   73.263884677134527     
   71.426116433799066     
   71.525459127475955     
   66.444286633971927     
   64.174347669769503     
   61.387865790079452     
   60.703223601534091     
   58.134630353401683     
   56.402912583949956     
   55.853883016704756     
   54.905704806442643     
   53.011325430193295     
   51.418832802161774     
   51.590139868962623     
   50.070731509435632     
   47.924201013427577     
   47.362488779489993     
   45.282476448742692     
   43.283523283706977     
   41.692133056706787     
   40.474731154728090     
   38.241629801239498     
   36.332664607057538     
   1336.4494690232086     
   1185.5576541332389     
   1031.0747928575738     
   902.21149650330585     
   797.65511681503449     
   684.68298823970622     
   619.31744897926967     
   606.83607800763866     
   513.86682855398703     
   485.84426976334453     
   459.65291326536578     
   396.19269409715349     
   373.88414346273873     
   383.68653766672213     
   289.04446054259654     
   182.53369687647512     
   189.74730952264738     
   205.05679521951535     
   192.16990991302134     
   184.36077983638631     
   181.94553189268851     
   178.04268715041161     
   179.73986963885693     
   177.09387091683078     
   171.23809407803151     
   171.25587568721392     
   169.89428720009681     
   172.21740442718811     
   168.74408466576207     
   167.67509987068701     
   167.63284391464205     
   168.11611948015866     
   166.60303664673870     
   164.95730767579442     
   159.44935000100605     
   164.88879225764001     
   164.41824007859245     
   169.23743791762885     
   165.63592382405218     
   163.16367428954243     
   162.95346779444620     
   164.08024531579622     
   165.29155753125923     
   163.26659102188407     
   164.55506107769781     
   166.50955082758060     
   169.14466270196192     
   170.67814372642991     
   171.40256608057408     
   171.89942315756736     
   174.39416294734713     
   173.39159770234096     
   172.92838185737503     
   168.34825220265301     
   155.29765240492895     
   159.68525594805155     
   168.29687851449958     
   162.38445304477642     
   158.73110227464153     
   157.38924830758023     
   143.87432585704630     
   139.98403106395060     
   131.20186547996252     
   124.93901440148085     
   120.46251151753302     
   112.99893426870304     
   105.23282872058942     
   101.49591046602642     
   98.466456414415688     
   90.654128555559069     
   86.094372885315892     
   83.747493462302643     
   82.832276118003733     
   81.927322468482657     
   80.115953770150426     
   77.250047465382124     
   74.620292357954668     
   73.346183683565329     
   72.632441957452883     
   71.664974572924805     
   66.601104652871228     
   65.118435804769234     
   60.965008430200136     
   59.285859495553900     
   58.122815442666301     
   57.049750423495311     
   55.220098054832192     
   53.528462546776254     
   53.028798429871216     
   50.757276275545152     
   51.313971512466210     
   49.972286912612468     
   48.190999812958253     
   46.868062260533243     
   46.622359910732158     
   43.719218263285612     
   41.789995595378400     
   40.231590893702815     
   37.342046333107859     
   35.800251676065720     
   1331.4727894607777     
   1188.3008352551847     
   1064.5561805373504     
   895.81559039399735     
   822.48247387269498     
   661.72807263574657     
   609.57195922333233     
   584.61818718158020     
   505.81956784913228     
   444.25252375435696     
   492.56127694609745     
   392.67703883331262     
   363.75570101385517     
   395.33600395396547     
   254.36271584560984     
   168.42456762021888     
   177.34166346276277     
   206.19374174530412     
   193.37104557481319     
   182.90034425297165     
   178.91540684795390     
   177.35749067214229     
   173.38945726404492     
   174.56620987582687     
   172.77007789498202     
   175.84149099686343     
   167.45834278560179     
   168.12933880305715     
   164.80446338656114     
   163.30345096255465     
   163.67335352308908     
   168.73288784628357     
   167.37806085292499     
   161.41254592829290     
   158.77460027828133     
   161.27138731916088     
   163.79647760569003     
   167.99262801797090     
   166.25439092603960     
   165.80424275408441     
   163.82529018514094     
   165.09526582036503     
   165.46903410569405     
   163.20039597489694     
   165.02940412563660     
   166.91975077635141     
   171.65173481600672     
   169.83624083522659     
   168.71496395917410     
   170.96840780680898     
   174.05599208319299     
   173.14122677279602     
   172.30932125725434     
   168.00570306722284     
   157.69559048714288     
   157.98310410126564     
   166.65549644387977     
   163.04725725609453     
   159.20013767745556     
   158.50898092934878     
   145.65425491381950     
   140.36381498730378     
   130.27877159494412     
   123.98919832472671     
   120.97264221708511     
   113.57276149537871     
   105.84338256139495     
   101.87153142911589     
   97.043724708299820     
   91.177334057590130     
   82.770880902699787     
   81.956047901040932     
   82.170992771044666     
   82.351514185190879     
   81.375232565144074     
   77.566329155532856     
   75.194720035585590     
   74.727157588048200     
   72.517151324552813     
   71.975440631089441     
   67.141535866812006     
   65.008348395256206     
   60.193170042955998     
   60.883301822044409     
   58.782494781611746     
   56.695808325105361     
   55.400200466239035     
   54.491565859072601     
   53.040105376069846     
   50.865217032617494     
   50.251089502932736     
   50.830142233373373     
   48.024563870064632     
   47.417549647484464     
   45.226148353521445     
   43.276972069484330     
   41.478973511340982     
   39.902884214995879     
   37.366398098419459     
   34.862481267845475     
