           1
        3200
           1
   989.33227834736977     
   932.83008335684099     
   891.38170523059716     
   860.44268850549690     
   837.59125961733889     
   814.51224499709610     
   793.10482124697853     
   773.62633110763340     
   755.09080632337918     
   735.98472626148737     
   717.11128300018436     
   700.45217819353365     
   685.75318379678504     
   668.80935800183045     
   652.31824329314895     
   635.56757077110615     
   620.46401987317483     
   607.64858226809861     
   592.35068940705662     
   577.11678386232290     
   562.94125388325131     
   550.29966965052449     
   536.52500403514023     
   523.07787709520130     
   509.45393105628398     
   497.22886661934052     
   485.95317314910250     
   474.93579925852168     
   463.18174676164858     
   452.26955210588824     
   440.73825848827897     
   429.62811045250396     
   417.79259820365098     
   407.84092642665740     
   396.38128952929458     
   385.89555912008854     
   376.09767647245747     
   366.57614517499155     
   357.40515493835431     
   348.89737373422491     
   339.98539882134094     
   331.32189658652737     
   323.29588796983609     
   315.39502167161066     
   307.49954929780637     
   300.49819063784810     
   293.04838891429819     
   286.42054706661122     
   279.93180599249160     
   273.18721983785343     
   266.93540516281649     
   260.68608107871103     
   254.84696459261718     
   249.16558946186325     
   243.43267689395663     
   238.43774579253261     
   233.27145325436635     
   227.88611133436817     
   222.82464777233020     
   218.38854811194093     
   213.46849863851668     
   209.40035024931024     
   205.00114670716650     
   200.40685342475683     
   196.27851967144659     
   192.01940792541575     
   188.03813307128004     
   184.07545419762783     
   180.06199570507906     
   176.17609868467358     
   172.56271266490717     
   168.80509299905879     
   165.23318432847014     
   161.71878459780086     
   158.46676139012462     
   155.05269826077188     
   151.63836705507282     
   148.35131554167899     
   145.16338543149749     
   142.10893945550944     
   139.08269165500332     
   136.07840694597078     
   133.04397206338666     
   130.08188423499541     
   127.16479826920958     
   124.29583063002377     
   121.54961553780430     
   118.69592800675835     
   115.80800153965259     
   113.10679792117281     
   110.38095828810326     
   107.61058651562536     
   105.01974859697714     
   102.48824559293726     
   99.905330387705618     
   97.366419457664051     
   94.964906311039414     
   92.388097651166063     
   89.809063974703179     
   87.368917603760480     
   1007.3070804189429     
   974.38741297143497     
   935.14017031484514     
   896.84630642111620     
   865.99860614941338     
   839.63173273182690     
   814.25265033294465     
   793.77011537862745     
   774.19428497652132     
   753.33101284340307     
   735.20051268590498     
   716.34934316839281     
   697.65203177307774     
   679.86273634409520     
   664.66991764055763     
   647.70837608970953     
   631.08017053983417     
   616.22575187060943     
   601.49304058929329     
   587.02964298944539     
   572.60576974844969     
   558.57732170011786     
   545.22698783195517     
   531.51730461778698     
   518.97629930829316     
   507.42098374665647     
   493.81477097806061     
   480.64066232577431     
   467.60374935887296     
   455.19302784848128     
   443.12602675684150     
   431.69159738185641     
   420.64105686648816     
   409.66065966113916     
   398.87731933949431     
   388.25849891526906     
   377.56274647120102     
   367.95689747284587     
   359.63155284862489     
   350.14932902610798     
   341.24442128113145     
   332.31524586063938     
   324.45804384938782     
   316.58524527334350     
   308.72188148553926     
   301.32642722977369     
   294.10836475424651     
   286.73628777473652     
   280.18470134383534     
   273.86663749789653     
   267.47599616805439     
   261.18695253816583     
   255.46212186893035     
   249.52130109048517     
   244.02714442796997     
   238.44033795111488     
   232.68402422181870     
   227.70589491492888     
   223.02870563634019     
   218.11177176206269     
   213.54535708587110     
   208.71091402100774     
   204.24051617852501     
   199.83973233881653     
   195.86613850385004     
   191.74995278048593     
   187.58251940502751     
   183.33143988688016     
   179.64427103852461     
   175.68132069099232     
   171.85266385950004     
   168.28359335328818     
   164.73284574377371     
   161.11811812378454     
   157.80680268714858     
   154.19404957110552     
   150.85206729151099     
   147.61155743583498     
   144.16513379240126     
   140.88885562428490     
   137.38508450656147     
   134.20605273355977     
   131.01191615948625     
   127.80512242778458     
   124.55636210791666     
   121.64598765924160     
   118.67784586493910     
   115.80979828420755     
   112.85041313826783     
   109.95829071242323     
   106.96099202923649     
   104.18293842768637     
   101.37096680344766     
   98.496174647408210     
   95.817754427390128     
   93.157583232778009     
   90.447546250360091     
   87.776628195929220     
   85.372117596387724     
   82.720202677551441     
   1012.3853350761653     
   980.62441695499228     
   951.74969674078739     
   919.34721472298452     
   889.33142786487588     
   860.65677776240807     
   836.01939130378128     
   812.32967682051924     
   789.48031133376799     
   766.66562747737532     
   745.31448204860874     
   726.29356913775882     
   709.51504060728109     
   690.46604247195160     
   673.93951658361254     
   656.51666711079588     
   640.27439211601450     
   624.96769582216803     
   610.13515414245467     
   595.03092598332557     
   580.94227040996157     
   566.63402666486911     
   550.80250767222037     
   537.24793043970817     
   523.40692806242350     
   509.10910671236491     
   495.06159031623702     
   481.67575379433470     
   469.81978726695223     
   457.47701097170955     
   444.97431752345642     
   432.77489288849642     
   420.72074378315745     
   409.14372847652436     
   398.24423132206300     
   388.35122880734167     
   378.85894196360726     
   369.04191292638382     
   359.15103302990747     
   350.08451296166663     
   341.35290975724286     
   332.61750600061021     
   323.92226536757875     
   316.05702835745740     
   309.10135163812618     
   302.34830334424800     
   294.90302851661471     
   287.24524724726871     
   280.51555979780011     
   273.38408964631060     
   267.18546023479644     
   261.41003197891797     
   255.77241166671232     
   249.85651808668288     
   244.17959789979682     
   239.16976105303107     
   234.00168007088081     
   228.98208972459707     
   223.84619246728533     
   218.62252858032122     
   213.93353287953963     
   209.06875321790642     
   204.81507720063982     
   200.55396266313176     
   196.38664800341400     
   192.15519171153824     
   187.81177403952898     
   183.46530693150800     
   179.42597780763867     
   175.38877259707360     
   171.48328170258409     
   167.27317968462290     
   163.51321807374083     
   159.86552093734332     
   155.97773656074469     
   152.16488517616207     
   148.45733538902653     
   145.02036519990389     
   141.39537979141190     
   137.83626176997154     
   134.45907071829080     
   130.87739697441515     
   127.66941482244980     
   124.46521329435789     
   121.52290359387899     
   118.22169346816997     
   114.83254490451436     
   111.63695465224841     
   108.47868540112405     
   105.55446992615522     
   102.34878334662596     
   99.420125876686726     
   96.436117440093994     
   93.723277719328919     
   91.081879099134483     
   88.348962937319001     
   85.572366850127025     
   82.967308962188170     
   80.447678480472490     
   77.743337508274450     
   1017.0289751687571     
   985.34661277724240     
   955.24596909766569     
   929.33162769174419     
   906.61968239168414     
   877.91659703833557     
   850.91132215821358     
   826.29777613598515     
   802.47282968850186     
   780.24494765197028     
   759.09162263606368     
   738.53370073904102     
   719.36477605759421     
   700.53837361384899     
   682.92052064726875     
   664.68798029654988     
   649.57519290911182     
   633.30052618707793     
   617.64798384577421     
   601.18404717896578     
   585.65125021057031     
   569.60160545551673     
   553.68537364103179     
   538.52883839259789     
   522.71540925667932     
   508.59055489157697     
   494.57198624511295     
   480.78862506173402     
   467.78726245998075     
   455.70188611771550     
   443.08174036576429     
   430.43710643859191     
   419.36615435077164     
   408.75521700460604     
   397.87295936309329     
   387.18375391705212     
   376.95106178524520     
   367.22220863759833     
   358.27259963466588     
   349.38317425542613     
   341.00956505696257     
   332.25932946873462     
   324.93097940854585     
   316.47497017235605     
   308.87667168245378     
   301.13245970039497     
   293.60371086856765     
   286.73264423927122     
   280.04219505431439     
   273.60817764063188     
   267.79285447237243     
   261.47225366871135     
   255.43950106189001     
   249.21636883441383     
   243.95482017034402     
   238.15280330453942     
   232.82673531804423     
   227.63565909820215     
   222.66804097551909     
   217.29037243409985     
   212.04813180205042     
   207.59975864670082     
   203.14181156725670     
   198.48780101103750     
   193.91011288642017     
   189.58532043256818     
   184.92155526371138     
   180.49474814313578     
   176.44544180802589     
   172.07573231201101     
   168.19469950181877     
   164.24662091153851     
   159.94190129104371     
   156.24650882195849     
   152.19554759131182     
   148.18690793337174     
   144.16826111962845     
   140.48110494263685     
   136.51566739657065     
   132.97993675152691     
   129.20525917104584     
   125.54684789421174     
   121.91182375873683     
   118.51758648653971     
   115.24041996517055     
   111.68050903193729     
   108.28283044821602     
   104.88783581316562     
   101.53673635130595     
   98.525710032635473     
   95.545114171219382     
   92.382177536202974     
   89.557806679102114     
   86.617568633931896     
   83.701614913988976     
   81.396040527086967     
   78.681487071131244     
   75.980337951460157     
   73.429701293688808     
   70.811494361251192     
   1019.3997793653687     
   989.83097387341797     
   959.34957689527334     
   935.94528067487272     
   911.40990102689852     
   885.75468460564628     
   862.47898913939707     
   837.73399759685299     
   813.60028525162068     
   790.13422332365803     
   769.53760356572229     
   748.63499720295681     
   729.42887461368707     
   710.66145581855369     
   692.78300564231381     
   674.34059132463926     
   657.79882335020250     
   639.44982612447018     
   622.53193889721831     
   605.64560236880595     
   589.27010049081889     
   571.20981020479940     
   553.67278443993621     
   538.30104555210255     
   522.85134497256627     
   509.24706666333259     
   495.34448789776076     
   480.68395942434842     
   468.39442580496279     
   456.00983224200934     
   442.79334250930356     
   430.79735682831961     
   418.73827557473840     
   407.92602362178332     
   396.70893419041266     
   386.96692567289438     
   376.36280879869190     
   366.94048218609794     
   357.77010288972588     
   349.00975879764945     
   340.66454033155560     
   331.74889093553497     
   323.44294033880436     
   315.25900024159148     
   308.10953265569049     
   300.83827364084965     
   293.40204758793715     
   286.43185889803038     
   279.93800976796615     
   273.20453976739594     
   266.73596791156046     
   260.45506794304941     
   254.04995555911881     
   248.09404105925046     
   242.77865817442722     
   237.36908424016980     
   232.29901648878291     
   226.68430665375786     
   221.49593591902820     
   216.65623495633849     
   210.93363193081717     
   206.12360582446232     
   201.11669386758169     
   195.82425817199345     
   190.93869391795252     
   186.31589864313031     
   181.73892854682467     
   176.92976002295751     
   172.25546806360023     
   167.60253503215000     
   163.32978181012442     
   158.80913741580395     
   154.43830457156079     
   150.15545916318351     
   145.91339568502917     
   142.01336015040354     
   137.81872008178127     
   133.61826582232035     
   129.87228320975277     
   125.86412952703222     
   121.89553501134519     
   118.18556322988610     
   114.27285038820122     
   110.60987315536539     
   107.04088163688223     
   103.51945015906406     
   99.884603022496663     
   96.782716279551465     
   93.865471163153202     
   90.617043974556992     
   87.632816322780783     
   84.636425966148281     
   81.933541839977977     
   79.371729194683880     
   76.366248582835524     
   74.296259608783629     
   71.574470908937457     
   69.143232106133766     
   66.801967125777864     
   64.158638971003938     
   1026.4003183319626     
   992.00402152926290     
   963.38438824202581     
   939.07124135658580     
   915.71680795311181     
   893.91001041328764     
   870.33657575149414     
   844.70918526083221     
   823.24068049319385     
   800.92446142687754     
   778.34309254647110     
   757.28296323032896     
   739.12753080555376     
   718.75249923004208     
   699.35659412000928     
   679.54737920785988     
   659.88419516033707     
   641.78806811996674     
   621.70403947048521     
   604.10115612004540     
   587.76409510185238     
   570.68348604078051     
   553.67062788179874     
   538.26911277954468     
   522.08144456998320     
   507.58710195319583     
   492.77567707678077     
   479.76873545380118     
   467.01711643053807     
   453.47859687523089     
   441.47797463393135     
   430.08589209698766     
   418.80382638651406     
   408.43050515599157     
   397.50139968639905     
   387.19074242258728     
   376.76445774998137     
   367.01182703021834     
   358.50319743807370     
   349.27014851935047     
   340.10436472292054     
   331.98217224938793     
   323.51257772529300     
   315.38885155185909     
   307.89817712061551     
   300.84705831329040     
   293.19814335832621     
   285.88788187408323     
   278.70061382114346     
   271.99089868683143     
   265.93533818982104     
   259.93018056698759     
   253.70024868252082     
   247.45720239727265     
   241.84694049300896     
   235.73579855545486     
   229.47669263993384     
   223.82731235474077     
   218.18562846468723     
   213.05417453225488     
   207.32437976697162     
   201.77601109342353     
   196.53434108627044     
   191.17883819549073     
   186.32100364340312     
   180.88637769937458     
   175.88232979940736     
   171.11123222351523     
   166.06518956740467     
   161.60377164780942     
   156.75901198701800     
   152.17401542462119     
   147.53182197812720     
   143.15323237041588     
   138.11739717270638     
   133.41682587922745     
   128.93548718521976     
   124.70989075663178     
   120.53755819605104     
   117.15432316985562     
   112.88442326128788     
   108.93533448006133     
   105.41272921206254     
   101.83081985850944     
   98.323823807809021     
   95.195257462263910     
   91.958945165742051     
   88.679134530067216     
   85.753739271652051     
   82.974882991721145     
   80.038220469437533     
   77.179515346495791     
   74.837492031257213     
   72.202274616516675     
   69.764130794714461     
   67.782152199614799     
   65.240013732057747     
   62.512503184844178     
   60.362195460904495     
   58.041262418881452     
   1029.9950953156688     
   993.38252600385681     
   964.08451332615846     
   942.58150480662721     
   917.51603222552012     
   894.44887369047137     
   872.17563371554661     
   851.66450732306407     
   828.99441513435113     
   806.20308199932515     
   785.52302573819316     
   764.85627140092856     
   744.17383644440190     
   721.87129336102703     
   700.31294799010925     
   680.44012859026964     
   661.32015401736498     
   640.75911972108941     
   621.44454734621354     
   602.38046429760016     
   584.18275051473609     
   567.08171597343687     
   550.72467972565073     
   534.98270077352709     
   520.28269143567343     
   506.29227168273917     
   491.95701065331360     
   479.34761258546797     
   466.70467399791670     
   454.76308395243075     
   442.65343260268020     
   430.25244400911203     
   418.23208758424403     
   407.68077706239114     
   396.48127899754138     
   386.26156098645447     
   376.55888676158327     
   366.92162705296425     
   357.39774624061374     
   348.38140681733995     
   340.11996435027862     
   331.20798443247486     
   323.06967408620221     
   315.11792685761390     
   307.50555072426346     
   299.44470806795607     
   292.16613859849849     
   284.48027666364555     
   277.53370476837745     
   270.45068462538529     
   263.99878141934335     
   256.68186404190050     
   249.72836394077120     
   243.20111453940484     
   236.94571736299184     
   230.87805008787853     
   224.47476969240651     
   218.24771118049964     
   212.12645134149361     
   205.79736235081236     
   200.08367941858648     
   194.88490261695225     
   188.77615388269169     
   183.15168453577667     
   177.03360842770735     
   172.11833599593101     
   166.87481941142445     
   161.31171614936980     
   155.82950308582446     
   151.02616636869902     
   145.90496766825822     
   141.07375582193356     
   135.82539103199755     
   131.04164156792450     
   126.84113149876404     
   121.98520609550161     
   117.75711115505058     
   113.40008270053900     
   109.94888991261051     
   106.42792446392350     
   102.01211264841457     
   98.849923597948774     
   95.259810038878470     
   91.892011544801164     
   89.586495307318245     
   86.446193687667773     
   83.418396114823352     
   80.554842366255571     
   78.046197993376552     
   75.414729521770937     
   73.057111314930239     
   70.655143370509052     
   68.722085296123453     
   66.771994454332670     
   63.940115212676091     
   62.286075485893768     
   60.084908726483150     
   58.092619034673945     
   55.572296260001096     
   53.181791021283146     
   1035.2693520007856     
   999.01090896079052     
   969.63573246976182     
   944.14406335104252     
   920.00543002435893     
   898.76950001377304     
   877.15681310550974     
   855.53353564058648     
   832.84868632183134     
   811.97323427616527     
   789.82312150649534     
   767.65896951101763     
   746.68428099978541     
   724.02458251356984     
   701.46903947621513     
   678.83504442724870     
   656.38930832175151     
   636.91428592983777     
   618.23203820456661     
   599.96266274022071     
   582.19482368336651     
   565.10754318494332     
   549.28920901049366     
   533.83978273684602     
   519.59821153764369     
   505.65966019849384     
   491.56123155275054     
   477.22259244829087     
   464.31350666955973     
   452.81957800265957     
   440.96085911503212     
   430.35847475906138     
   418.31179921594065     
   407.33587640506175     
   396.45335866984198     
   386.31863621911958     
   376.32936784451067     
   367.02228088255004     
   357.70093198279847     
   348.49790711601105     
   338.47118993890632     
   329.40731493346573     
   320.64120866771640     
   312.42530187522772     
   304.32411253603465     
   295.83674248168813     
   287.32790781929157     
   279.73351398120099     
   272.26962716950641     
   264.96316302124825     
   258.02192810036735     
   250.68972746500296     
   243.40883694733415     
   236.15143551549323     
   229.18496152941893     
   222.03773630510449     
   215.22853060866933     
   208.76986547274200     
   201.78452738010904     
   195.33332326650412     
   188.92369283854597     
   182.99019390410274     
   177.09692033623705     
   170.22749887611297     
   164.46930718178407     
   158.82920957031078     
   152.96704611112349     
   147.88898785882554     
   142.40826660037251     
   137.57933577996653     
   131.78747271735153     
   127.40068290242253     
   122.04344078639900     
   118.01603185534357     
   114.46633790355565     
   110.36324530307354     
   106.47726690606910     
   103.06083876024167     
   99.506653582552161     
   96.532169201067646     
   93.062096017523032     
   90.217960320262051     
   87.655056483071178     
   85.242432571892877     
   82.530575805936522     
   79.430847595654370     
   77.720069905296953     
   74.922976356468254     
   72.739286977083196     
   70.420439725422980     
   68.201999075754031     
   66.414163010188304     
   64.244654417064226     
   63.181850017863439     
   60.924727468913638     
   59.292948816376452     
   56.960425966675466     
   54.964155787176878     
   53.140251291875558     
   50.705096442337535     
   1035.5429213424482     
   1001.9326895195089     
   976.09361780479730     
   950.79123516556251     
   924.38845335219332     
   900.32619256469616     
   875.84397784770135     
   855.06434051447957     
   833.86353312063534     
   810.91213646105757     
   787.85449379032025     
   766.19939743220914     
   741.53008370003681     
   717.18389283530541     
   695.48496096311578     
   673.11493372625989     
   654.04529114718548     
   634.81270318551128     
   618.39995928117355     
   600.08469824955182     
   579.99121016658682     
   564.17745244732566     
   548.36629858684296     
   533.44250898629093     
   518.90134599460123     
   504.40378307515402     
   490.83275892343408     
   478.01126595661310     
   466.23980799359572     
   453.23204906919989     
   440.53521676169629     
   428.03901932541447     
   416.35962297787910     
   405.21118588484967     
   394.36626279728227     
   383.65175558037669     
   372.97893977998348     
   362.58229404824829     
   351.73625087852452     
   342.06301663012493     
   332.23341780634854     
   323.01646286947528     
   314.82165695226752     
   306.00341248949348     
   296.73034561773113     
   288.13418072419097     
   279.14794513453518     
   271.01765982334911     
   262.29984101476015     
   254.38648070811513     
   246.38697972148486     
   237.66105884297025     
   230.82075180866138     
   222.80075346560804     
   215.42259648292389     
   208.54953380918894     
   201.09217350518696     
   193.43975415036869     
   186.47192087450838     
   179.92871251370340     
   174.02197974440088     
   168.28757154154701     
   162.12090697986514     
   155.41423179922418     
   149.59184707524301     
   144.37238451163026     
   138.51526319568598     
   134.12920344330973     
   129.63135648123537     
   125.01492185708621     
   120.61764035167781     
   116.22186125161733     
   112.19799701793454     
   107.76895923667820     
   104.38792501593069     
   101.14887354401301     
   98.191889211906201     
   95.485889116057393     
   93.137314718671206     
   89.242758462517088     
   87.078439737446246     
   84.732888664132801     
   82.787754288383283     
   80.241956256375687     
   78.359010537621089     
   76.005641396649125     
   74.820442510061767     
   72.145796326467121     
   70.229255603827212     
   68.095512592534220     
   66.390478717194583     
   64.096392860170909     
   62.452260365190426     
   60.746434263282922     
   58.873368549534554     
   56.797527902937595     
   55.503382456139789     
   53.159838395826441     
   51.293308713097218     
   48.766349657773432     
   1042.4957833238345     
   1007.4664567848255     
   980.88016250083217     
   955.93702190725878     
   928.08059109360067     
   903.62293577801347     
   878.39020966432497     
   855.33488584832457     
   831.93462159326327     
   809.54667678837563     
   784.41401416876192     
   758.62974530537429     
   735.22811364222957     
   712.39377813251303     
   690.88780444075030     
   669.94417078242975     
   648.45916738210485     
   630.16620641894451     
   610.87594174017556     
   593.87710105299993     
   577.84062525559375     
   561.74977055453462     
   546.55183869553639     
   532.51610882290038     
   516.11640698243843     
   502.94004847542061     
   488.16235917653660     
   475.66479710354224     
   462.31202328945420     
   449.86650612931976     
   437.15755747391307     
   424.19488618212574     
   411.56444095811298     
   399.88101606767674     
   388.31187523291050     
   378.28917394464077     
   366.97924966667676     
   356.22739122697095     
   345.55447075210770     
   335.03916200214900     
   324.80790221338816     
   315.01275358311830     
   304.40364932224162     
   294.96052340007816     
   284.89606799193450     
   275.78179772720779     
   265.78144105737414     
   255.84179589790554     
   246.30629689205182     
   237.80148565813676     
   229.08354579412719     
   220.52610951716906     
   212.24176574389907     
   203.44417868031414     
   196.18267756575989     
   189.36336925730785     
   182.26317321065841     
   175.46745034093237     
   167.92483024990926     
   161.37211076529633     
   155.98395928189524     
   150.80986321313318     
   146.08450406611979     
   140.30319272892626     
   135.71634889771295     
   131.21396149043869     
   126.42936303887424     
   122.08321877981258     
   118.55809338087336     
   114.63606654387628     
   111.75236488602471     
   108.16697198435313     
   104.49077564982647     
   101.64081215583322     
   99.320289291777300     
   96.874381197074428     
   93.209274754011830     
   90.690481687871767     
   88.904918989424687     
   85.581312242045470     
   83.792000168278975     
   81.557014307408579     
   79.333103752550699     
   77.011621024303011     
   75.101648023680937     
   73.531556441560298     
   72.306731150019758     
   70.177311891463759     
   68.033303130124935     
   66.056754117787222     
   64.619912764384580     
   63.205413852447791     
   61.294606995080315     
   59.342383345973090     
   57.493497744187685     
   55.424285325043357     
   53.569428094093546     
   52.285248067055562     
   50.508167869503623     
   47.799785199060494     
   1050.0772078467539     
   1014.7523908364345     
   988.53113031288990     
   958.24060323437516     
   930.64909294381880     
   903.89649493870570     
   878.33363524234687     
   854.42082816113361     
   826.72850730508878     
   799.69822715483497     
   774.82383510057480     
   750.76380613432968     
   726.85543601682616     
   704.58636345184891     
   685.18548041928170     
   663.91562680359846     
   645.58438353737938     
   627.16473999211109     
   609.52902457838934     
   591.75298353045753     
   574.96457810962806     
   557.85846224545719     
   542.38842388047249     
   526.46617450121437     
   511.94289367288815     
   498.56389724483233     
   483.71496893223997     
   470.10336810709254     
   456.86623618375887     
   444.26420002017801     
   430.45979545891419     
   417.34944768702803     
   404.15491296986954     
   392.29430894114466     
   379.44630022404806     
   367.82528048469896     
   356.03616229460181     
   343.43240116581444     
   331.29569423716430     
   318.70456376893009     
   307.44547799156658     
   296.46696225280709     
   284.95447207538189     
   275.54415033663849     
   265.28557026843021     
   255.14438231838753     
   244.39494227317465     
   234.82273022498919     
   225.27527171383221     
   216.29683695705529     
   207.81283471947810     
   198.59058641275459     
   190.88713732681401     
   184.28419399234951     
   177.43064793871457     
   170.08794068963275     
   163.73737061531688     
   159.73302822706074     
   152.64178634706198     
   146.89652184184655     
   142.83527292183629     
   138.84580550489250     
   134.80443293203518     
   129.35203402360577     
   126.10066193020941     
   122.76789411683706     
   118.85019216320391     
   115.11916059770070     
   112.55625343713726     
   109.76325487948951     
   105.84626465326301     
   103.32513559971626     
   100.84219264461720     
   98.119327961987366     
   95.444474547018373     
   92.830225851906206     
   90.398544677407102     
   88.172335270313198     
   85.963273458677691     
   84.220612877401464     
   81.741722829630334     
   80.007090678848897     
   77.824301121664945     
   75.688752188341354     
   73.916426339252695     
   71.830243521056374     
   70.706398352447280     
   68.954572247691175     
   67.195619843167677     
   64.817961115764064     
   63.510406462220580     
   62.028682687128530     
   59.868758233587322     
   58.778524071209198     
   56.837656518970086     
   54.796304089110841     
   52.737255355470531     
   51.147520282230019     
   49.953278326396678     
   47.322818366117801     
   1055.1625458430308     
   1018.1346208359298     
   986.93754122926157     
   959.37828212877514     
   933.21552813990047     
   906.80652289911882     
   876.82532232865992     
   846.96277735183264     
   817.06597420077151     
   788.92070064045822     
   760.89310796127302     
   737.58729367617059     
   715.75018671544456     
   696.11670713298588     
   676.78752437500498     
   658.48529903577219     
   639.65979903383163     
   622.26416408758928     
   604.15476596016640     
   587.80327198717043     
   570.22437698085275     
   553.12425921896715     
   537.60781416270072     
   521.24839210425750     
   506.33274009051786     
   491.40398763873952     
   475.57202581610170     
   459.97496695538575     
   446.52113445992381     
   430.75816248293847     
   415.52927432323168     
   401.78112263547581     
   388.34447731537983     
   373.41762248641032     
   359.63168752580953     
   346.84346315145245     
   332.77375223854688     
   319.75132775790331     
   306.90360218815692     
   293.75496218924633     
   280.73869500901731     
   270.40260098254930     
   258.23650603863905     
   247.38909464284532     
   237.42933273214345     
   228.60067429640921     
   219.91297286521041     
   211.11654233875780     
   202.65098547520068     
   194.32460398897919     
   186.48936672653701     
   180.10386024513249     
   173.20422913796844     
   166.34241820374231     
   162.50059044253030     
   157.55731066581882     
   151.99951035710291     
   147.02878997918728     
   142.98758660040389     
   137.53160605956919     
   133.73958129612740     
   131.80302538404322     
   128.49117940296898     
   125.12066319681384     
   121.59527749697511     
   118.71929844500575     
   114.46628264084852     
   111.57812100352632     
   109.69274965919433     
   105.76727504171009     
   102.99284365557891     
   100.83410388792322     
   98.426019829602396     
   96.368488746590089     
   93.391632184818320     
   90.734236436700400     
   88.836269097641605     
   86.378073104671330     
   83.690884977644458     
   82.492091128731531     
   81.307629963359958     
   78.500971206948279     
   76.184171502568390     
   74.824551384011855     
   73.257341269366108     
   70.820504889866584     
   69.298241704504150     
   67.608812927498093     
   66.367794992186958     
   63.713062646903950     
   62.229514101626485     
   60.489978998523178     
   58.630256669097790     
   56.847431802129300     
   55.685785299975734     
   53.638465102337264     
   51.743743823068201     
   50.495667801809184     
   48.544558446092481     
   45.693074167616622     
   1058.9358030893361     
   1024.2327307846895     
   994.27072781379866     
   962.64857858974881     
   930.60982501760907     
   897.90610976491348     
   865.83891157285825     
   831.80246730327940     
   800.21960571852878     
   773.54833060867611     
   747.80620416602869     
   724.20336558940789     
   701.34515705157219     
   681.37523261039803     
   661.18233988354882     
   644.43715973627047     
   627.72647061935140     
   609.04726907990721     
   590.05378840324079     
   574.43689784937783     
   554.94473571110120     
   537.79459899699953     
   521.19750308489097     
   505.00794589022956     
   486.34351342926436     
   470.85371772844036     
   453.65288690568207     
   437.09092996636139     
   420.58435960560848     
   403.55499071718737     
   388.35941371798896     
   372.06547694926564     
   357.24344816553764     
   342.49669410428504     
   329.14290926190102     
   315.21609233634177     
   300.49400200752262     
   288.95243733266398     
   275.74968236918892     
   263.43065184510704     
   252.71912320164080     
   241.40032267781805     
   230.60079227229483     
   221.97797752580937     
   213.48599412459680     
   205.62746257030670     
   197.32423192198075     
   192.64963584342877     
   185.01477470465346     
   178.47722450956928     
   172.61830065691743     
   167.35439273592027     
   162.23821556044476     
   158.20451311947807     
   152.61657965380292     
   149.87083511128770     
   144.43674968012780     
   140.71208195318192     
   137.39344595037937     
   132.95094245715839     
   128.81862171769762     
   127.12188521268499     
   125.08466204403510     
   121.41628126062693     
   118.41274154032294     
   115.01183691159135     
   111.37485033461734     
   109.22126335933248     
   106.38623076940625     
   103.48585424571043     
   100.59806642640416     
   98.519474764304505     
   95.791259285176764     
   94.620732779890332     
   91.659377089379134     
   89.552777150926758     
   87.596099259655944     
   85.019095797228999     
   82.266661701353101     
   80.872941066820971     
   79.675756082578843     
   76.866108338611610     
   75.200363335757757     
   72.830468900762028     
   71.228434601628294     
   70.369258676326893     
   69.305890867645772     
   66.622914527914403     
   65.237367811732398     
   63.147452802932023     
   61.738289919719328     
   59.737167245880933     
   57.992227548098150     
   56.448162968832449     
   54.163397512063014     
   52.502774607493215     
   51.178262091820493     
   49.951554524961807     
   47.780365749104490     
   44.976452516735158     
   1064.5995477281081     
   1027.6932873384253     
   996.67024448974576     
   961.17298097499872     
   922.78850290295350     
   885.36822263441161     
   848.52533210539264     
   813.73291209578520     
   785.78174949613015     
   760.26057350852443     
   735.31801532260636     
   710.04311061458793     
   686.79964981583908     
   665.18730150346028     
   644.51668860920279     
   623.00298205319655     
   603.82431765194690     
   586.08257334067173     
   567.60320590709375     
   550.75838264416871     
   532.82767983950794     
   512.42693037747927     
   493.85425750993431     
   475.92833857892379     
   456.13564357708401     
   437.46974937616710     
   421.04386877568464     
   401.37514819645662     
   385.27437556694542     
   367.71857155975965     
   351.72954035629374     
   336.51223621386697     
   320.85410087568744     
   305.16341541582824     
   292.17821924943200     
   279.71243768852787     
   268.28167640000521     
   256.59731354768172     
   245.08929601742310     
   236.90121275452879     
   228.15504568326216     
   219.19463299692006     
   212.21745558836520     
   204.59630033779732     
   199.02397867543158     
   193.88826104030773     
   186.41140283171490     
   181.08732962914189     
   175.89889145173521     
   170.99129128008025     
   165.51662811531264     
   159.54833916001206     
   156.78277414951430     
   153.64040462273618     
   148.86064154111898     
   146.52461853300369     
   141.41233497018510     
   137.50084083334593     
   133.57086020522379     
   129.73282896989303     
   126.73865618708086     
   123.40071550561044     
   122.13390651672290     
   117.96886181597833     
   116.04921941809486     
   112.71053824952955     
   109.65336626477594     
   107.65091800378318     
   104.13048234132765     
   102.01342575037224     
   98.675282483731294     
   97.264819782341959     
   94.989969460353976     
   92.581172711833176     
   90.062800621556732     
   87.876772580185929     
   85.112453085979979     
   82.915278486175197     
   80.374048450728523     
   79.604585735097174     
   77.723025242010564     
   75.931049085987794     
   73.709439316557265     
   72.290345573876962     
   70.410865569847289     
   69.244046162339743     
   67.288021205573017     
   65.859769592548190     
   63.941108350124878     
   62.287152434090913     
   60.774519049371101     
   58.766045514714598     
   56.897930005203690     
   55.158256616610089     
   53.479645822514044     
   51.361654493971933     
   50.740142192961969     
   49.026686458604807     
   47.726690745300388     
   44.445050071022266     
   1073.4475447356854     
   1036.2182803632736     
   994.65190542370624     
   951.47454218723340     
   905.50742336489782     
   860.16891837068181     
   823.15426264504777     
   791.81880115930392     
   762.23491656516649     
   735.22965282040536     
   708.95971836000251     
   686.10248318684899     
   664.43510786129991     
   640.48658112163196     
   616.86539474831852     
   595.76159824326146     
   574.25098828477610     
   553.40574598016622     
   532.05519267012369     
   510.96329247426269     
   491.24956872253364     
   469.61870651303968     
   449.37537132346199     
   432.44279832505140     
   411.09997892007846     
   391.70485750845711     
   375.09854617552162     
   356.59482041863362     
   342.51471929050240     
   330.16286467417842     
   313.12255447307132     
   300.50603438669953     
   288.69568489976268     
   275.03483937688503     
   265.02483161273324     
   256.73019320539004     
   247.02880841569817     
   238.81043503430024     
   230.41700419072225     
   224.07199933612674     
   214.94609196120484     
   207.76442456356654     
   201.05852023902523     
   195.50911956022708     
   192.56257891334724     
   187.18983902211460     
   183.41891366634522     
   175.48807647558723     
   171.51587109423875     
   166.38269418423761     
   161.34149305127778     
   155.10576082227024     
   152.99542298430694     
   149.46537098426089     
   145.23542534786904     
   141.72803809039149     
   138.92568580012113     
   134.49331784050582     
   131.03022608378910     
   126.61745470724777     
   123.67611157784503     
   121.02962859689686     
   118.82913484138703     
   114.79696669868838     
   112.74751069679482     
   110.23172368135992     
   108.56110833473993     
   106.57500287886165     
   102.59818909026023     
   101.18778736790203     
   98.140652053627406     
   95.535068312101387     
   93.447020018254761     
   90.734976799621549     
   88.739472341123729     
   87.009696100355683     
   84.000335555147501     
   81.760039470221074     
   79.075971340468399     
   77.877007384754137     
   77.144161310189304     
   74.488284507626119     
   73.003676597170056     
   70.976715255837149     
   69.184885580469171     
   67.327172200159382     
   66.150067496292394     
   64.727001089083799     
   62.552012783065088     
   61.290084951101733     
   59.793663792097561     
   57.526442357575831     
   56.164046859766778     
   54.949238151297962     
   53.281736763603320     
   51.028574459169853     
   49.864532750203402     
   48.567411841454266     
   46.853214418324150     
   44.325185491829473     
   1081.4820111293714     
   1036.9372028931259     
   984.63465529769678     
   925.46583903738281     
   872.11447006923174     
   828.39893507837041     
   790.07962687112081     
   757.89041205415128     
   727.19753122852467     
   699.76861935885108     
   673.85004870846103     
   648.45351906420365     
   622.91063726420725     
   598.78625747382262     
   573.24734543185241     
   550.28958683782548     
   527.88774738909842     
   503.65505223302841     
   482.23454519161680     
   462.16019139216326     
   439.75642588014534     
   417.61248010120630     
   399.91328698509801     
   384.44184415627092     
   366.17240872839398     
   350.63170884895248     
   338.54716864620275     
   322.43303412343562     
   311.86273891959195     
   304.16832178285688     
   290.05262980872300     
   279.83530572634567     
   270.24489958562748     
   259.05526661289025     
   253.08863503049588     
   243.99283132700475     
   236.61223819775714     
   230.34163229478884     
   223.65252661584896     
   215.95082433753953     
   209.70083150360639     
   202.43279620723678     
   195.93208589916463     
   191.01220492834457     
   187.43322287417664     
   182.19895885187299     
   178.67977835051116     
   172.88892670999479     
   168.82095449840500     
   164.24883744160095     
   159.52213708402755     
   152.99395476405573     
   150.37811568709060     
   147.40154169674628     
   143.09932507729195     
   139.37479490342798     
   136.91428162101244     
   132.33319839377148     
   129.05243341984129     
   125.84036993314392     
   122.62115914449747     
   120.19859901738316     
   116.74262242824000     
   114.06247986805846     
   111.65761241380822     
   109.21668336984257     
   107.34821524612107     
   105.16746976382285     
   101.96181727841955     
   99.660575324759975     
   97.133792988698247     
   94.025660184742577     
   91.573041493334671     
   89.570222381907740     
   87.279186391558412     
   85.909193532270720     
   83.532056734544611     
   81.320274746751622     
   78.541300510191846     
   76.573020080847755     
   75.310320509772168     
   73.722896276810317     
   71.804320018143173     
   69.934982030117880     
   68.285549001370697     
   66.015647881080554     
   65.239411208323446     
   62.803642179058748     
   62.298485762424477     
   60.522589218069491     
   58.953727282839829     
   57.123538605376055     
   55.532057168025688     
   53.610357379872319     
   52.824131335924029     
   50.513519067107914     
   48.542541630794261     
   47.230281350568717     
   45.892006312317285     
   43.646318715814672     
   1093.9917255376211     
   1031.1751949330230     
   950.56175243246412     
   880.08144308909982     
   825.25262839477068     
   777.85976237098998     
   743.58867667751099     
   709.46940573934887     
   674.09278227611401     
   646.77063886856661     
   615.89572793305388     
   591.04702216154396     
   563.71856061142535     
   536.89742116384673     
   513.17285086733523     
   489.66319102610407     
   469.56479321657469     
   448.08469303197882     
   432.15586401574365     
   416.70039377073635     
   399.23205274383986     
   377.88465080983235     
   363.67024812015262     
   349.97698942401814     
   339.38372836310464     
   326.99336814162893     
   314.49647994612963     
   306.67156124362293     
   297.76646162851455     
   288.19339076245581     
   276.68189696319553     
   270.59198312413605     
   261.98676908295960     
   251.26955345116662     
   245.79151476560597     
   239.79239392549343     
   232.91921277785542     
   225.61577256676327     
   217.30574892107899     
   211.07133428631414     
   205.28171468650578     
   200.14129234726877     
   191.91552119539284     
   187.08243372472938     
   185.34148324238379     
   180.07644471296948     
   175.74276948614926     
   171.20879380547638     
   166.94363142350491     
   160.34367095315653     
   157.42345003658207     
   151.69036561538493     
   147.01859335575983     
   144.41010924735696     
   143.64831340193376     
   136.63093908910599     
   135.28741369337419     
   131.63443651962430     
   127.09760650821063     
   124.30982029882124     
   121.51458155384907     
   118.29732114845743     
   115.30531201566379     
   112.15887413283517     
   110.24003609540701     
   108.39110877881805     
   105.76078409450382     
   103.30672397491679     
   100.33618552341697     
   97.518716156829214     
   95.380487091728824     
   93.511772296482931     
   91.017762277776001     
   87.810431348288105     
   86.038447979550284     
   84.606304885048431     
   82.670146416913283     
   80.387544704960277     
   77.654760207138438     
   75.623289198450038     
   73.618913283652816     
   72.935641482689277     
   70.284572649428853     
   68.407142841699255     
   67.480722782864461     
   66.152665294506477     
   64.435687771541680     
   61.818926590793907     
   60.727612794612028     
   60.056280730634320     
   58.198833655832232     
   56.610598051827651     
   55.177146818442139     
   53.439569683500501     
   51.607212811096076     
   49.660296652184904     
   48.116921877342747     
   45.779892833292010     
   44.953274303416286     
   42.875007337373553     
   1106.3214872103852     
   1004.8139688029140     
   900.18606628828309     
   820.05348636333247     
   760.77179292769347     
   717.44416492904668     
   677.25229441337240     
   642.75436045388756     
   614.83276107053143     
   582.34608045845459     
   556.60718805045735     
   530.50463948020388     
   504.97505428438944     
   487.12997225076998     
   466.95487009232875     
   447.31797454612115     
   434.02653294840786     
   417.72302108608017     
   402.74904904931145     
   392.49128583121575     
   376.44236768234180     
   360.59550276858295     
   348.08789903516970     
   339.15569958782794     
   329.81006896145766     
   318.74330271088979     
   310.27044864804208     
   299.82335743342270     
   293.18106505487413     
   282.98849992896021     
   272.34954199894696     
   266.53977401867257     
   258.63410173572947     
   248.90729082592196     
   241.33981899317854     
   236.76962568086032     
   229.71605999452430     
   223.65470796372009     
   216.93238371375978     
   207.46693553757467     
   200.72986399035400     
   199.14631592567770     
   189.10271416189033     
   185.91619383573945     
   182.51980093671449     
   178.15429287350966     
   175.07418915632803     
   170.49225215679087     
   165.17163909539170     
   158.24645360487014     
   154.79686675262440     
   151.05180933428440     
   145.57651521348006     
   143.75768225024072     
   141.08549937717845     
   136.33583658535829     
   132.88632921337964     
   130.70216738027256     
   126.86217903225580     
   123.67417570520281     
   119.88239971647748     
   116.21991955712683     
   115.12307124452192     
   110.11730939838310     
   108.85606910926963     
   106.99839772699910     
   105.13326812435670     
   101.76583656181523     
   100.26461536666102     
   97.034965040289478     
   95.395299245095103     
   91.796222354029425     
   90.049972648861853     
   88.198854345827257     
   85.314906729788433     
   83.943621540822747     
   81.331912566236795     
   80.169667558168740     
   76.735508732855152     
   74.684939586590787     
   73.024417717775307     
   71.492882892007657     
   70.086305620724346     
   67.982459987005015     
   66.837902511668332     
   65.593207368585780     
   63.259381494871100     
   61.477897866076958     
   60.270552071556203     
   58.712111534608610     
   57.503538802393578     
   56.168299435510569     
   54.063514374008633     
   52.998830057170125     
   51.001942617316274     
   48.848173279762435     
   48.020840942263973     
   45.834037859289552     
   44.443765763666178     
   42.395247125980788     
   1124.4200436274882     
   967.31853478280993     
   842.03467258707565     
   759.84734797833653     
   699.56826871972521     
   651.28898926896875     
   618.91971324010865     
   587.64191145896405     
   564.61820627196846     
   535.06294270016565     
   516.13446457194016     
   497.14952863353619     
   480.44614577584224     
   462.97997060123134     
   449.13970349373989     
   429.46266141269098     
   416.72757078198538     
   406.19496658054447     
   394.96400584208595     
   384.26854815022483     
   371.13189045383103     
   354.06680420186700     
   342.16105661625551     
   334.32690851620077     
   326.31762901872190     
   317.26585020745824     
   308.67779865243989     
   299.37021317791471     
   292.31024701952902     
   280.99029573304153     
   270.38026574844207     
   263.68573494680493     
   256.79373414013526     
   247.00207564084150     
   239.76484230836616     
   236.28557159906347     
   226.81174602753333     
   221.40970373993775     
   213.86597678376239     
   203.67629216989110     
   198.05882328835526     
   196.81313997353692     
   189.36671455598264     
   184.60444690751910     
   181.06277878101449     
   175.40764106832015     
   173.54485186733086     
   168.86484009392336     
   165.39017717257298     
   157.07382903680463     
   153.35272636025545     
   148.42813340027487     
   145.15188624133279     
   144.38954820709853     
   138.60778814700694     
   136.39060616677006     
   131.92449520790541     
   129.01699910427038     
   125.91573270955148     
   122.47468718684262     
   118.88235145988949     
   114.92169073113240     
   113.06881576961530     
   110.05141667595866     
   108.79472568156417     
   105.63541687069487     
   103.69352488061435     
   100.41579696063536     
   98.689949911636248     
   97.064833391104031     
   95.251439709099913     
   92.033336215506210     
   88.778802249037085     
   87.076574263545510     
   85.492330450484133     
   84.051414046201160     
   80.814691623045931     
   78.372222302333043     
   76.017010615168459     
   74.134515259328595     
   71.569611974081539     
   70.636884934464945     
   69.603119532596310     
   67.023279794142198     
   67.166765966484306     
   65.007938562072866     
   63.110388796923161     
   60.581878446486151     
   59.339577485148453     
   57.484228800864948     
   56.881747357892536     
   55.584607872456331     
   53.980151567168136     
   52.017917037899643     
   50.492295222849066     
   48.503106578139125     
   47.628143259820789     
   45.465263589771723     
   43.823334596236492     
   41.402973190869325     
   1143.4917397346703     
   935.10875567278481     
   802.84520246215425     
   720.54985293551385     
   664.91164692791619     
   621.20571016327699     
   593.07080166885896     
   565.57879899476939     
   541.51334100235567     
   516.74675338573047     
   499.97684950801403     
   484.83871294925513     
   472.94869674310326     
   455.59989915589705     
   439.79212196577907     
   425.69806858621621     
   413.71323685852019     
   407.18173325590840     
   395.23112093726962     
   380.97896066936653     
   371.20179450783849     
   353.79489957944054     
   341.13743655737625     
   336.06555975078601     
   326.87742224922948     
   316.53015135960800     
   301.46943097422121     
   298.08665010586549     
   290.32960376769046     
   277.45749955140451     
   268.65548227624396     
   262.17850873636024     
   254.92592527218088     
   245.48729910163385     
   239.75896354946605     
   233.99118473525260     
   226.54890475055348     
   220.15272294420413     
   208.75070221497185     
   203.92722063148886     
   198.39215946303591     
   196.51326030146998     
   188.76705747472914     
   184.90484250249699     
   180.94212705375259     
   174.42044717720137     
   171.18443532013387     
   167.10529173079524     
   162.25758423878079     
   157.30543345403518     
   152.35550719850218     
   146.93648323730972     
   145.92926125061643     
   144.31931570236299     
   137.89014520064299     
   135.53365680253609     
   130.45541106260742     
   129.20192042717076     
   124.21147984470177     
   122.53093981939875     
   118.14177079121131     
   113.84963402224450     
   111.64890366030457     
   108.84624008318089     
   106.07178899636705     
   104.79001270715145     
   103.26642148711750     
   99.372774762244546     
   97.198100585578402     
   96.619033644892482     
   93.982915304750406     
   90.703330471608155     
   87.893903695449353     
   85.960447267901699     
   83.675243017846455     
   82.358521068478936     
   79.783945380161626     
   76.926731443822703     
   75.137407682253411     
   73.722974760380197     
   71.469761576214964     
   69.483127177287685     
   68.933484031204813     
   67.268682778809051     
   66.819199489939507     
   64.442955003145485     
   62.050947788463226     
   59.945839781963194     
   58.836352625536442     
   57.163675945372859     
   56.073938289247941     
   54.809803393456967     
   53.414267300102047     
   51.292360082601014     
   50.002279633415469     
   48.330979188492620     
   47.128293990041783     
   45.062739250968278     
   43.147663036443795     
   40.911703682973261     
   1175.6633196331040     
   941.89855308113567     
   803.99800275897849     
   714.44139330229973     
   660.51806877249624     
   614.73443290585533     
   585.11794853462015     
   561.45158656055571     
   540.70082385497778     
   514.56987208267537     
   499.18651742004380     
   483.46786699677722     
   472.99685312589827     
   462.80749261507196     
   442.11355440148850     
   422.86417729794482     
   413.36771589353532     
   405.95840586198187     
   396.59574065305083     
   380.92204794075201     
   369.58592921637069     
   350.42693586651041     
   339.51676920119826     
   328.82514653492751     
   326.33154627858971     
   316.32609974297338     
   300.81914862128679     
   295.03188093864139     
   289.14510468197341     
   278.11954212173606     
   268.69763585345805     
   259.47996466639444     
   253.24819036136003     
   250.62153130835333     
   240.29915649438823     
   233.85727175772863     
   223.14028003210370     
   216.18115713710512     
   207.29518832500037     
   203.85095729087823     
   197.44891772945232     
   193.09816012265026     
   186.50891273758026     
   181.19812631187688     
   180.37084331157359     
   173.45100080423387     
   169.39705290323229     
   166.66254882045371     
   159.15050756234285     
   154.42544732563078     
   152.15965750776650     
   148.26106068998263     
   147.74431795558053     
   142.60800202237971     
   138.97253117344187     
   133.74277137321758     
   131.11355034167133     
   128.82169642527231     
   124.44619510252816     
   120.35247209521479     
   117.48428785038830     
   113.91010309713678     
   110.81562199784651     
   108.82038892789508     
   104.62330790180980     
   104.45540842187253     
   102.07615700101417     
   98.448150467223229     
   96.500145027990357     
   94.780405410750603     
   92.142087970083523     
   89.823292475167108     
   86.448347248837166     
   84.780520954013738     
   83.599979041451633     
   81.773352979914932     
   79.654924385441817     
   77.052179016588241     
   74.983118979214709     
   73.271296895922887     
   70.955925119362789     
   69.075880516525245     
   67.650873233695251     
   67.424262327813608     
   65.761904872817084     
   63.748829709312339     
   62.150170864251436     
   59.892894038528986     
   58.318865532570925     
   56.760053908438010     
   56.309907814198922     
   53.978700784297885     
   52.615912555915678     
   50.663707421128770     
   49.799169807010927     
   47.805382405883002     
   46.459982210765119     
   45.247029667026446     
   43.653994803481709     
   40.272917413171875     
   1220.7091763841302     
   970.53672600840866     
   820.57683143704105     
   727.85595105071582     
   661.17023274320786     
   615.30113837940939     
   588.56677361584468     
   561.57356989866219     
   543.20503955608660     
   515.00323715284344     
   502.86278940978769     
   488.79592690632882     
   471.01333552927281     
   463.62783981041639     
   441.67876683602969     
   427.11140588547312     
   418.70248569257819     
   402.71046497777490     
   395.46479117584374     
   383.61515126454617     
   373.08704261718299     
   355.38325058814110     
   340.06105211066301     
   334.70197161768590     
   327.40977019823970     
   312.09524385989914     
   302.88239949809264     
   290.05318166064751     
   284.83261962705728     
   277.30238303549555     
   270.62455946461989     
   256.74754408670407     
   251.16960900420119     
   253.27851666066317     
   240.51409692947544     
   234.76361160597151     
   222.03240016236020     
   214.19576902261306     
   206.92139655889898     
   200.46785853032478     
   198.38194540419312     
   193.42148913552492     
   184.72637897074361     
   181.02427197627094     
   178.28594023639329     
   175.34481315488370     
   167.90467258969079     
   160.77871473842833     
   158.54644313059725     
   155.44247567473599     
   150.83857851859798     
   149.11989682795519     
   149.75138512736828     
   141.67110577097853     
   138.42358409550161     
   134.40460116030320     
   130.17788574559648     
   127.63822137465323     
   124.62167432473868     
   121.29538811188145     
   116.74041754882131     
   113.43129668729762     
   111.30117907364416     
   107.55983644404078     
   105.04221232453921     
   102.99387225951310     
   102.01836464740748     
   98.810715142098871     
   95.787311476143515     
   94.395576357699838     
   90.684557725616031     
   89.825756241081365     
   86.362357520392322     
   84.162709590757188     
   83.259091404663366     
   80.653351481856845     
   79.162591419760147     
   78.261640125547814     
   74.619613637413565     
   73.372638069710732     
   70.493857942666352     
   69.269543393681261     
   68.679493403761299     
   66.386646078029813     
   64.940439544888349     
   63.389804113705921     
   61.661993012639513     
   59.385161939892505     
   57.008397184330136     
   56.391031051523882     
   55.324656033014101     
   53.492019189567557     
   52.293589140928582     
   50.921988349859660     
   49.230401052613296     
   47.285086477506802     
   46.197018108637998     
   44.127508063003567     
   42.907175596056533     
   40.400353472698256     
   1262.9308980389508     
   1007.0795055949003     
   845.23701676810560     
   739.06450471667893     
   673.83714187611588     
   622.26721204835076     
   590.71238393616215     
   564.05866356786748     
   534.78854333987692     
   521.31979134599112     
   512.96952599457302     
   492.38736598706561     
   468.82294483843935     
   462.63766896035207     
   435.67303420724539     
   427.99457115908422     
   415.41978861574057     
   398.65609418181941     
   387.54941103896590     
   381.14494152815240     
   372.05488315004504     
   356.42675070565144     
   343.70189774795415     
   337.61187207686612     
   323.75699143226336     
   314.93049801860940     
   303.97206165309200     
   287.91353769087914     
   283.62382807221502     
   279.19103471590194     
   270.00490668398015     
   256.43754564199054     
   255.54819331319902     
   251.92507504958635     
   238.27496812456030     
   232.35397780799090     
   223.19840126160221     
   213.88865315145250     
   207.69426166992957     
   198.78999289595998     
   194.35285062381820     
   191.73413148790806     
   184.43402400701072     
   178.95824640906355     
   176.66975324110746     
   174.36137528479230     
   167.60519581168768     
   161.14628828868737     
   159.80089346904992     
   155.13320783905132     
   151.98689101654398     
   148.67909513060130     
   147.68894173232198     
   142.25964916475328     
   139.00514087561402     
   133.21201263255301     
   130.03491745916668     
   126.13142768035537     
   125.47778885929731     
   122.33103447309472     
   116.79024985018560     
   113.11091525596899     
   112.23301753200280     
   106.70849734459664     
   103.97324538560554     
   103.15879741367019     
   100.90998910002750     
   97.975783114331961     
   96.595194568218503     
   93.599982025079129     
   90.993775706005493     
   89.549853524716355     
   85.993068271957114     
   84.457912346811469     
   82.586929855266376     
   80.597863522037059     
   79.053077976269833     
   77.394438282570462     
   74.170866453681072     
   71.913571009033404     
   71.371286656863504     
   70.013885336373960     
   68.389047446513729     
   66.018935306768682     
   64.499609530812364     
   63.097664833498229     
   60.041146116828386     
   58.888533263170480     
   57.449372139722186     
   55.807400828840173     
   54.568181233284406     
   53.888799227299117     
   52.224724585600008     
   50.226610377676252     
   48.697092929355406     
   47.387000505584567     
   46.163684185958033     
   44.576335714151234     
   43.045378211870407     
   40.299571682448608     
   1286.2095247806035     
   1048.1970975263907     
   874.46680901787249     
   765.04176845951451     
   689.07967568720551     
   633.68060500953175     
   601.94709853441043     
   563.89030774234993     
   539.82946269212789     
   524.86838550176537     
   511.18834912110509     
   491.04633803541890     
   457.60250254619871     
   455.92979299640086     
   431.31318895274160     
   422.21297214095915     
   420.13539719502057     
   405.35565945879080     
   389.76972210345758     
   382.23642887590859     
   374.55602779031449     
   357.36375712257478     
   344.64160879496376     
   330.47966013144264     
   318.11797768517613     
   317.05449148595847     
   302.44223882758149     
   289.85932306401389     
   286.27230654751241     
   274.79169462465836     
   267.32583859718255     
   264.58448146667473     
   252.02197403029737     
   252.74337775604573     
   238.64978201433811     
   235.05447371437359     
   226.74687172649999     
   211.79024016669123     
   204.64534589395186     
   195.82465009646873     
   193.04149013925195     
   186.03089515783796     
   186.01961287029570     
   180.17105684963423     
   176.91121977654225     
   174.92503418110499     
   168.63246005248635     
   157.54988738984170     
   161.91399150552644     
   157.11820134686164     
   150.88233220903584     
   149.44232936765647     
   149.27130408207847     
   141.20223016316862     
   139.12593686895508     
   131.54958613148895     
   127.05790002471092     
   126.02682593803831     
   123.74960568443133     
   121.23901873020286     
   116.19538391976803     
   112.11746693569691     
   110.14753569481508     
   105.48305176212374     
   104.64432483327315     
   102.28872347703565     
   99.891141593390842     
   97.729471340974683     
   95.514862656852060     
   93.305732538708838     
   89.476014615480608     
   87.788085161784437     
   85.616977537857096     
   84.628832024895218     
   81.890880648824606     
   79.535955972729113     
   78.048416470559800     
   76.609296215755862     
   73.832102066531334     
   71.956717163827761     
   70.776256287347366     
   68.509455617541050     
   67.909036070260456     
   65.755952155000415     
   64.472801966723480     
   63.074626053260715     
   59.825121348467555     
   58.173941933177076     
   57.376781936474416     
   55.604010755801795     
   54.129081181041997     
   53.823929440791133     
   51.873717789878455     
   49.849189522662328     
   48.908708132738752     
   47.026553256410260     
   46.224234894560183     
   44.233840624584232     
   42.524902862170073     
   39.847550051337812     
   1308.2309178798637     
   1087.1383352296361     
   899.56154662085589     
   778.82891493854254     
   705.54095330537609     
   643.55499808795355     
   614.68666155660196     
   564.47498301534620     
   538.17733164421418     
   536.53350225253951     
   518.06839733276274     
   485.19797041537612     
   457.33461467369949     
   447.04559621705982     
   435.40286239597208     
   425.75054693856657     
   427.27982386766837     
   413.10918673101168     
   397.66798799464789     
   384.97039622261815     
   376.65738235200342     
   353.75270916814878     
   347.93400396256732     
   330.58143393724117     
   324.62228893007978     
   311.80052956109188     
   304.60261600665854     
   289.44779736041301     
   281.27645391373261     
   272.49820788374149     
   264.36336640918944     
   264.89608856611397     
   252.85995476699264     
   246.98717517875912     
   240.68249719488296     
   232.28364909470841     
   227.06900889497996     
   209.61908958801686     
   205.19996662202988     
   195.67707579124738     
   194.03888771285813     
   184.40420253524115     
   180.19242092574655     
   180.32583871071455     
   172.50622059495510     
   171.64693506005392     
   168.43969784581077     
   161.10322822488882     
   158.98982350984468     
   158.07686638941723     
   152.20092502281634     
   151.83688502568671     
   150.13523444704805     
   143.23669712680191     
   137.76905161935588     
   130.40839201866606     
   127.55522312928206     
   125.61698569895846     
   124.17886103396236     
   119.65466304968662     
   116.53422252929977     
   111.88496491179454     
   109.59491243436521     
   105.89270455315827     
   104.28807330411971     
   100.97899958534340     
   98.907817500519357     
   97.215080517106102     
   94.831992584413271     
   92.628989274434019     
   90.068570351837280     
   87.438316529931171     
   84.783802037119273     
   84.018700246437376     
   81.241440570953202     
   80.606660115867726     
   77.807177159403409     
   75.648349817106407     
   73.402767009625506     
   70.275598061592973     
   69.815179469898439     
   68.390296423106037     
   66.975364152943058     
   65.939686785305923     
   63.478624390471879     
   62.416170511608186     
   59.935153887373680     
   58.548421411550116     
   57.627857331214244     
   55.715638851897602     
   54.062397119666649     
   53.443056018361759     
   51.460911119056817     
   49.832170888392646     
   48.322220471795433     
   46.679118930129007     
   45.208857817886951     
   43.461717581854714     
   42.801496220187865     
   40.020298139746224     
   1331.6725280011387     
   1123.0084301858014     
   942.52229118518630     
   814.07564162800202     
   714.88019757237066     
   658.08361549046560     
   630.17775325031255     
   585.56256759141343     
   548.04963775859142     
   533.02561710775717     
   511.67338578321198     
   483.44819994130728     
   465.61409837061774     
   443.99488379419563     
   415.40011675190010     
   419.68823792200874     
   416.70574576020658     
   412.99614935706643     
   397.85361198113071     
   388.56642189457079     
   369.96604222118907     
   347.12330783907862     
   342.16950051473748     
   334.85360797021707     
   323.59106321311043     
   309.51640145643876     
   306.24009835434111     
   280.39930007529949     
   276.19764043449720     
   272.16633335035840     
   267.84446944420534     
   263.47196726566057     
   256.75174810843123     
   253.56608932923913     
   237.33616538945728     
   232.68321021561988     
   223.40839069018617     
   211.74977295751791     
   208.46514856618842     
   197.20321006234116     
   192.14573078610431     
   184.98922405436315     
   180.00475786557229     
   177.82221070961668     
   172.84047347980697     
   171.76748908336103     
   166.32752664379916     
   162.76761839609844     
   160.68397010706471     
   154.23748965888427     
   154.71184655697587     
   153.81137216210371     
   149.24307862447387     
   143.42717129279802     
   135.04411653782094     
   129.05328512957900     
   128.62148727765580     
   125.78078720944814     
   123.65155020513356     
   118.95621323306158     
   115.05580896276795     
   113.28760641112055     
   109.70372824347299     
   104.29513781823769     
   104.75273679707898     
   100.61752451697728     
   98.934173005648375     
   96.813096018059369     
   93.719928224278732     
   92.635589259729855     
   89.454859040522024     
   84.527694597157819     
   83.868076481745490     
   83.903817183512601     
   81.239187034521933     
   80.041246812994643     
   77.081894086853339     
   74.844565383587252     
   73.016339655453379     
   70.883585966087139     
   68.318574480766742     
   67.522822130348544     
   66.655834398263664     
   64.854588877810968     
   63.604572512072671     
   62.426650429190857     
   59.264139970748545     
   58.237923121474218     
   56.706956117293160     
   55.621162628546628     
   54.842343552480962     
   53.482798500567981     
   51.132273256290084     
   49.614235460438032     
   48.187785508746927     
   46.102019312619191     
   45.296624216296223     
   43.522628724138329     
   41.999568144933001     
   39.907911889608094     
   1335.4961625374140     
   1139.3695945484612     
   955.30460839140687     
   834.02260788739704     
   719.35934767138519     
   678.35023212339195     
   640.49096733972294     
   584.26246629504328     
   550.53520122628765     
   534.43822039665770     
   496.72465843018222     
   494.28482418663361     
   465.52979618966640     
   454.86893062903266     
   411.63880062527596     
   414.91768557443282     
   408.71393809212617     
   398.02768031725583     
   390.98393050079790     
   382.93795426156879     
   358.69368925508439     
   332.84020900979283     
   327.07619580710042     
   329.61174300426023     
   319.60822623243803     
   307.88309954469469     
   304.70144969342601     
   279.66416235349112     
   270.34169401254638     
   274.78556744830013     
   261.89824407710569     
   261.67850341950032     
   260.89499397012327     
   254.22265125696433     
   238.09865459606846     
   234.14937561372523     
   221.07406419693632     
   214.24723474502659     
   212.00588228060278     
   199.93485549949145     
   192.88271712222874     
   187.43999305409727     
   178.19058925131597     
   178.20106359775343     
   173.98092207346892     
   170.53669089869430     
   163.78805820473909     
   162.60549869262402     
   159.96047517635114     
   155.48284720337125     
   154.52821957223213     
   155.39522164128340     
   149.82829841853771     
   142.54157121077188     
   134.13393374669386     
   130.64188407504699     
   127.32179933685168     
   127.96321861116567     
   124.48674036729145     
   118.78111647895426     
   112.66295819773927     
   114.85840518495975     
   110.51174526874435     
   105.30488978372679     
   104.02581245685739     
   100.29432571577233     
   98.505077584915256     
   96.120329163401593     
   93.404905147814588     
   92.721352968525707     
   89.203799806199100     
   83.708188338849951     
   84.388773536926877     
   83.328337023225018     
   81.742977648248953     
   80.510892239101082     
   75.873265236436438     
   75.187751882182724     
   72.091524720132497     
   71.056383947221050     
   68.518784595460289     
   68.105898965718694     
   67.173429295987560     
   64.886511361435311     
   62.935439963539686     
   61.638662279391085     
   59.465476583046737     
   58.545592905406238     
   57.063627046195421     
   55.818358594377045     
   55.077864912218423     
   53.100455552391317     
   51.114171325494873     
   49.309103023629433     
   47.847983564693081     
   46.332415188360116     
   44.700762705251229     
   43.466671249117532     
   41.218588324166639     
   38.757678647938022     
   1340.9698600205202     
   1150.7753615681227     
   985.73556587104235     
   850.92927892336797     
   734.81542700726993     
   670.96938269919337     
   638.05654164017983     
   596.26535328347018     
   557.52280175934868     
   522.77679177751304     
   491.47220692392523     
   507.07615931381054     
   470.04247271242747     
   454.10445571908861     
   408.78030041747229     
   396.85857283413742     
   398.68649093997124     
   390.93441574882604     
   391.25042537013724     
   369.71949675262533     
   355.73422168633704     
   330.93397994486128     
   319.37978002421369     
   342.52453533593899     
   318.77114761218246     
   308.51616138775682     
   302.40559078004469     
   285.69777628541061     
   275.67618307500260     
   272.22753002234958     
   258.16908688329204     
   260.98581165086807     
   251.21169377162155     
   251.47581448785135     
   243.66762675646729     
   237.11522333863059     
   218.49107031180543     
   218.13838203377617     
   213.34640454313464     
   200.71983343017260     
   191.24084707127201     
   184.92269405542541     
   180.09591899703526     
   179.24803384104760     
   173.65804303754101     
   172.49231221649649     
   164.38625933608117     
   160.19557671118233     
   159.07254655533870     
   156.59968825279455     
   151.91933770218921     
   153.75223008350645     
   151.69370977190593     
   143.31389600938414     
   134.18779239994109     
   132.43966254987316     
   128.28925863917885     
   128.18472342182963     
   123.73411175751347     
   120.65905679856945     
   114.57266988159000     
   112.96867281519461     
   108.35061722254179     
   104.59141943481401     
   101.98315760418897     
   100.42218916057863     
   98.709738939386838     
   95.913323501017317     
   93.568582566230020     
   91.598338312974832     
   89.268880094988148     
   84.954510889443569     
   83.711850725386356     
   83.234668351422016     
   81.080824550695425     
   78.868219857612871     
   77.480046574773041     
   75.290021157619563     
   72.424369237174318     
   70.327585799828725     
   67.888263998546066     
   67.899817984058672     
   67.215024959763497     
   64.544115929890168     
   62.635254607632064     
   61.692701635663788     
   59.119128520909356     
   58.018547886534556     
   57.254723849241032     
   55.383276334613640     
   53.811170309121557     
   52.580893494333523     
   51.179795718727902     
   48.857679284345522     
   47.494893726709684     
   45.675911011237424     
   44.559094155449451     
   43.441118828353041     
   40.732352561554251     
   38.435519660056862     
   1332.1513986455493     
   1166.4789255815635     
   1016.0723688705107     
   863.63193986518809     
   757.71544779741839     
   675.88206781955967     
   638.26358797382045     
   589.94978428099569     
   565.43652913836888     
   528.80314898300435     
   502.34637287543615     
   486.60168455677257     
   480.07384351236362     
   440.10926782552895     
   394.62868135161727     
   398.59653065670244     
   395.97078191558080     
   392.35469423781285     
   391.97358346714873     
   374.06591630762051     
   349.69745097934026     
   326.91267692529692     
   311.71127265845905     
   340.27208106618133     
   324.91725180163201     
   322.07613699649164     
   310.28864047016390     
   280.15304958595817     
   273.90493298166922     
   261.40517051688630     
   249.90735679004345     
   256.06888409149616     
   250.86678857920160     
   244.84187418395942     
   241.82324127209245     
   243.03522991284660     
   218.37949626535243     
   211.66998762078819     
   211.32640121301912     
   201.69618197542991     
   192.76917286133414     
   183.68290607097364     
   181.76732298021037     
   182.17060984892038     
   172.75407941103038     
   169.88562583338145     
   165.99778035522738     
   159.06510179964198     
   158.80415404710220     
   157.98329207687161     
   154.84445971287337     
   155.32817257071059     
   152.24130042348875     
   146.09853714836527     
   134.18819430340005     
   132.60063187415255     
   129.91679046866375     
   126.95801643857440     
   124.00800967992774     
   120.23576235985817     
   115.00561298623802     
   112.28601949741447     
   107.09927423343289     
   104.25739106874872     
   101.63361714486261     
   101.08760366311819     
   98.306390237826079     
   96.248662017719056     
   95.217034630912053     
   91.696256793016261     
   89.533863300535700     
   85.123623562865589     
   84.041059566203955     
   82.521406173183877     
   80.163023302757097     
   78.488194553997985     
   77.434405038843963     
   75.050983655539667     
   72.548709064951893     
   70.909537272306196     
   68.069171449095521     
   67.257934685226729     
   67.224501477619171     
   64.121925748610806     
   62.953200673448862     
   60.901524598062835     
   59.741108802663597     
   58.343792224187709     
   56.767658542050896     
   54.912440174343430     
   53.446510999252439     
   52.610408044838252     
   50.890860670575186     
   49.351016867437338     
   47.385602509677227     
   45.328833453889843     
   43.883339075465386     
   43.197661359181510     
   40.534581950651692     
   38.366632684234091     
   1330.8254882659357     
   1176.1443904532746     
   1021.0360595899726     
   874.79930832283503     
   760.27407980144312     
   687.44592174886805     
   641.72004817922868     
   586.28519011348044     
   562.45653162645988     
   528.07920984582165     
   492.75015123153776     
   484.65024038887168     
   466.47610171819235     
   442.05578580540282     
   397.75268475110045     
   383.54785929608727     
   407.51014768360926     
   379.99680636666301     
   359.65945253355244     
   360.36676372106513     
   362.36212681624147     
   337.74715808638587     
   322.09036614104195     
   340.49476583117774     
   319.28016301565418     
   318.92811906457621     
   301.42751463132703     
   271.57672500030003     
   265.67914200604912     
   252.80264643005870     
   254.12151431827778     
   258.71558342497224     
   253.27966053894596     
   248.41242295562179     
   248.48544005120706     
   248.41088641323341     
   226.06287626269415     
   216.63505960531171     
   207.54117097370568     
   201.95975139781555     
   191.78337196894375     
   185.74272430731651     
   181.93711188321336     
   181.53229034260221     
   175.65067222272035     
   168.32231836412208     
   166.93937831649325     
   160.05105810523190     
   159.18968883687566     
   157.41865628958692     
   157.10951021785198     
   154.55727801795481     
   151.23026398066631     
   145.38549033356594     
   135.33540315154346     
   130.05484719486032     
   129.90600737638243     
   127.10014054111465     
   122.82183710443400     
   121.07479608032818     
   115.05750286175061     
   112.88356869901760     
   107.31418233344321     
   104.43390420706882     
   103.00462407811141     
   99.428520578909954     
   98.061746783573327     
   95.408082484303662     
   95.101050130955329     
   91.636208602594039     
   89.206020212873767     
   84.179090991055432     
   83.845686714784136     
   82.512693044426484     
   80.284851941734146     
   78.968183096544720     
   76.500505118289567     
   74.224257827110307     
   72.019869432957393     
   69.381443258257718     
   68.234183901487739     
   67.544608880807147     
   66.859060092425040     
   65.672731825059202     
   62.548514353420458     
   61.188520671689204     
   59.537057422169369     
   58.434094606966895     
   57.651915686601754     
   55.403899676510434     
   54.018950904442335     
   52.638363569113295     
   50.237155212712977     
   48.191062553231532     
   46.879221622433207     
   45.739651160431940     
   44.035137019279610     
   43.696833970228177     
   40.758082945999625     
   38.755167533129963     
   1339.0262201455535     
   1182.4068293588457     
   1018.5039960184592     
   874.91539070301576     
   769.97917183975051     
   708.89811840946720     
   638.71475957892858     
   578.71675642222090     
   568.78006849798840     
   515.50893495903301     
   494.33129343754138     
   488.68987603264441     
   435.32072696776254     
   441.65828431695553     
   392.83386422904647     
   378.15182865485900     
   406.59656043421580     
   387.75762563619196     
   374.05557838238656     
   346.98490777855983     
   357.81011228449631     
   336.74934589886789     
   332.22888636237229     
   332.19807425245222     
   325.46779334799140     
   319.37369279671776     
   286.60502446133131     
   256.74715749934853     
   251.54649079597374     
   246.71947708368060     
   258.15307968011763     
   258.83623581946961     
   259.62517121015441     
   253.13428616199644     
   248.16730775356064     
   247.97913140894488     
   233.79755527342178     
   222.78032642407925     
   207.06685161913285     
   203.98957689291956     
   194.95929987412620     
   183.19180787620712     
   180.53214069959012     
   176.83856642872300     
   177.14439764460775     
   171.89491209247615     
   174.17821247125437     
   163.90533247545449     
   162.65558025458850     
   159.74079407288940     
   155.12723767425692     
   154.61061074054652     
   150.26640883684308     
   144.21671606602479     
   134.38528139684345     
   127.86035048498550     
   129.38589131273582     
   124.16070625957104     
   121.27727527751479     
   120.85599134221249     
   116.17648265395312     
   113.23632710679797     
   108.51810113434502     
   102.32065269356258     
   102.67309046294814     
   100.82582868447483     
   98.551077079724578     
   95.461372627899138     
   94.378466611465242     
   91.635938199052319     
   89.196811590993491     
   84.543453636115004     
   84.108649360850308     
   82.559821625170557     
   81.030332932072241     
   78.337758214624657     
   77.344867546742762     
   74.261478629348858     
   72.461412385858935     
   68.864318485245690     
   68.585862490864727     
   68.071639721099956     
   67.078874708327035     
   64.621929512707766     
   62.398304446351148     
   60.683146114752560     
   58.945009259710176     
   58.223156359392014     
   56.401350112064343     
   54.861530592111784     
   53.260432856230459     
   52.825349961176684     
   50.661044014425954     
   47.973399662269330     
   47.263697976931496     
   45.361508296570044     
   43.475140070142224     
   43.149905084926999     
   41.020664147594317     
   38.646488829535009     
   1328.4626933287489     
   1186.1986865556041     
   1005.7666415642759     
   879.11321898518804     
   769.22822462057957     
   729.60213319814147     
   611.50765850104892     
   551.69687571600844     
   557.36796222772591     
   515.13227180033039     
   510.36047518400602     
   484.39615273409203     
   424.58344678228252     
   424.20144781214447     
   389.69928449505966     
   388.30493172557050     
   401.86447384929227     
   390.20768879931444     
   387.92272743966981     
   344.44237827417078     
   342.85007599422892     
   336.85103691543071     
   330.77887048523257     
   333.84832817763197     
   327.39924317175644     
   305.75995184620984     
   279.50821111488023     
   234.39939765086555     
   252.17128188158176     
   246.02622889401573     
   250.88202808879240     
   257.22857968517405     
   265.30875891175259     
   250.29509424358827     
   246.86464468611723     
   252.03046941657735     
   237.04063186337373     
   231.61552320759850     
   213.63951223660536     
   202.19840441057860     
   195.95095164322461     
   178.76878192851646     
   182.93223574436584     
   176.36910624006777     
   175.38860522484319     
   175.08099665566448     
   179.22308329807993     
   167.33795527857401     
   163.88272789431429     
   158.95565026726285     
   151.25481411750110     
   153.25145256518149     
   153.49719357809462     
   145.25451531870962     
   134.10731103959549     
   129.87130388797908     
   126.83315377466339     
   122.05038167407321     
   121.20392551722361     
   120.55706970151613     
   114.37995613842649     
   111.31832715718477     
   108.57637730407635     
   102.75832647101487     
   101.69205404433428     
   100.89730323894187     
   97.784166168089968     
   95.729400390285235     
   94.379451432328352     
   92.184504342366040     
   91.004077652001271     
   84.595713012341633     
   84.362269192258310     
   83.904952005584704     
   80.952622656754926     
   78.930950021801806     
   77.901736975660370     
   74.532030962252207     
   71.138781276143519     
   69.476786945080931     
   69.646946719888689     
   67.767135487405056     
   66.704627249908427     
   64.459597016173618     
   62.040008379159957     
   60.433115321283765     
   59.948554018843460     
   57.353062638460138     
   56.579330729343411     
   55.067532387797577     
   53.426248323435217     
   51.727713996586068     
   51.362752030935866     
   48.385815217369242     
   46.811413197726957     
   45.384576747229772     
   43.591640315447862     
   42.697883360480262     
   40.892624905362283     
   38.829459922303748     
