           1
        3200
           1
   992.76616525464749     
   937.44534931221824     
   895.22112549968347     
   865.30307625800901     
   836.87442535096670     
   814.00702889577110     
   792.94032228039885     
   772.21327942455957     
   752.33945206402882     
   734.87258340368430     
   717.75517909384962     
   700.34694314148146     
   681.83315600073456     
   664.87139014561740     
   647.80614476629535     
   632.61025394630303     
   617.89315953140044     
   603.37709577689066     
   590.03199533136512     
   576.77785848233600     
   561.31366174460004     
   548.33030673485359     
   534.59976489356166     
   520.83635909953034     
   507.61337700579611     
   494.82447718579539     
   481.52997409896568     
   469.57220728822733     
   457.65048320400149     
   446.20392830859976     
   434.99283297674816     
   423.56513675913226     
   411.65452152841874     
   400.71655349374771     
   389.33225513409707     
   378.58720861898723     
   368.64523226462512     
   358.66349017770273     
   349.21873440432927     
   340.44902518434537     
   332.10275143183850     
   323.88572913942244     
   316.03568503822351     
   308.17119050757918     
   300.74319608696919     
   293.46726343569588     
   286.22440983458836     
   279.58687149460440     
   273.33653655284849     
   266.59829911318411     
   260.79415324047318     
   255.03322465573831     
   249.23617739449952     
   243.55072757624754     
   238.21416311342037     
   232.78189241343125     
   227.35819124356209     
   222.39498515415022     
   217.48665443561273     
   212.82514500455386     
   208.29262014072788     
   203.70747472002225     
   199.21014206267955     
   195.10538422086211     
   191.19026630426788     
   187.05147214843603     
   183.12935004937742     
   179.54485399939338     
   175.97161142272600     
   172.57075313478680     
   169.02562978195533     
   165.60166669718200     
   162.21489067258835     
   158.91740767732239     
   155.78690313686161     
   152.76502306060314     
   149.74986851238393     
   146.75474747054079     
   143.97692308217972     
   141.16456269851221     
   138.35545314980618     
   135.68749400230550     
   133.02320403442206     
   130.47552978581840     
   128.03191617843663     
   125.55183335038261     
   123.12464875440477     
   120.80962466803304     
   118.46809015509710     
   116.25962459897110     
   114.12570943856564     
   111.96334266011031     
   109.83347959010827     
   107.76433403252327     
   105.76730513345132     
   103.69702546887149     
   101.77507960447821     
   99.806337894915771     
   97.896805993107336     
   96.042452944406165     
   1012.6397015436695     
   978.98403472099790     
   935.68957009648898     
   897.73881012186416     
   866.91028425195384     
   839.16033419510006     
   815.27520509188457     
   792.19718985699569     
   770.83471926808909     
   751.89828775315618     
   732.57293854025920     
   712.86570829682194     
   694.83829381590704     
   677.72692101030179     
   660.84870551369374     
   645.77089980842811     
   630.36765520412746     
   616.26492082595314     
   600.54655605839639     
   584.93937300751838     
   570.35567359769220     
   555.76842016944386     
   540.68692482983749     
   526.37810894749657     
   513.65687711196836     
   500.03310567243648     
   486.64597163470751     
   473.30856227812563     
   459.91083534198435     
   446.63316642985205     
   434.04267016495663     
   422.12441984310988     
   410.88373603828438     
   399.61463578529305     
   389.37206088383618     
   379.34396624219198     
   368.86250154696478     
   358.72002397478497     
   350.35922044295330     
   341.17931106017505     
   332.15910806511249     
   323.51015856141987     
   315.86181128691527     
   307.91064944009236     
   300.20488732816011     
   292.65448864955050     
   285.86599889990731     
   279.52612636934396     
   273.07557177005378     
   266.47706538080564     
   260.30910015449820     
   254.07498193092198     
   248.01240863436436     
   242.47208772242499     
   237.17142578258918     
   232.22019263089032     
   227.37094227880715     
   222.62140198017792     
   217.76259978817509     
   212.86639529567233     
   208.41570369749530     
   204.14451406662636     
   199.92257803134731     
   195.80335471025990     
   191.79899806597007     
   187.66105591077857     
   183.88922661367468     
   180.09426216752712     
   176.41161589174882     
   172.93810783559522     
   169.58206674706616     
   166.21257257884417     
   162.89985943311873     
   159.70847721441689     
   156.44769248057526     
   153.49948766573732     
   150.36061447296433     
   147.35780577136359     
   144.59884724637965     
   141.67980924369181     
   138.96965099979741     
   136.36753777786868     
   133.71861610400384     
   131.15292348312812     
   128.69803588666991     
   126.14159822378592     
   123.79277122180407     
   121.46373547659221     
   119.04885382925052     
   116.84511702414468     
   114.62117611199312     
   112.42301843923914     
   110.26699943408819     
   108.14059314652518     
   106.09659441830570     
   104.08208004078871     
   102.12048464623689     
   100.13750646977157     
   98.206534359447375     
   96.252318418498930     
   1016.2903542113608     
   984.43307911115937     
   953.90144723938124     
   922.44002392134757     
   890.53591388580514     
   860.58844653900974     
   834.08979601124452     
   812.45156840753714     
   789.45891825065360     
   765.38657164009192     
   746.02462352187865     
   726.21211916587197     
   707.93374405470172     
   690.34172847932632     
   673.33858559308271     
   656.28379044513611     
   638.94018034056694     
   622.44461180365181     
   605.99767888842791     
   590.37545940916891     
   574.67053806751483     
   559.60393409842277     
   543.88299965626663     
   529.41125145842125     
   514.88424182778124     
   500.02234999890175     
   486.19756513923215     
   472.79771513150524     
   460.62125587503073     
   448.08118202330917     
   435.79671774008273     
   423.63529113330947     
   411.52151567241151     
   399.90327183875866     
   388.84580223458482     
   378.50739177810920     
   368.20064806617728     
   359.26994107109118     
   350.28687307823577     
   340.74095088200158     
   332.38147449692531     
   324.18556066192394     
   316.04965755604223     
   308.33372514976952     
   300.90373630711872     
   293.81145184095419     
   286.92994939296506     
   280.03060694725832     
   273.11026540459085     
   266.44380999339870     
   260.58708152080885     
   254.45053533176650     
   248.92428010414710     
   243.23289067932501     
   237.94908613140856     
   232.76125378898251     
   227.40810400026425     
   222.26125856330933     
   217.57648259792441     
   212.91142833089185     
   208.57470751407271     
   204.12056244814164     
   199.88336193057307     
   195.70379361959866     
   191.67675938412589     
   187.57118744676447     
   183.74396632018869     
   179.97519125145382     
   176.52990427926034     
   173.09256085401469     
   169.36622886881889     
   165.86882888344712     
   162.53015281303297     
   159.38522456471318     
   156.38841800625295     
   153.23383757341270     
   150.20524245403337     
   147.32883465601441     
   144.52876677214692     
   141.69677018190893     
   138.94187930189545     
   136.18508001673575     
   133.54961304540541     
   131.02572059054131     
   128.43201653432192     
   125.97260161501140     
   123.49645117973380     
   121.00002578360672     
   118.71028811758545     
   116.42566040668940     
   114.16999874208958     
   112.02926251402259     
   109.89546735651885     
   107.81843105861488     
   105.73658022088225     
   103.73316029733411     
   101.71757141613554     
   99.713340092854253     
   97.734171911204044     
   95.806343687488777     
   1021.1852018920440     
   986.84348239814278     
   957.94720704724364     
   932.07225751752958     
   904.61223126168443     
   877.95908358742156     
   851.32093013485542     
   824.61819555420493     
   799.73588227342202     
   778.64770972612382     
   757.54770927374625     
   738.32791173478029     
   720.18393119623079     
   700.35806494008762     
   682.33592990740340     
   665.07278960149188     
   648.24595528997452     
   629.24565187225437     
   612.81711003951398     
   596.29603810557796     
   579.20651948349098     
   562.74492144377086     
   546.37060051960157     
   530.60137378974582     
   514.55251374093643     
   500.13590525604343     
   485.55387542734371     
   470.99466527803435     
   457.84906686240589     
   446.02923097070936     
   433.62107324125259     
   421.58608134499258     
   409.28753751905714     
   398.06584909693515     
   387.63079685815842     
   377.57041042466165     
   368.15576625511017     
   358.81551648362682     
   349.54907335031510     
   340.73002031669182     
   331.87001466795567     
   323.32251165074513     
   315.77333489649595     
   308.59379044323219     
   301.48546547406278     
   293.84272367766636     
   286.83328079924200     
   279.83595715156343     
   273.58216364865098     
   267.08629673543135     
   261.07546807450655     
   255.56925831010241     
   249.76260641644990     
   244.03562031898895     
   238.79055017075143     
   233.44171051857631     
   228.15084869330403     
   223.28534584621661     
   218.77147129223681     
   213.82573186830058     
   209.23607574635196     
   204.78630006995635     
   200.58894115274029     
   196.95016468539285     
   192.61797082023247     
   188.72385033135743     
   184.75952794965752     
   181.12325652383311     
   177.46422461345230     
   174.01444004412480     
   170.47856659289667     
   167.02527181144504     
   163.48276620197302     
   160.32204115726867     
   157.07015085742012     
   153.92735574172536     
   150.82420460419439     
   147.91960427924198     
   144.92483010355781     
   141.96199307906684     
   139.17031396208807     
   136.41452967766713     
   133.68559238810747     
   130.96466754698724     
   128.43128398772686     
   125.92093665678799     
   123.49488888101229     
   120.95935876127425     
   118.53917068750943     
   116.18889716443451     
   113.96659398359080     
   111.64072779975916     
   109.40418838386897     
   107.31746092623456     
   105.10605534028079     
   102.99451086447201     
   100.86084780566168     
   98.882424047553485     
   96.973728525820363     
   94.998436027030948     
   1026.3728684307446     
   989.59844473151782     
   962.30915315529205     
   938.30796984804567     
   914.27018034589673     
   889.66006653686748     
   861.56634820011209     
   837.07620403944156     
   812.85955931065041     
   789.22300565297780     
   770.41044974466035     
   749.36400875410504     
   727.92969846668279     
   708.19571735108275     
   688.23361147253434     
   669.14616161606523     
   651.17403302758646     
   632.92241836485346     
   614.51535569876967     
   596.43266718337782     
   579.52714869476347     
   562.64912138771945     
   545.61262169912720     
   530.38589772243313     
   515.26169328942296     
   500.49014768780853     
   486.48637944954652     
   472.98554567949873     
   459.44540813583819     
   446.41366784527401     
   434.35188486611332     
   422.58489038181574     
   411.29020922532163     
   400.54073121532304     
   390.11385924209623     
   379.69603688813237     
   369.91251344620383     
   360.50738818447172     
   351.06206961534156     
   342.90316790795362     
   334.39837805568993     
   325.68145795749945     
   317.50325280716083     
   309.23392471038255     
   301.82474925407303     
   294.14894869082593     
   287.17786674395995     
   281.13155417530226     
   274.41046151414133     
   267.99187082647006     
   261.36307265973988     
   255.69091841878549     
   249.85767387772322     
   244.44356997241226     
   239.06334510606104     
   234.08941669514130     
   228.62342713409217     
   223.69069738429056     
   218.97748282022377     
   214.31280367890787     
   209.71987728206915     
   205.42561936549583     
   201.22983313540010     
   196.92857997737377     
   192.64922296948106     
   188.57241253959677     
   184.75912722102555     
   180.88091199881865     
   177.18119975158925     
   173.63677878515193     
   170.07072380787474     
   166.64324682656996     
   163.25841936180709     
   159.90906554332770     
   156.68161435323489     
   153.41816263042074     
   150.32730575967747     
   147.38578333344742     
   144.38614770212143     
   141.48082891261069     
   138.51102841075391     
   135.71468754621537     
   133.05709679047590     
   130.45133928610491     
   127.75169124698201     
   125.22680693148232     
   122.63755121074840     
   120.17912566627496     
   117.74913157861850     
   115.27144994120535     
   112.93525484213013     
   110.66656518282198     
   108.19959884535263     
   105.94809616654597     
   103.86708976430583     
   101.73880375138960     
   99.606410109175826     
   97.522203903154988     
   95.478952711247516     
   93.322325286769512     
   1030.5774372903945     
   996.27643226097757     
   967.61098913857018     
   942.96919031560731     
   918.50463283627801     
   893.98798408395601     
   872.37222003979832     
   848.50774866536085     
   825.55959434596593     
   801.03435022047938     
   777.27226426284392     
   754.61708751687763     
   732.76700263170312     
   712.69028611504200     
   692.02530103748097     
   673.35729064776729     
   653.20277781039863     
   634.29397512803178     
   614.52911609205580     
   596.56014947995152     
   578.93352451394526     
   561.25110068384151     
   544.32950905847792     
   528.55595103544931     
   514.34717396361270     
   498.95955735551064     
   484.99756637578719     
   472.76569711509012     
   459.62310101632534     
   447.15009565622108     
   435.72819125360468     
   423.02826889215771     
   411.60109689140597     
   400.84914231919123     
   389.50223574806307     
   379.44427791786427     
   369.75784941798548     
   360.10169980438218     
   351.12066430968986     
   342.43757049701787     
   334.19066431520179     
   326.00443652668002     
   317.97812662557720     
   310.03975021636569     
   302.41858997738427     
   295.18313783402544     
   288.00973504491759     
   281.45048302543734     
   275.10270408089673     
   268.58034140299128     
   262.38864044060142     
   256.35954388456304     
   250.79109055797210     
   244.78850426772587     
   239.39279396734926     
   234.12654323617056     
   228.87489545224705     
   223.79999243444405     
   218.77735455674244     
   214.22684654005576     
   209.24564193679174     
   204.92763943354680     
   200.44992711186853     
   195.96105733135238     
   191.60851824297933     
   187.63144010697960     
   183.96444284505822     
   180.08242743964968     
   176.41252608912521     
   172.67486853638655     
   168.78582411496615     
   165.44277109116967     
   161.89528686778834     
   158.54089672429421     
   155.24941380481496     
   152.05114132103509     
   149.01221953978512     
   145.90415371302413     
   142.85414274990157     
   139.99045734029229     
   136.95361356320012     
   134.22612346839455     
   131.30383663421065     
   128.43121310518052     
   125.70330448008826     
   122.97483977966536     
   120.48860873057765     
   118.05276484688719     
   115.37051746246797     
   112.80936783876871     
   110.38118541567900     
   107.91195537721251     
   105.64697412906619     
   103.39493297670303     
   101.10031055523297     
   98.891564714422287     
   96.636404155126357     
   94.548583094335982     
   92.360007423012604     
   90.166057813419201     
   1035.3239233736579     
   997.87748113183898     
   970.02756250424500     
   944.79138085051659     
   919.36097596284026     
   896.85749180128698     
   875.31595980810278     
   852.91712011374079     
   830.07830700861268     
   806.97396009467104     
   785.01388284751170     
   762.31938477698122     
   740.64196176506334     
   718.01612927637075     
   696.37521776764015     
   674.17519050314388     
   652.98844046904355     
   632.55396307845035     
   613.39113740897676     
   594.95766686849709     
   577.98556266115349     
   560.54198052727577     
   544.09254501488704     
   529.53550169836626     
   513.73284681899861     
   499.52215860778961     
   485.09285476965744     
   471.09248802053111     
   458.66932560394571     
   445.95734864663666     
   434.07545851907656     
   422.53852905296981     
   411.65422921664219     
   400.30272505603835     
   389.61700047389314     
   379.37836126905330     
   369.58843544949235     
   359.44880125013088     
   351.07281077745370     
   341.94464256434020     
   333.05271167659555     
   325.11786125272295     
   317.01819480877549     
   309.64254323754392     
   301.73318444074908     
   294.59850989277754     
   287.39801656459082     
   280.21917691308090     
   273.58292320007206     
   266.87267299156792     
   260.52121137578251     
   254.73676868237689     
   249.14386131035587     
   243.76799075654657     
   238.20483160153702     
   233.16942091405292     
   227.88937547359146     
   222.62333021823656     
   217.47975538967938     
   212.66891094185621     
   208.11627683095435     
   203.49786885123601     
   199.09905646823697     
   194.67439044183149     
   190.50844591121452     
   186.68623649631613     
   182.55535985238461     
   178.41640685681676     
   174.65019717214906     
   170.90133196855120     
   167.35763305664972     
   163.69109473110871     
   160.24388316504746     
   156.70371208065467     
   153.15253187805033     
   149.75783105741741     
   146.51010985700765     
   143.28486918573759     
   140.07669262057840     
   136.87830851498222     
   134.04329568023047     
   131.03013592446558     
   128.02117783619002     
   125.10521656146477     
   122.25177219313588     
   119.34487647599643     
   116.51945973482921     
   113.98476775577619     
   111.58504677986016     
   108.98053839868950     
   106.49401953116181     
   103.98552196204763     
   101.54330109880902     
   99.247307499963895     
   96.887358327873471     
   94.555332598542478     
   92.262979682984508     
   90.111422659373773     
   87.971990504333775     
   85.771189555324142     
   1040.2774885652843     
   1005.2707189738748     
   976.74121461023321     
   949.32046787357808     
   924.70983054044632     
   902.19532302235109     
   876.97977252447504     
   852.12260587036769     
   829.53436568111681     
   807.97283676536108     
   786.48288159939489     
   764.56332500639724     
   741.83359149728801     
   717.61217257609621     
   692.41321908842781     
   670.45644057948948     
   648.71782582138087     
   628.90227001051971     
   610.53820252894866     
   591.68711974380301     
   575.04098477447963     
   558.09077834886898     
   541.66264982830637     
   525.78992212728531     
   511.73576313433193     
   497.32455644906781     
   483.88256085198066     
   470.64406344774511     
   457.18650187044591     
   444.88147450920621     
   433.21852253625070     
   421.27120118150049     
   409.42499686154667     
   397.32035257668019     
   387.07813604997835     
   377.25761399770613     
   367.71590314043965     
   358.17783631975806     
   348.80426784608716     
   340.50926378704668     
   331.62938395813040     
   322.89833347136084     
   315.10719341092562     
   307.67808325863825     
   300.16577899261011     
   293.19582968204509     
   286.43469826522670     
   278.92943926632353     
   272.17153674850056     
   265.61169989452475     
   259.47013334554646     
   253.53659586213064     
   247.57443192511926     
   241.93670877160764     
   236.43252565251717     
   231.07515885800888     
   225.60040111816409     
   220.44058189805440     
   215.51922619077936     
   210.68683922477632     
   205.81078911340933     
   201.22400705905056     
   196.69585489829248     
   192.51119674369292     
   187.91027106622397     
   183.78254009885313     
   179.62694153756007     
   175.37853857090397     
   171.40010711731389     
   167.43133558072356     
   163.67189294832741     
   159.63585430826311     
   155.87235918410170     
   152.27715124257534     
   148.64025793645271     
   145.11457995328345     
   141.85679961472408     
   138.47244042571518     
   134.88356175681378     
   131.52744196707781     
   128.45781195163525     
   125.25656990023798     
   122.26714425182807     
   119.18751940341085     
   116.43585148738740     
   113.65399752348884     
   110.89232660678428     
   107.84045202645711     
   105.13656325036035     
   102.54153938153195     
   99.966230161610540     
   97.457851406231242     
   95.095149502347425     
   92.489287710829814     
   90.151160814329614     
   87.761384707542220     
   85.519673660129996     
   83.244055345734836     
   80.990396006870910     
   78.877538854109005     
   1046.2053902191878     
   1006.3117185168741     
   980.19099260618350     
   953.86099092415373     
   926.95304840109168     
   900.36479854600134     
   875.21749138093287     
   851.74484881025717     
   829.98133804417785     
   806.50901594106017     
   783.73251478011230     
   757.94997891310493     
   732.97661825244836     
   709.79393271823096     
   686.03743582838274     
   666.22315680644078     
   645.09611239304445     
   625.45219768304912     
   606.82097356881968     
   589.29336024544136     
   572.63042273991141     
   555.98204523947652     
   540.91924325350897     
   525.18756756650498     
   510.59632089824868     
   495.27094640571130     
   482.77031888567365     
   468.79513307863147     
   456.76937913481100     
   444.40182786396014     
   432.44883817461994     
   420.82577488765571     
   408.96500921101619     
   398.82590303610300     
   388.91307347399129     
   378.41289701608235     
   368.57270482543703     
   358.21690013317601     
   348.97951187675784     
   340.30728758452716     
   332.04918221195186     
   323.33391113854600     
   315.19021381060514     
   307.07996758111926     
   299.06230551730653     
   291.52469019868556     
   283.98629948535836     
   277.39792491149711     
   270.85327491503313     
   264.22337847566854     
   257.46067807140537     
   251.22407593143654     
   244.94118002825684     
   238.54030064890384     
   232.87632277787299     
   227.40153268428526     
   221.58874767884666     
   216.18692188699140     
   210.94589491931893     
   205.76888206310451     
   201.22086899983779     
   196.13206255858208     
   191.35526863295306     
   186.66820559642881     
   181.78803651330392     
   177.22325518047984     
   172.94339520285945     
   168.61177015731477     
   164.45861002481840     
   160.06830793763984     
   155.96697495531464     
   151.79349225294652     
   147.78520348496491     
   143.92964058721401     
   140.26095378872057     
   136.65525498843544     
   133.12735986960334     
   129.54044639758058     
   126.20572443034982     
   122.84466941247661     
   119.38854863822370     
   116.07500840462025     
   112.90910408978934     
   109.94008712110441     
   107.05341928023512     
   104.25196974340106     
   101.42793797429789     
   98.641608290528424     
   95.832317440951357     
   93.324158099133854     
   90.769254572073152     
   88.425765821167104     
   85.792231666128217     
   83.298189186745532     
   81.120595585305580     
   78.977289675473202     
   76.673276570471501     
   74.390017618757383     
   72.090303694326934     
   69.871154504224151     
   1047.7900687826952     
   1013.4969401092154     
   985.31836115302394     
   957.47916699593952     
   930.00120945644312     
   904.55930936037851     
   878.28212628199844     
   852.13677763536430     
   826.39526192887888     
   800.66844283266846     
   772.99918125381214     
   746.66606633979450     
   722.92464448880219     
   701.02881065290080     
   679.89644145846546     
   658.30333306722025     
   639.00558420600385     
   620.73720545061849     
   604.42251920935155     
   586.31598105831563     
   569.90136329927805     
   553.66512301441389     
   537.30878976284839     
   522.35488866454887     
   508.12094466464919     
   492.84768428834002     
   479.56113511851919     
   465.21203637590872     
   452.67096327689160     
   440.56499148069804     
   428.49919080345433     
   416.80325901698461     
   405.07508112344726     
   394.00490407951520     
   382.99465676636817     
   372.73819760033126     
   362.90711111556186     
   353.66959801408541     
   344.22704056116982     
   336.04740775725952     
   327.30027975865073     
   318.88863277358246     
   310.79428302627304     
   302.46452833289436     
   294.86296929155077     
   287.25709426156948     
   279.82785235445681     
   272.10972223643358     
   265.28412437937226     
   257.96060583584256     
   251.71923866319247     
   245.25379166774582     
   239.19946432126116     
   232.92443953201260     
   227.05075852415257     
   220.80985543484871     
   214.83063688399787     
   208.92565717474642     
   203.01507648391916     
   197.47842364994636     
   192.06988318266500     
   186.68230041692141     
   181.81858207550093     
   176.68952686308600     
   171.76798630484041     
   167.20280896106354     
   162.66054770529396     
   157.80143124279169     
   153.88300162192519     
   149.67929741187345     
   145.44032634045746     
   141.21112605268524     
   137.19548517071709     
   133.03990945104829     
   129.46844689641952     
   125.52431752507636     
   121.71304336747157     
   118.46177320192787     
   114.77881239678285     
   111.35537582903541     
   108.03502203642853     
   104.81656258779567     
   101.77482935663387     
   98.896008414562260     
   96.077212966373736     
   93.361730070224979     
   90.546537804155577     
   87.981459070347100     
   85.308467947504639     
   82.678981373952055     
   80.238852013580015     
   78.518305325321364     
   76.399979590981886     
   73.985914636194366     
   71.908029189666948     
   69.816504645067624     
   68.003962321347146     
   65.872988565930115     
   63.923542904306728     
   62.027414683189932     
   1055.3932894565037     
   1018.0993296657614     
   989.10212494907000     
   959.51171492123910     
   931.40201174319918     
   903.72429341600719     
   876.12296488534139     
   847.20779299746118     
   817.53751227705663     
   786.54288293501179     
   760.90038077188569     
   737.34672376010201     
   714.87810008328211     
   694.16887907498506     
   672.76023987161602     
   654.30867503173397     
   634.65193078013272     
   617.15380297975491     
   597.22615844238169     
   578.92493466000724     
   563.27005451395121     
   547.73952231821079     
   531.70364397197250     
   515.89988147614633     
   501.75000400533577     
   487.23832633305608     
   474.00865285397242     
   460.92855456560210     
   448.90101860278241     
   436.86522035339976     
   424.80924697669809     
   412.38217800840607     
   400.45185531929138     
   389.64963042194756     
   378.58874796540744     
   368.04008464832043     
   357.68842562685967     
   347.39775376219711     
   337.42749606606912     
   328.20149936991322     
   318.86186888469689     
   309.77853913151176     
   300.75131392985355     
   292.29127171484078     
   284.20530564940827     
   276.44396520099201     
   268.18363795131108     
   260.84315999081173     
   253.30910032929864     
   246.33649463041144     
   238.83301941254089     
   231.97573717101162     
   225.62094039611716     
   218.66566050577478     
   211.80720055196551     
   206.01427451275399     
   200.15165463294969     
   194.13644578833078     
   187.84225571108982     
   182.46410519227950     
   177.69412731779173     
   172.09034602155066     
   166.95118685069403     
   161.40100924085675     
   156.26053463510371     
   151.66899302844479     
   147.15542262589034     
   142.44256026348941     
   137.95014115644176     
   133.96123309776198     
   129.43485161007237     
   125.28109667714911     
   121.50156061366110     
   117.96316974710319     
   114.79478113507052     
   111.25858717380034     
   107.23417709808379     
   104.25515545336728     
   100.13984194223193     
   97.557926496641741     
   94.617116054048694     
   91.570138514247375     
   89.381446928954517     
   86.800141187291558     
   84.535495378714614     
   81.729045200665354     
   79.281527497830695     
   77.407513624569233     
   75.302678244253656     
   72.912427349127512     
   70.063210942030480     
   68.615702090653784     
   66.885688460556665     
   64.846354899389610     
   62.747388575841875     
   60.969867433429144     
   59.626396596079182     
   57.344750430337939     
   55.284011006802743     
   53.910900014344953     
   1061.8631278740004     
   1026.2233024883267     
   994.12342565898120     
   962.19951531051834     
   931.96432816960930     
   900.95090918386495     
   868.26810210827375     
   835.95103823523959     
   804.67595686356560     
   776.18494681329116     
   748.80609564262011     
   724.14064215839153     
   702.22803972566498     
   680.64929411743663     
   660.23929341788812     
   641.95792029143115     
   622.60532448747381     
   604.75657730578291     
   587.83322071745408     
   572.57179625819560     
   556.57306936089901     
   541.51916027636548     
   524.82153330252004     
   510.19345440275538     
   496.04160116351039     
   479.97953072905057     
   466.63487176675500     
   453.26169967172933     
   438.86553665937095     
   426.94862211896350     
   414.30584513873094     
   402.28292932388410     
   390.37892222981571     
   377.55479408035234     
   365.57006052997843     
   354.49222565841416     
   344.11126491529308     
   333.85595318664758     
   323.71982949808051     
   313.85406888300065     
   304.69416605602447     
   294.53309698600640     
   284.49837239695211     
   275.87078995035398     
   267.12912282238204     
   258.87004037627531     
   250.25507334725330     
   242.65957024550141     
   234.70128176281085     
   227.09793837018086     
   218.95412616867145     
   212.15224595406346     
   205.24431833922935     
   197.96660998180141     
   191.32352499156826     
   185.72635582143621     
   178.40076048597220     
   172.64394209041029     
   166.71547298799157     
   161.25108459480518     
   155.81365898580989     
   151.53757394291185     
   146.25277006015790     
   140.95247782402015     
   136.48611470418376     
   131.67485985505937     
   127.50816892739816     
   123.21394720262842     
   119.69900856396416     
   115.77895192387540     
   112.48221356664511     
   109.23343313061275     
   105.99182920489213     
   102.32187193587475     
   99.236404715183141     
   96.591393512680128     
   93.565422990540910     
   90.757941841942696     
   88.824571735933233     
   86.171266612118970     
   83.687790338511164     
   80.818627867888097     
   79.300186066272488     
   77.597804616365380     
   75.573748759401752     
   73.039636380408595     
   71.388522164806261     
   69.546370106880175     
   68.534268128894524     
   66.303341392387708     
   64.157100094491881     
   63.125686198832014     
   61.736586300929723     
   60.425836620707770     
   58.202131600805295     
   56.564501832436001     
   55.245145659025454     
   53.524604347457739     
   51.727188290688950     
   50.076054636103635     
   1067.6806664361152     
   1032.2950878025058     
   998.37905674702961     
   962.19701586713268     
   925.24273543254753     
   887.48807693782976     
   850.82753493288351     
   816.12272359378289     
   786.01602955540920     
   759.96968969186673     
   735.44937418630786     
   712.27984236388772     
   688.62369090269419     
   668.77389157961090     
   648.16009067301115     
   629.55775975671577     
   609.94813729672546     
   592.97967628119625     
   576.19265088966642     
   558.47252898346824     
   542.51966828210902     
   525.72982349995266     
   509.27661058489980     
   493.13097190684255     
   478.74974467771744     
   465.02065676823071     
   450.51056410593458     
   436.67573187127408     
   423.21689810614566     
   410.06548081634241     
   395.97241792985272     
   382.70471259679050     
   370.81326873612267     
   357.26533413237348     
   345.53724597649466     
   333.30291845662782     
   321.94861011475041     
   310.41814027099497     
   299.60878140014177     
   289.19328370294255     
   278.27905190287515     
   268.47568065848668     
   258.95123640575758     
   249.93983493231127     
   241.28257114212551     
   232.02593953470915     
   223.36172697025131     
   215.50746676284049     
   208.70004508813773     
   200.71924060732945     
   194.35464605075367     
   187.69071112551234     
   180.38984782535604     
   174.97891399592595     
   168.22296502822820     
   161.89571051504822     
   155.61813435897315     
   150.35284125381162     
   146.26070530488559     
   141.94923403850333     
   137.24728858255207     
   133.57571712831438     
   128.82932946844608     
   125.40198187419864     
   121.36187972068865     
   118.09874767355672     
   114.51210612829192     
   110.78291423534094     
   107.58914089606935     
   103.12419659375011     
   100.99390851819837     
   99.268020200083043     
   95.524886761509180     
   93.101379509841109     
   89.646655523218641     
   87.619627990278047     
   85.553128332694783     
   84.628682278992613     
   82.136636253177457     
   80.548317246682331     
   78.060499716903053     
   77.310324079589066     
   74.326776141204874     
   73.823803148152962     
   72.043620338895067     
   70.282793939042165     
   68.302232545925833     
   66.594743195701540     
   65.259682549504760     
   63.210068728170356     
   62.073717542047888     
   60.579145840855375     
   59.477637542374367     
   58.038118981523553     
   56.700694050790325     
   55.079974755500977     
   53.752611871745806     
   52.071761989260366     
   50.388942608510419     
   48.256894744722324     
   1076.5977042526422     
   1037.5610331853695     
   994.61905484115618     
   950.74186433770967     
   903.82256642987568     
   862.50596346553493     
   823.42231176715734     
   793.03812024888225     
   762.53157499254667     
   736.45864187423240     
   712.64027220874505     
   689.53677902451261     
   669.17565136363191     
   647.76462317085088     
   627.45384367546251     
   608.72923113821957     
   588.97962478933823     
   571.06590678173666     
   553.83695813762006     
   535.41187305420794     
   518.52986654588562     
   502.45237090886189     
   486.98542803603419     
   469.95153604124977     
   452.93526788368024     
   437.80616058538340     
   421.21837864796646     
   406.61029624061842     
   391.47458074964720     
   377.25044622559193     
   363.53968947402052     
   350.91024962083384     
   338.05158681506384     
   325.46247028199321     
   310.95960304294823     
   299.18391675040073     
   287.59946700014842     
   276.34242631741927     
   266.54648851058369     
   256.93711451413469     
   246.72085088234496     
   236.58311953996062     
   227.91563280898720     
   218.06683777700258     
   210.67975464543969     
   203.66985223732914     
   195.08812181677530     
   187.48794908057735     
   181.47153998554629     
   176.30683267101168     
   170.76557285472282     
   165.24554998178922     
   159.10224576156568     
   155.07686279361769     
   149.47811778340713     
   144.70530902104224     
   139.60321084989641     
   135.03687117839729     
   131.22054521601444     
   126.86554065776886     
   123.56638689741176     
   120.19249781640333     
   116.22081917768760     
   114.01546814932945     
   110.47439774509675     
   107.35147956638501     
   105.68139743970886     
   102.26685059039909     
   100.64291967080837     
   97.561027282378120     
   94.412392880094302     
   93.785178001776416     
   90.819924519020418     
   88.703560905477772     
   85.749472450100157     
   83.247901416334543     
   81.036842236376259     
   79.513077633445405     
   78.394330440396772     
   77.289715387115791     
   76.177726094743903     
   74.082104576560525     
   71.209275139139578     
   70.039719851348551     
   69.624364965216159     
   67.188269415483703     
   65.928114469329842     
   64.368762816791190     
   63.116927355159341     
   61.212137190777952     
   60.171623577618604     
   58.509360798164948     
   57.953574074515792     
   56.728196006089831     
   55.301062426249089     
   54.131121315897168     
   52.030972616812690     
   50.255198920057509     
   48.922914351703277     
   46.701725757811339     
   1083.6564763959223     
   1039.8036245612848     
   986.33250930815825     
   928.87451297062444     
   876.99751882096689     
   832.35362522467221     
   794.65704334109864     
   759.93150663449399     
   732.73771834020749     
   707.20415025736690     
   680.78432237534435     
   657.20173380926235     
   636.22054368020008     
   618.64710748748439     
   596.86066901552556     
   576.52787104076924     
   554.50687102489246     
   535.77252652217783     
   516.50729161710467     
   498.86888099856105     
   481.30405391437426     
   463.02427934948582     
   445.70319757385516     
   428.63039001632472     
   411.31292634802401     
   393.35890720851654     
   377.88430200732262     
   363.34639695738531     
   351.34640431322072     
   337.11511121561642     
   323.52205679611723     
   309.97046989921745     
   298.76346541788200     
   286.27703665794280     
   272.91088609561353     
   262.71050998942951     
   251.65653828927486     
   242.34376815322975     
   234.73017597591632     
   226.02613889229497     
   216.38440918453529     
   207.96173614956029     
   200.26299084137776     
   193.45350081790701     
   186.99216199592399     
   182.96523694507289     
   174.63356955810320     
   169.48198132794880     
   164.32562327160073     
   161.07655896779673     
   155.62971457019694     
   150.77249880278993     
   147.04186109581883     
   140.91688662422604     
   136.43851264449856     
   133.21176744591332     
   128.50123112079120     
   126.22607706516973     
   122.69943508291340     
   120.22128742417273     
   116.54961314572355     
   114.78780581253628     
   109.98508515095814     
   107.47408199566377     
   106.25692878744047     
   103.88635655525573     
   100.91388257030381     
   98.359414658585521     
   95.581392592199762     
   94.361332605819186     
   90.944238837810758     
   90.281491587956623     
   87.217060152170191     
   85.710432210830476     
   82.999577443904997     
   81.699383836716819     
   79.109100949066416     
   77.663981717437679     
   76.285075197245149     
   75.081262035297769     
   73.338381099674237     
   71.637993847854275     
   69.807328055604842     
   67.711361344436526     
   67.614667447459908     
   65.836538950552253     
   64.380843588722655     
   63.371182558488194     
   61.463224562638693     
   59.863945068337308     
   58.694600299585993     
   57.147114172088976     
   56.223646056752465     
   55.058328718616004     
   53.741387461775297     
   52.656820417682013     
   51.072755459474550     
   49.214541064669490     
   47.755713806169396     
   45.798175946161159     
   1093.8907776927160     
   1034.6097663092060     
   959.30099935773239     
   890.01863106198948     
   832.07460398634123     
   787.82301663256533     
   752.56016690076945     
   718.35947404245985     
   686.00139918238881     
   657.98671987800742     
   632.45878256373771     
   611.95581347586790     
   588.49442260393380     
   566.60400447373877     
   543.90452633559960     
   525.95642622917671     
   503.78593872667494     
   484.61228671085797     
   466.31096377486801     
   448.26162560184071     
   427.92731314352636     
   410.62588456501277     
   393.33263773382379     
   378.76603771325722     
   362.64529847866436     
   347.65291332843071     
   334.28308455863112     
   320.87701262500468     
   309.54301937134551     
   297.42390114599391     
   285.16313617834436     
   276.44781704525553     
   265.16369271485371     
   255.67997498246652     
   242.96160057779457     
   234.91819584079045     
   227.27799285689258     
   220.41588162086506     
   213.06316638615976     
   206.63920451267481     
   197.97840817126601     
   191.61438645256092     
   188.38446588760905     
   180.72562036749696     
   175.43703311741058     
   171.28780641805935     
   164.85662277117970     
   160.94351344626273     
   158.13626656346037     
   155.11632108931491     
   148.95603504406705     
   143.75644930805055     
   140.53746427507221     
   134.17781599540763     
   131.82063449540289     
   129.45980933820692     
   123.82158675872725     
   121.96884499629434     
   120.05570587242913     
   115.66376307922903     
   113.78119775190538     
   110.77938480733864     
   107.94597115938173     
   104.07743994476199     
   102.33318616826277     
   100.44628368935996     
   97.194446003312990     
   95.602514413319852     
   93.399607656774151     
   90.933823486958246     
   88.710502754486129     
   86.749467044391835     
   86.101534050136252     
   83.469295433841069     
   81.946902704408387     
   79.704768449710485     
   78.131851490698494     
   76.284409081739625     
   74.400549290634928     
   73.818676122457546     
   71.594128180738593     
   70.110495095563721     
   69.433429517077613     
   66.967448017792051     
   65.810826470816338     
   64.456990321854207     
   63.021246494787547     
   61.668691442358032     
   60.675651714771014     
   59.127396709493567     
   56.781903368189333     
   56.461444721784360     
   54.587158075174955     
   54.015399531205148     
   52.500279631149930     
   51.392996543422335     
   49.782703361145153     
   48.044225859944319     
   45.959691305383210     
   44.331575896564971     
   1108.6446751601034     
   1014.8114097163727     
   909.59724802199150     
   832.64586938694606     
   774.28417306810582     
   729.23635686621992     
   691.85638741873061     
   659.90754504251834     
   629.96421449689035     
   602.41609007419459     
   578.10207414850845     
   549.31428342615845     
   527.51286772304434     
   507.81358435754157     
   486.65606957588926     
   467.36163098855229     
   450.29446418804889     
   430.24466158750255     
   410.59805222377560     
   395.18919073097766     
   382.01578419656050     
   366.37723669273282     
   350.15100008818160     
   338.74840380029377     
   326.87952898664162     
   312.88617895955718     
   303.19287929261304     
   289.98126591190089     
   281.43752998494568     
   273.08336597606740     
   264.63611892645258     
   257.14558741672226     
   250.18520599162707     
   240.28818844848956     
   230.00023335661848     
   223.42999777472599     
   217.65669930549626     
   209.53847221601734     
   203.31361788535727     
   196.15809612769374     
   190.99243955622833     
   184.36525277739645     
   180.00535475646782     
   174.50986925752906     
   171.69342813666682     
   166.18759387454776     
   161.34190496312601     
   156.77428699488701     
   154.82999181593533     
   149.09550184774312     
   144.89662922576898     
   137.66131779738464     
   134.88694558438473     
   130.64160103991617     
   129.77296123708518     
   125.94833169621667     
   120.53162969142218     
   117.94848044202115     
   116.88373249834396     
   113.61562328129976     
   111.55643119068215     
   108.09356594122997     
   106.16744991493816     
   102.40238832549235     
   100.39095289278519     
   97.788922675871248     
   95.153546273867050     
   92.677505073889733     
   91.422054320785506     
   89.712144490575469     
   86.727419633131262     
   86.065802276486238     
   84.933641076555233     
   81.113108371926415     
   79.644385894139390     
   78.110088460959261     
   75.887087548120903     
   75.702239624193950     
   72.976891133221699     
   71.652799347680187     
   70.124983415239356     
   69.211310983648175     
   66.597662248881960     
   66.065994438543015     
   65.160210976483825     
   62.881705631926010     
   61.462007937715228     
   60.933661008712036     
   59.236059952820874     
   57.340190738339615     
   55.700005230210984     
   55.037015589475260     
   53.549446006526885     
   52.600873709215790     
   51.044569147302340     
   50.671686881673779     
   48.109681457212290     
   47.283599290270374     
   44.728384029616286     
   43.065592965152319     
   1124.2775317269372     
   977.79600024063916     
   851.79041849278997     
   773.10932262365191     
   712.21171402003006     
   667.02881501392335     
   633.81779721154965     
   599.61400537851091     
   570.85211972288698     
   543.03429318144003     
   522.15794079231637     
   498.35460992830406     
   475.69862034148639     
   459.83168918606157     
   437.52929273484796     
   426.35950297291549     
   413.62474551224415     
   397.42918364600285     
   379.64995031506407     
   367.90730303399641     
   358.28018025489411     
   345.04314521923470     
   333.22556949527473     
   321.92533018178347     
   313.94598854803360     
   300.32175360547450     
   284.83250803876399     
   278.33595315642987     
   271.30713077689927     
   260.72567837296606     
   255.24033179061604     
   248.76600494205326     
   243.19909376626984     
   234.36851280778552     
   223.24906941971642     
   219.23835920038144     
   212.96992426248639     
   203.52249328312422     
   196.56285718799776     
   190.78654288688807     
   186.01035951868269     
   182.70125887277547     
   175.79798881110659     
   170.37378040857448     
   169.07921771381208     
   162.50197057829445     
   158.38430713740013     
   152.78419283299371     
   152.26873294591923     
   146.43566869052123     
   142.52211328803671     
   136.12429026889961     
   131.95406319409429     
   127.71141800279214     
   125.88446928460631     
   122.01926882678757     
   119.02221220301055     
   116.06367444376477     
   113.70246182817880     
   110.37864785883011     
   107.59449323635314     
   106.23605204931522     
   104.64689469364768     
   99.863468064801850     
   97.466157263931649     
   95.001018027857512     
   93.723831100489633     
   89.682679102072754     
   89.050580677868453     
   87.351034858332724     
   85.563247753293581     
   84.599060207702649     
   83.313189906388772     
   79.901232818208229     
   78.019128297646830     
   76.208706506217993     
   73.473079096606739     
   73.098331972121684     
   71.678988642090630     
   69.862205131597875     
   68.618484429471337     
   66.867496307915985     
   65.015826213623029     
   65.088616835855944     
   63.434786659813653     
   61.493802110115169     
   60.196880882608070     
   59.981161851663494     
   57.670243039244852     
   56.154335554270993     
   55.347701846976413     
   53.617211691096742     
   52.798328659548524     
   51.726337641413885     
   50.041633406765044     
   49.731075091511237     
   48.020315015461620     
   46.539312082204248     
   44.430220950630314     
   42.386068526974462     
   1147.5290202168680     
   950.86166825791122     
   811.14026257896830     
   725.06433799516140     
   663.41838082358527     
   620.05195776920584     
   587.23954297567525     
   560.82700332046329     
   531.81399986399435     
   510.70590144788696     
   490.38836639887472     
   472.74823821281905     
   453.69185398598529     
   438.05041202616587     
   422.88947152741650     
   409.28162806742455     
   396.86663772003652     
   384.97350882532112     
   371.14891242780459     
   362.53082234186468     
   353.01209650882163     
   341.49618113326221     
   325.25958330088554     
   318.11432176135202     
   306.52822617087327     
   291.12683884859086     
   281.76876026774283     
   273.00121863151867     
   266.52075950875650     
   258.07447630748248     
   251.03407835116002     
   243.33944046887154     
   238.46553700481576     
   230.83453525165453     
   219.44793605190466     
   213.89303161083458     
   208.63061269588479     
   199.98044137697184     
   196.77147261982785     
   191.02849033937918     
   183.85104088253388     
   181.06665149975723     
   173.02494456167804     
   170.01164289016378     
   163.06985141313510     
   160.65045928074159     
   155.27054163297370     
   152.43172165436818     
   147.02821022814919     
   142.91823581804286     
   138.72752091574574     
   134.37139473184433     
   128.62992432397081     
   126.92936023754521     
   122.36711829399576     
   119.84023686978971     
   115.75127074413267     
   112.15470822004686     
   111.24818058306045     
   106.40012683566098     
   105.01814176206911     
   103.80276723288389     
   101.68683137015474     
   99.442943399334538     
   95.377560276957439     
   93.199866298847496     
   92.840201132966698     
   90.158743101493698     
   86.318439357826122     
   86.674870303271362     
   84.083787700317714     
   83.370747231402902     
   81.000420332776756     
   77.522684466594981     
   76.824802409626869     
   75.242917859834066     
   72.473031042282244     
   71.019166627963131     
   70.751367162997383     
   69.216102135578780     
   66.824744153262799     
   65.673210668367929     
   64.242578621962309     
   63.892089687675188     
   61.957580122019415     
   60.857772576185688     
   59.315446852487227     
   58.811705463055368     
   56.611572290523185     
   55.830037436114310     
   54.162301318286552     
   52.867672757851423     
   51.957529330968370     
   50.917654849551887     
   49.864815100645785     
   48.756447893924076     
   48.081011154373371     
   46.306213486233865     
   43.405783733829601     
   42.440074865789335     
   1177.1014547909410     
   949.32023052633360     
   804.13862712277376     
   711.23650280482673     
   651.64547326670606     
   604.10585848764129     
   570.17023335627505     
   544.56353105633968     
   520.49634229870207     
   496.95931850377735     
   487.28051195912423     
   465.11901997885508     
   445.90092099449254     
   438.94225626270850     
   419.89152366269752     
   408.45719410852359     
   391.34788122885664     
   378.42471860268540     
   368.55180535454502     
   362.26786131638414     
   351.15404539206997     
   335.88590694725281     
   323.98966359742570     
   313.10540662436551     
   302.84758548722903     
   286.50787867190320     
   279.29594898523851     
   274.08222401391703     
   266.30553451625667     
   255.55952014118057     
   248.63440312495783     
   237.83076243958868     
   236.10349945887822     
   225.98698704519933     
   220.34245340339479     
   212.15155259438529     
   205.75831431416634     
   199.74468207978560     
   191.90626848281832     
   187.12284859507136     
   181.40747146914083     
   179.60358112241369     
   174.11664962688585     
   167.01229618801105     
   160.59174373621624     
   157.85090721806313     
   152.83793715927112     
   150.34382480688132     
   144.36358928798353     
   142.75480413432430     
   136.57518698658924     
   133.20704839487544     
   127.16595197353071     
   125.28535695815668     
   118.69766831625660     
   117.87979461842767     
   115.70669102501263     
   111.66496496453074     
   109.40046490312655     
   104.98971148780842     
   104.93195071394177     
   103.27961512843987     
   98.745511870491100     
   97.075849600632750     
   95.061654507623444     
   91.972899650707504     
   91.161580906499282     
   87.274153253322254     
   84.752934448501080     
   83.645081590314135     
   81.553420473843858     
   82.003070911338881     
   79.386300328257391     
   76.677436264633798     
   76.322718687649569     
   74.362634260092108     
   72.386193031588832     
   69.785922580992107     
   69.629954507446200     
   67.322142732566462     
   66.439002503535249     
   66.390080485251218     
   63.801254321019023     
   62.939521923730830     
   61.553153648742793     
   60.983714407985872     
   58.445824183070528     
   57.759861601901505     
   56.392098669578758     
   54.854875119832187     
   53.325923855061021     
   52.406753187750077     
   51.065532241783657     
   50.182111861080962     
   48.899021160163358     
   47.919403670893395     
   47.198439091617622     
   45.409003584111616     
   42.726212964895709     
   41.717180894546715     
   1217.7918242388960     
   980.22819230680511     
   822.40436105140247     
   717.62671316129467     
   655.44163248183065     
   609.58194264925100     
   569.16129080657254     
   543.53471826730606     
   519.15025284076705     
   496.38019677789134     
   480.38324840920001     
   460.35879726327209     
   446.69072431207996     
   437.33982126784588     
   417.67637058072171     
   403.15996569221022     
   388.07086035016073     
   371.12346263178142     
   359.56899419653513     
   360.43411322938596     
   348.02922077130847     
   334.51847862074612     
   321.86287944941841     
   313.93445639968411     
   301.02809866374895     
   289.94291701765604     
   278.45457820232241     
   276.66436164860096     
   269.15224636821898     
   259.09286427487456     
   245.83825759966859     
   236.49812171284105     
   231.90372784787769     
   223.39442504295499     
   219.94498303861664     
   210.80181854841038     
   203.38477834969569     
   198.37688574424277     
   188.67460992968628     
   183.06887623613710     
   177.95740298525030     
   177.12906400374277     
   173.56167370531432     
   164.91039477715802     
   160.69993252762075     
   156.37924130227969     
   151.50927945265605     
   146.69576770133088     
   143.55279629991463     
   141.57300234434439     
   135.49783947874440     
   131.01630851974565     
   126.28713376258776     
   122.15885593444605     
   118.19549434026752     
   116.00426064163779     
   113.67353144449947     
   109.63180410737341     
   106.76564712391816     
   104.39765461848498     
   103.37555254268212     
   100.07402921613870     
   96.522520578344171     
   95.827509134328665     
   91.673587645030210     
   91.089251287305359     
   88.612390450347704     
   86.437834649662463     
   84.560312863044913     
   81.577081602711615     
   81.408015918852271     
   80.218080832116968     
   78.387230758733864     
   75.879893020327927     
   75.138694267544608     
   73.242787566668994     
   71.866854879197092     
   69.512975096046915     
   68.771678388848684     
   66.137992529988097     
   64.959470558494715     
   64.851202126206474     
   62.741699540627877     
   61.806380798444849     
   60.500243482194875     
   58.810567384482063     
   57.904866953450487     
   56.384976781347675     
   55.444578558402100     
   54.129518712516195     
   53.337394983309210     
   52.010905262881273     
   51.579873455112185     
   49.880615810213428     
   47.451867206612611     
   47.896812062445328     
   46.082937877715409     
   43.831871118896167     
   41.987778043782527     
   40.576767225040975     
   1261.3293373179883     
   1014.4324575400800     
   852.61455359214813     
   735.21634927983928     
   658.37190672766724     
   611.89498373502681     
   572.16192332681521     
   546.71127747514504     
   522.54810714102939     
   500.46244772588193     
   473.43928995638413     
   462.87747536493180     
   445.73185337742547     
   438.44088931727589     
   424.20829098256644     
   401.40998207364464     
   385.45525085229860     
   367.24294041441703     
   358.57544050791182     
   363.06937174076040     
   349.84846538268391     
   333.65087986323908     
   326.25111871317534     
   312.53363728374188     
   296.78835971381011     
   291.23368330061589     
   278.95614951931753     
   278.09881762046882     
   266.38648973548442     
   259.33299882952588     
   246.83626085558600     
   238.64647121250215     
   230.24205963493901     
   222.41750857950501     
   218.05458010539743     
   207.17622299583198     
   203.23647666593325     
   197.99708510438705     
   189.98366516576166     
   184.34979586936961     
   177.91544226351596     
   175.40293485830969     
   171.27434371863964     
   162.84653477904067     
   160.31952039283544     
   156.28433931406076     
   150.38671983123720     
   146.53871438122076     
   144.36091003219519     
   141.43395895371970     
   133.06677750770754     
   130.15132477807001     
   125.09099851928393     
   118.54034831304608     
   117.57571602712541     
   117.29298851236514     
   113.86243654322887     
   107.12003441128157     
   106.98487608706321     
   105.44730011323504     
   103.33008827501433     
   97.674727809581668     
   94.319281395468991     
   94.522588028331484     
   89.738850307097593     
   89.566024945300981     
   86.814892256010836     
   85.002002873873494     
   83.355951188514396     
   79.594979781122248     
   81.733806607297225     
   78.529159949722498     
   76.668742312058711     
   74.887712284074055     
   74.562082893746577     
   71.567843335902140     
   70.526171604794868     
   69.183375999080795     
   68.100622193832976     
   65.256456139714260     
   64.858369230501296     
   64.200933788103669     
   62.692677868112099     
   60.544758704967720     
   59.025227539147124     
   57.617437901206429     
   57.105904661059334     
   54.823335052051192     
   54.001668664235986     
   53.698138338000852     
   52.514163687196309     
   51.311458553382160     
   50.357766691954801     
   48.891270305745564     
   47.254781747185987     
   46.988529504819326     
   45.448933793778068     
   42.971906419945697     
   40.917228125170986     
   39.494750048195101     
   1287.6227857507511     
   1042.7286850839514     
   875.23803438770960     
   758.91615126197985     
   669.41150239613717     
   620.20659267656140     
   584.66340379879239     
   547.25932525631674     
   522.88962946561333     
   501.08940356311126     
   481.02882710590961     
   462.02043791104791     
   446.18507249591448     
   439.45872569487034     
   432.41154087287589     
   406.35382776875690     
   375.80471758720313     
   365.98649488146179     
   354.87969026131015     
   360.58526674658509     
   345.51767198516910     
   330.55880713021520     
   322.44521140348650     
   313.87707110911776     
   297.06240395234204     
   286.01186855230537     
   277.70476416783896     
   280.00444160778108     
   264.74812680853455     
   256.68817860652354     
   243.77565818478121     
   235.08388428468723     
   230.96426574923507     
   220.71325630134149     
   216.22746643419470     
   205.92438895110402     
   204.55041640256110     
   197.79254257771589     
   190.84485097686522     
   188.88907817211765     
   175.87090777626571     
   174.42899432089121     
   170.97408848537177     
   161.89886227273348     
   159.76536021209802     
   154.00038608919402     
   148.83227714334453     
   145.48492729684503     
   142.22802896882087     
   138.99854884444949     
   131.55397767137043     
   129.70023982897655     
   127.09312748382040     
   119.23814037665130     
   118.41567161906542     
   117.61325063693612     
   111.00624268162214     
   105.62961309548307     
   105.59786200656484     
   105.77095911304588     
   104.41003760361090     
   97.450842410954692     
   93.789682256239459     
   92.100118051960351     
   88.141965127821166     
   88.006878754179127     
   85.866998260763395     
   83.167841201794175     
   82.969461885903215     
   79.577141304836317     
   80.066897269595785     
   78.559120522800612     
   76.721061410125174     
   74.803966501833116     
   73.813021163482460     
   71.977802141756868     
   69.924758989874874     
   68.787368733826753     
   68.108721110942980     
   66.200221538294343     
   64.679556290892776     
   63.045243459729974     
   61.921724561305560     
   60.467094824665359     
   58.841000461229200     
   57.199890098922722     
   56.182427003659761     
   54.871145967521684     
   53.706970364553946     
   52.704396445619466     
   51.651235493009700     
   50.911539336451639     
   48.854652652487061     
   48.330540546508864     
   46.602551462176692     
   45.391522638066490     
   44.519403730763777     
   41.912815828843478     
   40.218758031098062     
   38.296886420652029     
   1312.3345120511224     
   1081.1234709701905     
   902.88026762726122     
   790.88085890865136     
   685.80637075557661     
   634.43820372696860     
   591.90580449136985     
   539.47510633748720     
   523.22957512427229     
   493.02399180801490     
   484.58428370935121     
   459.08898736020103     
   455.01728247980145     
   437.06970570569592     
   435.21159007199333     
   408.47506467802174     
   374.55424745739379     
   366.36071957775931     
   358.11170776473858     
   351.71786585426776     
   341.83604689716026     
   327.84888825169514     
   314.47466816321923     
   303.94806586893355     
   293.92251881334550     
   283.93214867565575     
   278.50201800747152     
   281.30970097549061     
   262.36112018538404     
   255.89850359166360     
   241.85548438558692     
   238.70190739444342     
   228.74068659580325     
   220.12565060014219     
   211.20420157131170     
   205.63148093104911     
   202.01934689597644     
   201.11507602045052     
   190.95026888126637     
   188.15250960180308     
   174.97172293630672     
   171.92616631671331     
   169.02303268184056     
   164.87378494702264     
   157.00464136342410     
   155.33381422751447     
   146.74425184432201     
   144.24118001175654     
   143.51448644979882     
   136.25626181667084     
   130.90450844040669     
   129.31430272604766     
   122.67096914551500     
   123.06845130617820     
   118.32769309509419     
   115.88116444530090     
   110.30830848533243     
   105.17313807085534     
   104.85596779362977     
   103.23176486088882     
   104.01217321856076     
   95.786387734599771     
   94.272155285857721     
   89.744342641299284     
   87.894148415102421     
   87.043409160768690     
   84.717408373091885     
   82.943802969662613     
   83.184897844410898     
   78.114594351207145     
   79.552304777552806     
   78.458217470078381     
   76.776224879180717     
   74.360128834971178     
   72.541789660595143     
   71.972552673015059     
   69.775965788886126     
   68.355069563980265     
   66.993450831361088     
   64.850531954709368     
   64.468564761297273     
   63.030301957507930     
   61.067672775608919     
   59.246060915242552     
   58.343825950852754     
   56.192405199006529     
   54.769786113022498     
   54.111241474162306     
   52.872079155799184     
   51.666924846168179     
   50.827420718014210     
   49.635673531134984     
   47.893834558234552     
   47.198349386674309     
   45.532591750329907     
   44.706590740166199     
   43.791585808525667     
   41.617989514040715     
   39.760988583390109     
   38.467100300444784     
   1339.5639299720315     
   1110.3549569659442     
   930.19206764968442     
   824.26822077538930     
   717.34297361011681     
   649.19069461270135     
   593.54982838738306     
   543.72426432168254     
   532.21938130694502     
   500.54025601510580     
   482.48538128279051     
   459.32209567911389     
   454.28582368163723     
   441.77577254885148     
   422.94913287367490     
   404.10710353129065     
   378.98678160814052     
   364.52670940415453     
   354.74019091360191     
   347.81883745427388     
   342.12391497416985     
   329.10287333709294     
   316.65996238018602     
   308.53377913574332     
   290.87103792589335     
   283.73630091795337     
   271.05163346706939     
   281.27095181388552     
   254.88503833084013     
   251.68360994098768     
   237.00631693139587     
   234.45901498605667     
   227.56886192291336     
   220.80504850509584     
   211.77047057572375     
   204.55983829207716     
   204.00564644630043     
   200.90961393732192     
   195.00498464446079     
   184.11408290062920     
   179.01055279181173     
   176.77377643882716     
   171.68461475695170     
   162.09118981902679     
   160.84693657328856     
   153.88730469022877     
   148.47939343551465     
   145.50172419570339     
   143.93764980551509     
   136.16198377426076     
   128.64154612121533     
   128.93576461898652     
   124.68469997459941     
   122.11745780019430     
   117.97607105131387     
   113.23156477274097     
   108.39146000640210     
   105.20951422827928     
   105.15500116832469     
   104.61625064980670     
   101.88616403170629     
   94.650357525825484     
   92.926894433955084     
   89.657884732540523     
   87.170234760021032     
   84.968271108275232     
   84.984104305087001     
   83.140112058861561     
   82.549827053766990     
   79.592500972243784     
   79.464721411865867     
   77.526077951108419     
   75.425536655644422     
   74.395187398209430     
   72.260154268091497     
   70.742652324363874     
   69.715112865419968     
   68.868802646414380     
   66.490279655657176     
   64.768131205630354     
   63.961438907607366     
   62.266256943210223     
   60.522663752832713     
   59.071180830846615     
   58.465644276856281     
   56.399721338079672     
   54.505626961350174     
   53.724882566864892     
   52.383661121560614     
   51.221618497170510     
   50.853908627327918     
   48.670673341369572     
   47.411673514663235     
   46.936341970948057     
   45.762932750778660     
   44.541210560188155     
   43.703363747080516     
   41.244248734620172     
   39.531000974961657     
   37.880983557055679     
   1348.4748736571328     
   1131.9273115949857     
   968.68093319807008     
   857.14652405888921     
   742.85781352642118     
   666.07965017941228     
   599.74830017183706     
   550.22828870477770     
   544.53279048262880     
   520.05837455192579     
   484.40440493434221     
   457.69002842652458     
   438.51282917782447     
   418.57700866791959     
   410.14488852106638     
   395.04833869673348     
   384.63684148991888     
   376.84821222668847     
   354.81934808942219     
   350.31035210178675     
   343.43783462411562     
   325.37095458114106     
   307.46437451420888     
   305.76039433041478     
   277.07018208882818     
   285.40914249092759     
   273.20220583541771     
   284.63366701949639     
   263.18424488862621     
   246.69511483602005     
   232.12195247279422     
   226.01314601463812     
   224.92052306811112     
   222.99506856159923     
   209.56265458354389     
   211.08440624693671     
   207.53400125013843     
   201.75489616350876     
   197.94787968998406     
   183.28299806094162     
   179.73477480550383     
   177.75083162096104     
   173.82790844946351     
   159.03768542297655     
   157.12113794869535     
   150.32563898183568     
   147.56023349036795     
   144.90594570217479     
   142.87152423870162     
   135.08237796256310     
   128.40587450235626     
   130.93641426566603     
   127.52689908212915     
   123.23446450903388     
   117.90773635137390     
   113.76366717586191     
   107.27653019219959     
   104.58989635827646     
   106.54876134572277     
   103.56887015142742     
   100.58670042457531     
   93.573203160492923     
   91.344063759411767     
   87.325297447445507     
   86.703004426319680     
   84.140114655679028     
   84.390439941805795     
   82.728462570033443     
   83.315228737644247     
   80.532388265804215     
   77.851089808619122     
   77.525468482775452     
   73.597521411807548     
   73.924717623246622     
   72.203100451627137     
   71.529453563963173     
   69.729495308298837     
   68.117459883273625     
   66.492884415583802     
   63.971088478203413     
   62.883376670449827     
   61.656651885347685     
   60.000565877622378     
   58.386064957925925     
   57.046459925032373     
   55.251864613378423     
   54.068809634066547     
   53.457674721855497     
   51.851072182200006     
   51.622324241354796     
   50.494278161482171     
   48.271413330516026     
   47.409656701304705     
   46.548098818409571     
   44.842958806447555     
   44.204207143917159     
   42.835389085710020     
   40.619551277794741     
   39.180608151741467     
   37.733716393757000     
   1331.3545695390312     
   1151.7458676703272     
   991.07752024177694     
   878.17818334502158     
   758.37914481545465     
   662.72090350227654     
   603.53578313753860     
   552.10912959707400     
   537.53321855961281     
   536.28994008434631     
   488.07380324941835     
   450.49228056147780     
   416.51893559686096     
   423.77418688866464     
   418.96077348561215     
   398.16131150125079     
   385.39315335739025     
   375.47448913949427     
   370.12822182575269     
   359.37602042963897     
   342.75351574798628     
   333.84651917447474     
   306.29763337580926     
   303.59610082969459     
   281.56028411251214     
   278.60421887729933     
   270.29956539550585     
   284.95546811929762     
   267.66749004355830     
   243.61342063646160     
   229.26977956533372     
   223.89329283100810     
   221.99765800377452     
   224.37340896357858     
   205.10877546226840     
   214.59878282136168     
   208.52168268192648     
   203.36935546954288     
   195.41492912855145     
   183.14754312017334     
   180.37386759087204     
   181.74898857644834     
   176.90420343284620     
   160.84481763623441     
   155.71807832453518     
   152.18713188781942     
   149.23564873110075     
   145.14038720469705     
   138.30121632033945     
   132.09502799859709     
   131.10826620299554     
   133.72206287403259     
   128.82303711425493     
   124.22684546460096     
   116.44144649717175     
   113.89222592531456     
   111.56340550151751     
   105.69371621890288     
   106.66951633131879     
   103.54536025413006     
   97.238629737305914     
   92.492535913487217     
   89.776691047301824     
   88.075897861548398     
   86.872921956002742     
   85.455735688797404     
   85.211918565547677     
   82.947638751978204     
   84.323098872274485     
   79.186603232380691     
   77.260960173550941     
   77.205168327485666     
   74.833823596864463     
   74.309572242574717     
   71.585472633725331     
   71.838464913941678     
   68.967360897428463     
   65.886744014829532     
   65.355679581645305     
   63.335606759580948     
   63.166917578427878     
   61.114231735535142     
   60.313869905591446     
   57.383535245860323     
   55.715832918991985     
   55.129929711332480     
   54.008806411888486     
   53.108908502825322     
   52.035920592138595     
   50.603315343242357     
   49.628446207672035     
   47.906573736842489     
   46.632080986010742     
   45.951590939816967     
   44.913976737253364     
   43.765393321277330     
   42.648269053082927     
   41.031813300476621     
   39.278594575272351     
   36.790436323991933     
   1345.8812432035429     
   1170.4309213960098     
   1007.0899279846766     
   905.43035579074649     
   776.85286382310323     
   671.72458337211413     
   611.18339988578805     
   548.24189935071365     
   531.59807033084303     
   504.04759609643696     
   486.20608854946562     
   446.78430848942469     
   431.51785376119454     
   419.89241491971507     
   420.40588191145770     
   395.42007128782689     
   378.63649404545095     
   367.81393984933675     
   383.56574087187801     
   361.15907721403846     
   335.33399090302834     
   325.59357460665052     
   319.93074716391135     
   303.98712525430483     
   279.57606958275443     
   278.78531530193482     
   273.15551807744731     
   276.62100894892149     
   269.76134770007934     
   235.74422198824118     
   223.98861573412336     
   218.37706954228094     
   228.84802788834733     
   221.03943767661266     
   210.31606831970100     
   217.44600270137110     
   209.20748383797854     
   201.74934184274690     
   193.22029143272931     
   180.96102355083309     
   178.99223285798286     
   181.17101475095851     
   173.60611189752439     
   160.22426014196432     
   151.57410157673030     
   148.89623394017417     
   152.00311864298982     
   143.24297687350017     
   133.21203738189161     
   132.35572708328192     
   130.21069175344860     
   131.61528160092558     
   127.35820361829852     
   123.96138723930184     
   117.22600686717708     
   115.46389471261971     
   112.62490419582087     
   105.68826699378317     
   105.94232334214564     
   103.93954521818081     
   94.830750300527086     
   91.996998833382008     
   89.161369672442220     
   88.235089087272200     
   85.033176170237695     
   85.556883392192447     
   85.376040053414613     
   82.189469098820538     
   83.978589659693228     
   79.896572233055934     
   76.169302874033974     
   75.706556843491839     
   73.355802735296450     
   72.592752184316637     
   71.810711210354611     
   71.097405453813280     
   68.976339387395001     
   65.781039934098814     
   65.104311635202265     
   62.706474576901293     
   62.574414602296230     
   61.740634960231723     
   60.451368110594046     
   57.906231161075965     
   55.654537379412261     
   56.156776824044996     
   53.799570388152588     
   52.944499420883560     
   52.269704528823837     
   50.634560999156577     
   49.354003658821384     
   48.047488539649436     
   46.356444337359363     
   45.357186228690907     
   44.650206596823637     
   43.358414059897385     
   42.913029436940626     
   41.130706533711802     
   38.533095986066833     
   36.798758011284136     
   1351.9222184594091     
   1189.3615063176153     
   1051.0731952695949     
   921.83996831425611     
   786.28801857288659     
   666.89976708193967     
   621.06481682374681     
   545.45354946110001     
   523.89568611604841     
   497.93438954559002     
   481.62150470437155     
   428.56600284186635     
   416.88168629644258     
   409.97893896290367     
   428.65948392272054     
   405.33809102062150     
   373.51771268063146     
   365.43788769496530     
   371.21408694742229     
   349.03880279859703     
   337.82400337167235     
   326.62699214963504     
   324.62533332055170     
   302.25018125151968     
   273.15397490323397     
   285.01526387293165     
   270.27103653151471     
   286.00230475247480     
   251.16183882272912     
   230.22341174953800     
   225.91523568723721     
   228.05316393429155     
   234.17095057572777     
   225.61501089910701     
   218.72784700357960     
   216.66502762723994     
   207.40919409552052     
   195.56635553671140     
   194.75853175977224     
   186.91370283705538     
   185.29402454347851     
   185.99222334728421     
   169.20720385894370     
   156.91592445252016     
   155.20743869925053     
   145.47009390958047     
   148.72981070677491     
   141.57974088694522     
   133.29055825904629     
   132.99084082803969     
   130.69827608588011     
   128.67374371860981     
   129.03036911282200     
   119.59625447792908     
   116.67805053081725     
   115.89304850556060     
   112.18474770665954     
   105.08579662638418     
   106.73914978461274     
   105.25685647908101     
   95.002800043126911     
   92.306437167133964     
   89.237257340965769     
   88.819989997461406     
   86.433872297416769     
   87.020847550760664     
   84.648893140480254     
   81.795902120813224     
   83.205284450616716     
   80.620324628665415     
   77.580543879665896     
   75.402358256373930     
   74.691657676911461     
   72.464104265585590     
   70.254349296225413     
   71.096225393626753     
   69.318312404741405     
   65.740518552448805     
   64.514278350776621     
   63.229928587681812     
   62.840050766818052     
   61.638799699649930     
   60.552745900554015     
   58.401921809438704     
   55.623028900327000     
   55.394090875817760     
   52.608748801812261     
   51.943681361330995     
   51.542851707618325     
   50.192526044842893     
   48.697169238592132     
   47.968172440395385     
   47.007399511223994     
   45.640392148913087     
   44.316641370116415     
   43.001635904852385     
   42.452722643723739     
   40.609904141236882     
   38.551223841553103     
   36.142870461818184     
   1357.8980872323655     
   1211.8032977680959     
   1070.7207633517846     
   920.16713045508425     
   814.00512241486501     
   676.52626968908339     
   628.67072475890780     
   562.28086835022702     
   515.19746744571933     
   495.05880073775751     
   494.11288221070475     
   442.67759071216130     
   417.41988563857109     
   397.40752143891569     
   435.09619527878868     
   411.97237408969056     
   377.83264375928525     
   360.91374079613627     
   379.79940175140354     
   343.15892124145194     
   345.09288621279728     
   337.49012639349735     
   334.95966498511797     
   313.45379199174585     
   278.18039345438427     
   276.87186034179632     
   269.86754353678378     
   288.15945742911373     
   236.53661231629962     
   220.57926002447678     
   232.69469338421428     
   230.11837806033793     
   225.90324112880040     
   221.34325692357712     
   222.04726403928714     
   213.94168586805012     
   197.64649014842348     
   190.49697733527998     
   196.85915876024629     
   196.07256684777906     
   184.11832213969765     
   187.64454201292770     
   163.42059701694879     
   160.17246668756056     
   158.66322314740830     
   148.04898693317236     
   146.98731910268998     
   143.75055335108709     
   133.88601171805132     
   129.06999630892312     
   131.10848616063578     
   130.24476163922867     
   128.25560609837129     
   121.17528840909098     
   118.74649694959253     
   115.00916913606079     
   111.90747616448310     
   104.88221690808560     
   105.92999201720306     
   103.97456051651525     
   96.619146223088947     
   93.949033483300113     
   93.125624320351989     
   88.326852366339125     
   87.317615375241971     
   86.374647501805853     
   85.740484039233309     
   82.294167140263511     
   82.454694956159813     
   80.907271314431313     
   77.113500832720717     
   75.028193345254110     
   74.147568098486829     
   73.396730145606170     
   70.425067420248610     
   71.279488878375332     
   68.628542557022570     
   66.311401915262891     
   65.486097462632330     
   63.169461960351256     
   61.945501750228580     
   61.176267740423739     
   60.067423976749652     
   57.830133507100633     
   54.992171574631499     
   54.635508123155944     
   53.500282625688250     
   51.407166112554741     
   51.310490973252421     
   50.162089004355018     
   48.732909322379584     
   48.126633104856339     
   47.217613412704807     
   45.716221807929415     
   44.562626952145827     
   43.169690922033290     
   40.704012464864370     
   39.410322374456982     
   37.853860692633248     
   35.895680027730428     
   1363.2634567758760     
   1223.2454427848875     
   1076.4689967059435     
   934.42884145481707     
   819.77112417484477     
   698.51491385034160     
   647.04796735311061     
   581.77629131904075     
   518.65689460875160     
   499.63721431094922     
   481.92857335472206     
   413.77099466800297     
   402.12805425628278     
   418.83415534685440     
   416.37651179270597     
   406.10434052414507     
   374.48784750510151     
   357.70550614367829     
   381.46078330070225     
   335.23762693406240     
   334.87294661899830     
   336.54122579429918     
   332.94684696837368     
   318.04983652997515     
   273.78049838228640     
   272.09995653358880     
   273.28289410943535     
   272.01266928657469     
   242.25300152131666     
   214.86063637569970     
   211.80883753541849     
   227.86763192107642     
   224.82779625929709     
   222.55888838129286     
   228.60504275241868     
   211.31763887209661     
   193.31481092475588     
   190.36615981819946     
   195.09863307796192     
   197.05172260848127     
   188.37266934199292     
   181.90663967439886     
   164.48407822950514     
   161.52403215282203     
   154.69818151516262     
   150.07523642617883     
   144.88870412089818     
   141.75016811133361     
   137.13948682745303     
   129.40971044273101     
   134.76741607423838     
   134.66105796990195     
   127.45409438569013     
   118.30997624414550     
   114.64364051467327     
   112.51629741148045     
   107.71248134528344     
   103.26173414478984     
   104.59215431721407     
   103.19940649752898     
   95.050590181784685     
   93.634644828660953     
   93.835330611190599     
   88.847419617947054     
   88.561559355975405     
   87.466117438360399     
   84.497854735738628     
   81.479006941881025     
   80.147626999809830     
   78.562619731815076     
   74.630048345068332     
   75.016813430423895     
   72.532008494083570     
   72.750151971047629     
   70.606138806371490     
   71.517935482390968     
   67.850136440182084     
   64.087704734662879     
   64.188923626700614     
   62.767267734302486     
   61.498488736072730     
   61.221945569158741     
   60.653268442559494     
   57.867803767020284     
   56.639487043753377     
   53.688428201376688     
   52.325710750443534     
   51.085544907433352     
   50.472780148660561     
   49.131933408494717     
   48.764398843858530     
   47.967585712295630     
   46.732428287591198     
   45.609634655582681     
   44.059280523023276     
   42.496846953656068     
   40.350844795355400     
   39.828396092474406     
   38.440678396283921     
   35.627782616085945     
   1377.9688411714378     
   1210.6601343241480     
   1077.2688765092366     
   954.86621256638091     
   829.66855216692056     
   713.02960104985755     
   609.18021692082687     
   573.19749808485108     
   534.16008823013817     
   488.38612782260111     
   459.00549296673114     
   381.04296524156274     
   405.55086176110433     
   427.70822530946401     
   402.94740130942796     
   427.67393317440724     
   376.38818544943496     
   340.26726634776617     
   387.14774530977422     
   333.53691265909140     
   331.04928233215264     
   318.92953068267207     
   305.60917219336568     
   319.44681654991967     
   280.23200907668087     
   261.46621559714475     
   256.27261777579963     
   261.75382888888976     
   238.29055783510668     
   208.44720049189300     
   212.99856806075326     
   231.37230672505902     
   225.46977235482854     
   216.50187611950898     
   219.78993985285592     
   212.39575921307772     
   201.70694553440185     
   183.84580737072844     
   196.27474206091426     
   192.56469278778047     
   187.70427062866176     
   180.97567462342386     
   172.83314008952169     
   159.60196178386599     
   149.34771142758919     
   145.72519516712788     
   148.91426688136647     
   136.15032347456412     
   137.55754117562961     
   130.85393352585456     
   135.35680507287495     
   135.11326012821303     
   127.68751665186508     
   115.72357504982740     
   115.21618481551545     
   111.77458760320124     
   106.91005117030376     
   101.43592131914835     
   104.31192552314805     
   99.401813509819888     
   91.895187892449385     
   94.823607628379165     
   93.864394720293504     
   89.565699983951831     
   87.218315934719612     
   87.308905250408174     
   84.763562184851054     
   79.740331195204888     
   79.264259713484250     
   78.536628709078286     
   75.330348855431993     
   74.390025970739401     
   74.305478767111424     
   74.477124110005036     
   70.904058684772394     
   71.636264569556090     
   67.831462289152356     
   64.054966901159375     
   63.951613628420745     
   63.037795322868327     
   61.884226441552244     
   61.625477484423627     
   59.851575658234793     
   58.909321116730418     
   57.171050579765478     
   53.634025627108862     
   52.967620445576586     
   51.315451510583202     
   50.319400247298610     
   49.660019165207331     
   47.580176253731736     
   47.651361896395890     
   47.321906748743125     
   44.893553540960575     
   44.036940953823311     
   42.261194276198680     
   40.782336864966169     
   40.461313308563199     
   39.061360529783492     
   36.025190723546700     
