           1
        3200
           1
   1052.1178098046194     
   987.60490044081735     
   940.98952828282927     
   906.43167457847278     
   877.31222094656209     
   853.52556706267001     
   828.29166160739578     
   801.35133249404021     
   776.69164276229424     
   755.66532432360168     
   733.69702147549674     
   711.50037595265815     
   689.44740678089124     
   666.75369405007837     
   645.38403640652018     
   624.11350935603070     
   603.04306193080595     
   581.90697832333603     
   561.85722441590110     
   542.95417307232469     
   524.87819353086059     
   507.73883464881305     
   491.78549785739278     
   476.95438390174951     
   461.67993850180238     
   445.31919805959967     
   431.35813327043138     
   417.85779388588645     
   405.53563891216396     
   392.06456024944714     
   379.52835874842674     
   368.82571544189994     
   358.81669364035321     
   347.82603747372332     
   339.00913363489894     
   328.62024567554658     
   320.18602139077956     
   310.67467224561562     
   302.95622218155017     
   294.77440400955595     
   286.64433798007855     
   279.32104222799188     
   271.92506759538253     
   265.52392464299425     
   258.74008048816722     
   252.09759255217162     
   245.25608126320253     
   238.81436549475984     
   233.18895507504456     
   226.89504618833772     
   221.37455302047692     
   215.12238870062166     
   209.84001396760553     
   204.82620105982164     
   199.24169549669531     
   194.27929011671748     
   189.27114008146739     
   184.59322351852703     
   179.65053563865129     
   175.32426811180426     
   170.56611424527770     
   166.28422886456053     
   161.54566523891785     
   157.37914501437069     
   153.29830375258922     
   149.46172362604071     
   145.40196042047543     
   141.32989935340606     
   137.72888362622157     
   134.08805302571272     
   130.50414783588437     
   126.59417694378809     
   123.19852765160113     
   119.98252197328227     
   116.52231326197435     
   113.49479214219913     
   110.41246023582116     
   107.53639937918541     
   104.54714600484972     
   101.46884817421162     
   98.938812883106777     
   96.301423273111453     
   93.534552400702211     
   90.910209676321827     
   88.347182324417204     
   85.886377630808198     
   83.578066964719540     
   81.282453239442319     
   79.155996468852948     
   77.180820122057256     
   75.057325458999529     
   72.868714381052797     
   71.148334603029397     
   69.383430364213638     
   67.438012323782814     
   65.778355594615107     
   64.222888322102605     
   62.651266172060552     
   61.082454853817545     
   59.492759055303466     
   1073.8589295810027     
   1029.9285153233593     
   980.63207119837534     
   942.16581296645825     
   908.75506303385578     
   877.94752012277911     
   848.55970565193354     
   821.95407528157170     
   796.49490598759712     
   771.59024564302126     
   746.00470464131672     
   720.63250052146066     
   696.30711732273448     
   672.44245592202788     
   647.91958814570285     
   623.76954396327460     
   602.39016639215811     
   581.74450174630533     
   563.14159660607572     
   543.56305773421980     
   526.23065953973617     
   508.78935807695098     
   492.98756544223801     
   478.16712900834574     
   462.54560162107248     
   448.06899206132363     
   434.61442288609430     
   420.77151816092436     
   407.88204739739535     
   394.87800376085943     
   383.67627695023549     
   372.80162214463019     
   360.65492608277583     
   349.82007106927108     
   340.15099920591257     
   330.41944649949505     
   321.44382502087274     
   312.27544937395567     
   303.59157832927087     
   294.96303604713705     
   286.05580342903443     
   278.67716992627254     
   271.57104952650968     
   264.41382296603274     
   256.96612178483684     
   249.49422056977971     
   242.42801513236182     
   235.97430976573972     
   229.44560795466248     
   223.95022361592007     
   217.04813889398898     
   211.17343792430154     
   205.17809175239779     
   199.17987083128696     
   194.09622203735356     
   188.61337532918446     
   183.11058268033594     
   177.78539692746554     
   173.08348785046735     
   168.47970429071657     
   163.69036226226046     
   158.83651119832285     
   154.14363025333202     
   149.67091974368685     
   145.17127286256033     
   140.95334839094613     
   136.64454663176872     
   132.64464892148271     
   128.84260655192929     
   125.09402223962772     
   121.34583271992553     
   117.68728315996688     
   114.09600124733782     
   111.16866950823862     
   107.35615162243457     
   104.10457177064991     
   101.08608166893910     
   98.095438907483285     
   95.024077327108103     
   92.218394697581687     
   89.224178740213588     
   86.441146568374052     
   84.093023251226469     
   81.244062857380797     
   78.742691299360871     
   76.316746484207172     
   74.120395564310172     
   71.998349972401414     
   69.793981288785488     
   67.919851236594297     
   65.835717011225782     
   64.230130375108160     
   62.520801435581276     
   60.581699812482107     
   59.049251560712840     
   57.505532221579330     
   55.991761573105329     
   54.748688386825279     
   53.424412983371255     
   52.065570112182726     
   1076.8359562948183     
   1037.4432161557693     
   1004.7026893038926     
   970.02996003436579     
   933.51834525265792     
   898.78250106462065     
   865.81075037551432     
   834.90946700200755     
   806.36851645027969     
   779.14887357890530     
   750.82326005148445     
   723.21529711878713     
   697.28637621428265     
   671.30387985903042     
   647.61428687282546     
   624.42522568453433     
   602.77005754342986     
   580.92623610723570     
   561.37038773529082     
   542.43024248442839     
   524.55305022725270     
   506.81388494913801     
   490.74761429870074     
   475.39232135643806     
   459.27422965862013     
   444.42301932792247     
   428.72463067023494     
   416.58765836646307     
   405.43870969985852     
   392.14418377635997     
   379.67116393976471     
   368.00151156611969     
   357.38659266879176     
   346.31138802031211     
   335.52572255219690     
   324.97428957175151     
   315.02223128726314     
   305.60895786456348     
   297.15677341580204     
   287.48838920746255     
   278.26939976491366     
   271.05429901926522     
   262.74082225246173     
   255.54224280074925     
   248.15836940888576     
   240.02698505909356     
   233.17147938012079     
   225.85385284245137     
   219.48274497434593     
   212.91052844304539     
   206.74836803804260     
   201.33363902104603     
   194.30499921313617     
   188.75542319826840     
   183.55392972615658     
   177.79739821988821     
   172.05834256097882     
   166.63907022283229     
   161.50405181347196     
   156.94995139741803     
   152.33888360693851     
   147.77379647123183     
   143.18744048781761     
   138.10777703500040     
   133.26894689441596     
   129.38492091024187     
   125.26248669319898     
   121.20660891862561     
   117.08582883701541     
   113.43188477380994     
   109.80860935340266     
   106.08177096523721     
   102.27228228079221     
   99.314502071969258     
   95.818187041339257     
   92.370777519418013     
   89.293676691590278     
   86.213620847350114     
   84.163338211383646     
   81.585418664657311     
   78.549896063294838     
   76.369378740639831     
   73.924961011258361     
   71.758152682497098     
   69.518435366708175     
   67.718150682848162     
   65.380550512426851     
   63.285843068208308     
   61.894234827877504     
   60.213669926093303     
   58.540638442223418     
   57.289409382373414     
   55.497082681809196     
   53.337546495106317     
   52.220915030473734     
   50.660359560762274     
   49.363088968667640     
   47.852429446895670     
   46.641231923430581     
   45.763990797515675     
   1082.4511569378278     
   1041.7993949456513     
   1011.6315723023351     
   980.87560601270775     
   945.49569149583203     
   909.83417487351585     
   873.73914225032081     
   842.51265325371946     
   810.23663854568156     
   778.11825484455369     
   746.59289702517424     
   718.62122803367629     
   689.38333685859300     
   663.59736984425444     
   638.29368603261776     
   615.15572327519078     
   594.63954151985035     
   574.62457126234165     
   556.28628859909190     
   536.63035472024899     
   518.69439104540493     
   501.24366520399394     
   484.56135465410210     
   468.29767847472237     
   453.28546991531289     
   437.00144513744942     
   422.22498659561359     
   409.24319860759698     
   396.43628540047121     
   383.33426771229574     
   370.74241422426667     
   359.26258076714760     
   347.69903785544687     
   335.54925731322351     
   325.87603652279557     
   316.09223278840261     
   305.59284475363933     
   295.82272843191504     
   286.44035044316593     
   277.45763409727766     
   268.71140902605566     
   260.19011144909018     
   251.45669421715155     
   243.55257536497453     
   235.05427839220320     
   227.91117130643212     
   220.03211232593472     
   213.12833524399781     
   206.07067050071618     
   200.05836267460978     
   193.28384294132235     
   186.84215982628427     
   181.01337915245469     
   174.34867873907848     
   168.26484900501501     
   162.81869936959231     
   157.17485825728181     
   152.59273283428581     
   147.89064214904548     
   142.60025473423184     
   137.45654238533734     
   132.91109291991441     
   127.89032308683937     
   123.23296952985406     
   119.87615736074568     
   115.74033091015991     
   111.12971890470868     
   107.46058857891572     
   104.76649209323639     
   101.79265368163794     
   98.016103296166449     
   94.336235652375692     
   90.895703300248982     
   88.505374229141353     
   84.735151803650908     
   82.602167992382817     
   79.672983856264963     
   77.455916117416038     
   74.574658516595804     
   71.569156163649922     
   68.670047531574767     
   67.390164030842470     
   65.001642717163051     
   62.910936139098439     
   61.203759678042502     
   59.319524905333644     
   57.541324472278731     
   55.634775673642530     
   53.919751961394851     
   52.927399240321876     
   51.042878212460671     
   50.269273630654808     
   49.127769386814407     
   47.994534073211760     
   46.438603877962052     
   44.490715417511488     
   43.308636901683442     
   42.173834971684968     
   40.663141357708653     
   39.510816724222721     
   1091.6798671747724     
   1047.1359627422205     
   1011.6794782825722     
   982.82745149194693     
   950.06443967422342     
   915.02788360974853     
   878.69160837986874     
   841.61660305961459     
   806.23668375077591     
   772.00945562814991     
   740.24171667335668     
   710.03443953318390     
   683.96681607161952     
   658.63830842640073     
   633.38220118901131     
   610.88991408814729     
   589.56010888660933     
   568.63750547729887     
   547.38280890282897     
   529.16408399634031     
   511.59791128320387     
   492.75397186462828     
   475.49234361694141     
   460.91168872949419     
   443.32453731739361     
   428.15104513125721     
   413.91537641904318     
   400.35972446911347     
   386.90125995158991     
   372.55519502988852     
   359.74921658110992     
   346.25879089635970     
   333.82799876382882     
   321.36607543856951     
   311.36535727532885     
   300.23629515456111     
   290.30536515299616     
   281.22889286025492     
   271.49371652087450     
   262.27468508912079     
   251.70479924680328     
   243.09814537655973     
   234.12912954623937     
   225.95737926964196     
   216.94599743992893     
   209.63606983764319     
   203.88254255604025     
   196.54984357145716     
   188.80832196250935     
   182.86053982586006     
   176.12408912007524     
   169.17250813443803     
   163.80681926103409     
   157.90538273846420     
   151.97326422478838     
   146.67041484455626     
   141.66565071795000     
   136.59549587396560     
   132.39162989020917     
   127.42343719898439     
   122.15244537854578     
   117.24038503671007     
   113.84444692353287     
   109.99041744412095     
   105.64073488880327     
   102.59992708400020     
   98.570667433069602     
   96.684999823352499     
   94.254806038623769     
   90.996536168753465     
   87.572205739736859     
   84.366620048339001     
   81.100920831893546     
   78.497863237335039     
   75.849377034234209     
   72.808497289657694     
   71.112699183556472     
   69.444221268245812     
   67.172891756718656     
   65.682522144422578     
   62.798684295500969     
   61.537176518596709     
   59.552106547620838     
   58.110261437323942     
   56.456074453423163     
   54.431678433369143     
   53.175906179082538     
   51.938493480341357     
   51.204916808591463     
   50.050141546788488     
   47.779294617705304     
   47.344481603127235     
   45.387343673548372     
   44.233328279084482     
   43.965982942286104     
   43.309873547574149     
   41.600305236874306     
   40.004437978620984     
   38.933292112422251     
   37.312345854521432     
   1094.5254742914590     
   1051.9093479294743     
   1019.2745029729737     
   984.12079728023741     
   947.18473851079261     
   908.74928265308154     
   873.31987386480682     
   835.75730621762466     
   797.06517262096952     
   760.88610159999212     
   729.81129216044519     
   701.09746076904344     
   673.33081363071290     
   648.45338781126497     
   624.02784081810762     
   600.26278620393327     
   577.60390881947342     
   557.24399112006574     
   536.02265869893210     
   514.53350014345085     
   497.67134381580388     
   479.27699983300522     
   461.02808063691612     
   444.07755830211016     
   428.11522746291797     
   411.09193808113616     
   396.23911164446616     
   382.19937447305909     
   368.87318085142113     
   354.13086307069972     
   339.99812546159455     
   326.69764291441339     
   314.07509873330133     
   302.17625225166739     
   290.60016525810539     
   279.33888658349468     
   269.27045426082793     
   257.25208802039543     
   246.60767501435470     
   236.92517684582813     
   230.43303884385756     
   221.25187918303155     
   212.56395661765958     
   204.52731927334443     
   196.23340269892060     
   188.64502051508356     
   183.69229268014305     
   176.98353100635103     
   171.46605628604522     
   164.75792455235836     
   158.28448885465858     
   153.72296346787545     
   147.64741407636748     
   142.20728100581425     
   138.00492786215844     
   132.15095393722456     
   128.00029130629349     
   123.69157475529400     
   119.52696224826924     
   114.57898962284651     
   111.33948553089274     
   107.81767537243027     
   104.40552248172054     
   100.03855984007076     
   97.201604544111106     
   94.342675956704696     
   91.917266658125541     
   90.007074489035233     
   86.177324219416562     
   83.375111684036511     
   81.301920770124056     
   78.200910185233084     
   75.211620945540972     
   73.178360109127240     
   71.582405513586991     
   68.861464141914439     
   67.290638988000993     
   65.102166182723778     
   64.342173854967285     
   63.053381625984656     
   60.278499932986193     
   59.300006060859310     
   58.244916522202104     
   55.649032839460801     
   53.776187472331486     
   52.299175958581458     
   50.963410570951623     
   49.776873114936947     
   48.050228625209016     
   47.817946581921035     
   47.463138364526699     
   45.777719378098013     
   43.470045894916510     
   42.689607919590969     
   42.369785526350867     
   40.647003315138697     
   39.941701642656412     
   39.011698767379528     
   37.953541441424882     
   37.224822173233008     
   1103.3007751421719     
   1055.6013246254804     
   1021.5477103640102     
   978.85148513924355     
   936.51433444971326     
   893.35775712414863     
   853.21261718015012     
   816.43959526994956     
   782.42053829640736     
   748.21662200050991     
   717.10180177532095     
   686.89387770002543     
   658.60490951322629     
   632.25164617124597     
   607.21415902972694     
   582.78288593055038     
   560.75816765710533     
   537.82636464895313     
   513.88932731728642     
   492.97852193907858     
   476.75831581758007     
   457.57002413992745     
   437.77392767583751     
   417.58327303609826     
   400.46645881430231     
   384.99468272058914     
   369.35970138787752     
   354.76855957361261     
   340.11297130638724     
   326.20274139555880     
   312.37204963312519     
   296.96859121605178     
   286.80243902208719     
   274.41024274833848     
   262.46021959618099     
   254.94828843768215     
   244.24923848243841     
   234.57511682859223     
   225.99696189612499     
   217.32165654649390     
   209.15243382310410     
   200.63556819473169     
   192.88836068286230     
   186.90192553156010     
   179.39668237185856     
   171.25021588942207     
   165.02512350641945     
   161.43434961527674     
   154.12326784502255     
   148.87111633843401     
   144.24005043433183     
   139.43956837170924     
   133.89249270623853     
   129.88486964495328     
   125.95605984441774     
   123.23185359054396     
   118.30608821439603     
   114.60401736292553     
   112.07460109399149     
   108.55815656787429     
   104.39482184952462     
   101.09911576322969     
   97.625733830590619     
   94.527742827409583     
   91.921484719822587     
   90.308338048824567     
   87.364819480403824     
   86.136985896560461     
   82.218272229035037     
   81.384062888845108     
   77.854580639596008     
   74.332181347852838     
   72.565574124154637     
   71.075168901099573     
   68.313499740896702     
   67.188961432740186     
   64.208585321493871     
   63.400091108749578     
   61.096418810015464     
   62.114344132202127     
   59.151336437845757     
   57.260726064904588     
   55.469752840454291     
   54.987038047498366     
   53.240376859610897     
   51.572408284606595     
   50.498115726377691     
   48.415634986177395     
   46.171083451994697     
   45.727549212338104     
   45.571037720431086     
   44.404506684660049     
   42.704741157822795     
   41.645735382248446     
   41.721602526227478     
   40.844314199305920     
   38.909998812940898     
   38.186706515997372     
   36.792660732355579     
   35.526241302548101     
   1111.3941819685201     
   1064.0209487760576     
   1016.1442956735827     
   965.77611392793142     
   915.01010491563841     
   867.95028449152369     
   825.44561650162132     
   787.70615023505525     
   753.12872927726460     
   722.78716879206604     
   693.95797614212449     
   666.61525787083588     
   638.13484339120259     
   608.67978586898982     
   581.06874400971014     
   555.19408571732276     
   530.93761573186816     
   508.39467336353630     
   485.27404111460811     
   464.45253704349477     
   442.62052312019426     
   421.69890460664794     
   404.58701807030610     
   386.68354225239148     
   370.08946733108530     
   354.23031934228175     
   338.16883176960891     
   323.04791058692126     
   309.34697390895553     
   296.70882667694087     
   284.65842659897214     
   271.97728213248246     
   260.45109206740017     
   248.86365524619865     
   239.12427898024521     
   231.91880440958019     
   223.18012109547567     
   216.15343563375535     
   208.70234308381916     
   199.32273966795611     
   193.25817778517410     
   184.01233789467747     
   176.14525991314642     
   173.89272602780662     
   167.13459765691539     
   159.20083148701170     
   153.84833593226159     
   153.35232641485075     
   145.20561039791818     
   140.99560337784035     
   137.04581787540371     
   132.84858143528993     
   125.88135961164166     
   122.72974944073614     
   120.42240406154025     
   116.20373863079232     
   112.05904389169973     
   108.89128777653109     
   106.19120077074737     
   105.96285500558972     
   101.35134361519826     
   98.182366790314433     
   94.536830317516745     
   91.195673849291779     
   87.475598328387605     
   85.660988663315720     
   83.371379740874545     
   82.755208290943983     
   79.058482072711854     
   77.871442993248053     
   75.262970556749607     
   72.432102147205654     
   70.641425326813277     
   69.294789960179372     
   67.318460165362978     
   66.251817672108743     
   62.662788307482622     
   60.924689264904266     
   59.833877592973423     
   58.505223818356697     
   57.173611723844147     
   54.848131883801599     
   54.717501823472915     
   53.383581607561077     
   51.010976316193904     
   50.890360975322082     
   49.667082931209521     
   48.911820880527614     
   45.701124459710073     
   44.592866139344281     
   43.621589040963940     
   43.212168991501073     
   41.741383393013301     
   40.613740836261357     
   40.248879269048288     
   39.961862469377905     
   38.529012505799599     
   36.654013200701613     
   36.751070019702539     
   35.500046962613943     
   1121.9878183210662     
   1066.6330164113263     
   1004.6837309095458     
   939.92185603210135     
   881.09386865227134     
   829.77774708508593     
   788.22845907107717     
   750.34596978321042     
   715.57348914355703     
   684.00996836424861     
   655.46986047547284     
   628.09055008727671     
   599.25439220175554     
   572.16324757304790     
   546.35050772733553     
   520.60064513549162     
   495.27097361877520     
   469.39094041861597     
   446.31357634645531     
   425.98447196873741     
   407.93646581746691     
   390.67580415351762     
   371.10866614461736     
   352.93518191332862     
   335.87578252842656     
   320.99041754259321     
   308.44449516687871     
   295.06310025755749     
   282.68026679984246     
   272.00605264888168     
   261.18343899105543     
   249.80280654929169     
   241.25614193831001     
   230.89330596093569     
   225.12109435906677     
   215.20165393565941     
   208.59467865378585     
   202.09481790520181     
   194.40569572981389     
   187.93661743958231     
   182.85085103157198     
   174.04467448053686     
   168.90874284346000     
   164.41368340255710     
   158.04751973676863     
   153.47196454711806     
   150.29509088403839     
   146.05149982458587     
   138.44003270303313     
   135.79056261555709     
   133.28674948060248     
   128.83268189889344     
   122.69756631067571     
   120.37576254902757     
   116.62461056428415     
   113.96244816370465     
   110.25316122873599     
   106.08961534544261     
   102.28933523134211     
   101.35491535231475     
   97.225144551731532     
   95.885619874661216     
   92.846634345911838     
   90.045361714334973     
   85.506985393823157     
   84.365705857282762     
   82.431802943157578     
   80.750281730179410     
   76.951537625129617     
   75.034301006015326     
   73.049188943253554     
   70.445681853925578     
   69.120652945705018     
   67.165962330162728     
   66.008918002205277     
   64.866952019132839     
   61.645576508936443     
   59.551628547840458     
   58.870136599952339     
   56.306158240533456     
   54.881592955195863     
   54.956494003186101     
   52.323478729414042     
   51.520078662847915     
   50.204166496660719     
   48.743172253377658     
   47.424964166952847     
   47.440838626087100     
   45.782022802458570     
   43.916479793769902     
   42.738187759617148     
   42.322075754182293     
   41.979618017351363     
   39.495782366336520     
   39.469210900037339     
   38.760534175706958     
   38.296153199712776     
   36.684318088438339     
   35.374949737003440     
   34.065756211451649     
   1132.5909600580233     
   1061.3724707561300     
   980.18647938790195     
   904.01963162606182     
   839.42534612786551     
   784.41381383395446     
   739.57534760834164     
   702.28976049250946     
   668.92433386441564     
   639.42088666703080     
   611.21504447382222     
   583.66500698948562     
   555.58904345924145     
   529.47143886108609     
   506.22876713851713     
   478.26187899890567     
   453.33452680564375     
   432.09968181932902     
   412.87049980402952     
   392.68742206455215     
   372.76319818350311     
   355.48105963855517     
   341.95773787741308     
   328.24426198060416     
   313.34275995491737     
   299.87170492840772     
   288.48226157657007     
   277.43723022872786     
   267.09958987851837     
   256.07099688465803     
   247.51874025205413     
   238.41418070726797     
   228.65658448303296     
   221.65216787834936     
   217.07578280748257     
   207.76690704662812     
   201.63566595569930     
   194.47298119111551     
   187.97286105058879     
   183.71803861007257     
   175.30923276689595     
   168.06505447984927     
   164.75268477736202     
   158.63578409115087     
   152.72458883826312     
   149.13997721040411     
   146.42343609301997     
   140.69273786799647     
   134.51269916429641     
   132.15980405109678     
   131.74510849985967     
   125.39879943969953     
   121.67464955985332     
   118.91031491539465     
   114.96522708632094     
   111.21652246139443     
   108.53068006661148     
   104.18117313815144     
   101.73903677350785     
   98.654322860539025     
   96.546629729625053     
   93.533133446446129     
   91.517180540880332     
   88.060790240420474     
   83.502762663206724     
   82.649346929177923     
   79.792799810167736     
   78.865326688656793     
   76.606829146443999     
   74.040259469348584     
   71.511067557236558     
   68.898485750056338     
   67.860777359003478     
   65.261789004829723     
   64.207405843842452     
   64.053619280590269     
   60.934639552676437     
   59.588430512891620     
   57.059132544839905     
   56.818766844221585     
   54.655941638091740     
   53.689777748051483     
   50.902348505524387     
   50.699962667381762     
   48.227435500663617     
   47.581361376406647     
   47.688642694250753     
   46.079065332505522     
   43.021963614225548     
   42.895334937664160     
   42.095487266368679     
   41.394009176113784     
   40.639993592470894     
   39.484640235166594     
   38.808059487887022     
   38.004676749031852     
   37.050007067109547     
   36.565029431662069     
   35.020351143545881     
   33.908887390738229     
   1149.9969605660719     
   1051.5355351076300     
   944.19538746977094     
   857.79458459905334     
   790.63534797493094     
   738.03832640679173     
   694.07044649041700     
   661.28958839652546     
   623.50695520458271     
   594.83305679586942     
   566.69692658590634     
   543.32092324317603     
   515.51138317292964     
   492.03868684912788     
   472.29809295928408     
   452.01828855427323     
   424.56207659823940     
   408.54086352323463     
   390.94362905915466     
   368.85060585939266     
   353.01179123274233     
   339.63065168643857     
   325.20131833304561     
   313.60706685330899     
   300.66179163187394     
   288.18586118176864     
   278.91181183801484     
   271.42956435117594     
   257.87105580330160     
   249.79501390469773     
   237.76289485339765     
   232.39115883928068     
   222.49011000560722     
   215.12926471128426     
   211.27084037886510     
   202.80331490062076     
   198.24137108123020     
   191.77990327302072     
   185.28828189531308     
   181.67728428380843     
   173.74260937220535     
   165.35849374578274     
   159.52723025180214     
   154.22512301506859     
   148.78268695321194     
   146.03049699585890     
   142.76494347462616     
   137.35009115459144     
   133.49553384589819     
   129.99596447940706     
   126.73914360257001     
   124.15865161506653     
   119.95963115450101     
   115.46879375804686     
   113.14268149290376     
   108.43490031091046     
   105.89334239833497     
   101.20362102446876     
   98.363603998635085     
   96.444364299733394     
   93.323075744313570     
   91.422793687912929     
   89.005172808827325     
   87.480827891544095     
   83.352063189298377     
   81.750674895545558     
   78.990904528543211     
   76.101203742150275     
   75.983824032541449     
   73.677225444308405     
   70.522438357063777     
   68.986465443578211     
   67.180474028432144     
   63.834801523923886     
   63.088794596413713     
   63.270409957426423     
   60.251373301192132     
   57.617571743861234     
   57.280822496237789     
   55.906426665360271     
   54.256815522702844     
   52.781504004462846     
   50.159265791151647     
   50.186654029845968     
   47.403890122506212     
   47.573744804040686     
   46.465396201511666     
   45.481768517660981     
   42.896550000030786     
   41.750400361705239     
   42.509951979043421     
   40.729626266057338     
   39.618594620813631     
   39.596214997558967     
   38.894362959371215     
   38.309158061133914     
   36.022469300259296     
   34.901938157792628     
   34.907295010848792     
   33.536555332948254     
   1170.9930956388657     
   1037.9423978448224     
   912.30860703318001     
   822.25435743122034     
   752.39242419653942     
   697.79510449700103     
   656.90212690152271     
   621.29241541045792     
   587.19745402747526     
   559.25556615355708     
   536.63172184124846     
   513.81218814433305     
   491.96836487405267     
   467.50547741507762     
   449.74059625239170     
   431.98489730529070     
   409.11362461550601     
   397.38752555470501     
   376.92655950107866     
   359.59338036589588     
   345.20668642673405     
   332.70159336378435     
   317.89697540131863     
   305.59565189595685     
   294.84731501572151     
   282.59338322442750     
   276.22111172973996     
   270.04921795294013     
   254.42822662315155     
   245.35376015150479     
   237.55080988979961     
   228.70735134484767     
   221.57884352878241     
   211.25884963679539     
   210.37745011155889     
   196.14884226574151     
   195.37907899049941     
   191.49729518744672     
   181.07783866050042     
   174.75911324165793     
   170.07878969425025     
   162.57642516045027     
   156.72816686389368     
   150.15254783660902     
   146.21624423430126     
   142.83082940911720     
   138.67658111388565     
   136.77070457014281     
   133.93550944344619     
   129.66996657966388     
   122.99775623869864     
   121.98473854771962     
   117.87053093530065     
   115.05942026497476     
   112.26989016304438     
   108.39393163472560     
   101.28885521892623     
   99.986057711159489     
   97.947152828091959     
   94.611053269467845     
   91.879160228609067     
   90.008502633031625     
   86.638504064077296     
   84.308352570000480     
   81.563524751741724     
   78.847028028438189     
   77.314641241722711     
   76.297130239270928     
   73.416823845675793     
   72.294162377373624     
   69.811263766121868     
   67.102959923161990     
   65.580140733546656     
   63.371998045649072     
   62.542825690854890     
   62.250548541410403     
   59.457004010349593     
   58.132141254645688     
   55.880312915013562     
   55.739869824520440     
   53.415358758980773     
   50.747856213811701     
   50.115955398120548     
   49.265977760534824     
   46.137669052751463     
   46.309383850590613     
   44.999517185405040     
   43.618052774367605     
   42.655877993380656     
   41.910848728174308     
   40.692191735466842     
   40.693871485226779     
   40.025663168119479     
   37.103834139117041     
   37.578708597686223     
   37.113050934116700     
   35.745719536647997     
   34.419007282557217     
   33.801131838969809     
   33.946005208096771     
   1193.8632827119882     
   1031.5374870134149     
   899.68576461870305     
   805.79655396530325     
   731.42435190947981     
   678.69437379346368     
   640.81565009232145     
   605.29516212262024     
   572.68508118560703     
   544.47021771430457     
   521.68233976474630     
   497.93357801438901     
   480.76689047250221     
   460.99270601809633     
   440.22897546101115     
   423.40769336419362     
   404.14641243917663     
   389.49710776284104     
   372.50561347320183     
   357.75478103011557     
   347.88328643721206     
   328.30469209187754     
   313.21901866844848     
   305.27634789896473     
   292.64731473520760     
   282.24648796478067     
   273.78065746898295     
   265.51195020451200     
   252.83403006460046     
   242.64695032696352     
   235.03681061515312     
   226.94309203134912     
   216.73464734448268     
   209.70640445068312     
   206.34745684117041     
   197.73931360731939     
   195.09302912829349     
   191.58186431692664     
   182.52477563058278     
   175.76564118503296     
   167.59560762593372     
   158.16083323439096     
   156.47174011578792     
   150.09826491891386     
   145.86440706227290     
   143.38901369262604     
   135.80011310444294     
   133.16150840016047     
   130.55981184424675     
   128.08113939961078     
   122.67487474401912     
   119.52303855482384     
   117.66191835373874     
   114.24037386769609     
   109.71773136698894     
   105.81577451879113     
   101.11213811187008     
   100.28700812746337     
   96.001235324125119     
   94.901541017891191     
   91.389569769173477     
   87.903381920909311     
   87.647662305640026     
   82.892778897396965     
   80.952204264339741     
   76.999631507860073     
   76.860067535894530     
   73.878591409667308     
   71.862186769042182     
   69.980992352367053     
   69.199615796015905     
   66.484634072838077     
   64.762779865696004     
   62.868698525961165     
   62.320425449780856     
   60.885492422585649     
   58.426490423988369     
   57.044381957300246     
   54.802691987036368     
   54.395623750118439     
   53.588896318210097     
   50.061668182916812     
   49.160483714243576     
   48.949377907929978     
   46.659558463534452     
   45.618671417468860     
   43.420061451206635     
   42.320823244206586     
   41.126231387802122     
   41.202372889168629     
   41.039725209515247     
   38.814071365804494     
   38.820238597835655     
   38.070430482687485     
   38.461346140476081     
   37.000513450508706     
   35.046670939080109     
   34.007692198072711     
   33.023202467327572     
   33.281526271810357     
   1221.5738540319498     
   1042.5445945060619     
   906.47550367085773     
   806.43288509721469     
   733.01552495897511     
   679.86264361293547     
   635.46743338292436     
   601.94738080203319     
   564.60299222260346     
   539.23981721892915     
   519.98656791977839     
   496.35151190062140     
   482.43777564917235     
   457.91284807774105     
   438.83902388425287     
   418.26977307347022     
   398.60815452742810     
   385.78769304229991     
   370.94037313873918     
   356.32491486030489     
   346.92075903224429     
   331.33924523092639     
   312.39536442046943     
   306.57774969012559     
   292.01916960955009     
   281.08880999121834     
   270.84882391412492     
   264.45587896862372     
   257.77036401843333     
   245.54934826843564     
   235.60780893159003     
   223.69907362151017     
   216.04324949492647     
   206.69487991913957     
   202.03208091424898     
   197.18951805255580     
   193.49329853370185     
   187.34513230297654     
   183.34850498759005     
   176.17635004199127     
   167.64581133225087     
   157.50869105078013     
   153.98400264909122     
   150.72012946346149     
   145.26355117486801     
   141.72945880562122     
   136.53102559736533     
   131.18734445145526     
   131.39361634979196     
   127.88451478615377     
   123.77573563431085     
   121.24669057497957     
   117.06780081119854     
   112.24014739932622     
   108.49400462655801     
   104.46633964464179     
   101.45253951887651     
   98.213925813396344     
   93.646818336404010     
   93.791457523753266     
   90.776133885067310     
   87.792563516037418     
   86.147493096106103     
   80.796803756698566     
   80.162771485932808     
   75.506622870527707     
   76.259016464909806     
   72.086620686046061     
   71.492271048092917     
   69.021230188540130     
   67.701560155027252     
   67.346258743404093     
   63.895055871009511     
   61.289195278337758     
   61.553209801625691     
   60.089895518723907     
   57.463179208310486     
   55.300829692911734     
   54.594898412857148     
   53.116001103790481     
   52.434571644581894     
   50.664376236004472     
   48.866025893194106     
   47.355708522914455     
   46.493652984332343     
   46.051662917476051     
   43.640714454503836     
   42.418578694625666     
   42.191524558206780     
   40.910570302580894     
   40.008248486005996     
   38.034778811443545     
   38.427283206734828     
   37.455525985900749     
   37.735898431855233     
   36.888554434450263     
   34.326457216219836     
   33.354097582813509     
   33.171494555112190     
   31.503134241219929     
   1254.9870517457778     
   1066.3402597779789     
   922.16764455597649     
   819.67152116735269     
   740.63423734592493     
   685.67328650802426     
   638.19764542692803     
   600.70476099814914     
   566.97548169108745     
   539.10393845820772     
   520.42164091997768     
   500.92804778230470     
   477.97059708492486     
   456.78898493972895     
   437.06167573771899     
   416.61295333188986     
   395.81350677888031     
   384.96890713438421     
   369.39382776039093     
   356.21906429179887     
   344.14941415483145     
   332.43806843599941     
   314.10190703048494     
   303.29450408692884     
   291.53005234140807     
   283.68556138705856     
   273.44597504924616     
   262.30188159367555     
   258.74967349125359     
   244.54177319855876     
   237.36890633795727     
   227.70118690693300     
   215.53413863112502     
   207.72226943310145     
   202.78679757515266     
   196.15906342229431     
   192.93293546889436     
   182.81122778882082     
   182.32698227405868     
   175.71604964973096     
   165.43919484229536     
   158.64277050867810     
   152.76152022238713     
   150.17178673016400     
   145.81051541673867     
   140.06613422709074     
   135.51290323589524     
   129.53572540063425     
   128.47099964210764     
   128.93225294902305     
   122.55138089397839     
   118.75400914015327     
   116.10832943227732     
   111.04821924987364     
   107.37210558043185     
   104.85343549600640     
   100.32583896017924     
   96.791027155594236     
   95.374749802462986     
   93.646078926243959     
   90.053993984822768     
   87.049083687568483     
   83.710256655561324     
   80.762026164152957     
   78.415191179207739     
   74.608665983206834     
   75.024162851593417     
   72.157062250398766     
   70.075512251852771     
   68.439132660891147     
   68.019998610761249     
   67.028148446660509     
   64.623659170355410     
   61.626524124705718     
   61.416504592106094     
   58.243063793263659     
   57.815507279196865     
   55.032361681564240     
   54.402278311184013     
   52.500415759860488     
   51.910487711701194     
   48.806866046039005     
   48.798888038299538     
   47.318340397583185     
   46.113010614258023     
   45.778909799714675     
   42.949386994266995     
   42.095821921554233     
   41.792906632326890     
   41.271189822680164     
   39.582706769167544     
   37.686542588889097     
   37.514777811861194     
   37.083490693318332     
   36.687076203003357     
   35.936186065346561     
   35.051351524983914     
   33.540897129982874     
   32.790538376414190     
   30.726340186234843     
   1288.7059013056319     
   1093.8463534129692     
   947.97394182492462     
   834.78359823894834     
   756.30637019459618     
   697.75574088547739     
   647.07319103874693     
   607.38071666708208     
   574.76137099061430     
   539.35800914140270     
   518.40692294214386     
   491.51997474964128     
   473.63051156849320     
   457.70094510179041     
   438.95138975010661     
   416.90544158529440     
   400.10804244694464     
   387.99611340532823     
   373.87029226103709     
   356.31224120409570     
   348.17321804719131     
   333.42051460012317     
   315.47274618134765     
   307.02696644591288     
   291.81081826764523     
   283.40846341869303     
   272.57913184135504     
   261.02879563244409     
   256.11398109852541     
   241.53525401658186     
   240.31435512827284     
   229.38208613918653     
   217.97099043403784     
   203.90416066934870     
   199.84585640753244     
   193.85832400227130     
   186.42571211887656     
   182.41439355839222     
   182.77064088396637     
   170.28933491024975     
   167.31038914685342     
   158.03650887345512     
   153.99034417591361     
   149.32410650650263     
   145.12096173728565     
   140.61865838993154     
   136.96272857156765     
   129.90865737555413     
   129.13985772968834     
   127.00906316179268     
   122.02143324402360     
   117.40546948459345     
   113.60972176116115     
   111.12887880736697     
   107.73667412699501     
   105.03812283639232     
   98.297170088906682     
   97.660269465419105     
   94.626836653984668     
   92.872244177387159     
   89.375028620013410     
   86.019103873858484     
   83.520265473697748     
   81.571917086893706     
   78.370836882966898     
   76.201061670151432     
   74.158215315853170     
   70.752596921947656     
   69.897547268033179     
   67.105023373546445     
   66.463430328362847     
   66.238003317179192     
   63.209846186342901     
   60.194428514644514     
   59.530228932276238     
   58.387767479700415     
   58.768470419239350     
   57.318717189170329     
   53.963786142269356     
   52.521351455931708     
   50.673799407579303     
   49.603053210386108     
   47.577181702397176     
   46.472015892396307     
   45.288892703924773     
   45.484963142492411     
   43.798337165955651     
   41.087467585155792     
   40.608113353431889     
   39.893699709423565     
   38.821119666077429     
   37.273669242026010     
   36.836554332323274     
   36.987922324947810     
   37.045087802095679     
   35.697406567363259     
   34.861389604907274     
   33.397394872305455     
   33.054015017091906     
   30.479449095876660     
   1317.5291219354563     
   1124.8662225169055     
   973.67164182901593     
   859.11118387805243     
   774.85464285992578     
   713.03655587942421     
   658.60824046034986     
   609.62361577819240     
   577.67397960990343     
   545.52066082078909     
   521.31102200594182     
   494.20492319131978     
   475.40326769707360     
   461.19356074858484     
   441.09704946712196     
   417.47073414787440     
   402.28006436078851     
   384.03822073143584     
   372.66664370783485     
   353.00951135854541     
   345.96996720308994     
   332.18255406506324     
   316.01871672696353     
   303.20642106606851     
   284.99219636093062     
   278.40182511913235     
   272.93159898865395     
   259.69094434397596     
   256.57560818588678     
   243.74994933274121     
   241.70109982779809     
   234.48232391456622     
   220.77538579443339     
   205.95806280967832     
   197.58886658564089     
   194.80160918539582     
   186.48098198850630     
   182.61943056392639     
   179.74599570736731     
   170.02785945935196     
   166.82036141705868     
   158.33486621379200     
   153.73143766420776     
   150.43850168981402     
   143.40706729207051     
   140.43573408837921     
   137.41068639454977     
   130.45491856272389     
   126.03440355822551     
   125.56457210243393     
   123.37817407368188     
   117.50045596812538     
   113.83007822041488     
   109.64953577952849     
   106.62168282880870     
   103.49437519587232     
   95.596683696949412     
   94.383808687570308     
   94.373374305576817     
   92.276859616148101     
   88.572504404212481     
   84.264682999297577     
   83.342776732375711     
   79.688804495994361     
   78.256864579232484     
   75.982690740221500     
   74.878198908472314     
   71.929035219552020     
   67.443507340260794     
   66.418068684494756     
   65.247968397115187     
   64.679422606188339     
   62.596639112123320     
   60.886385632284835     
   58.680837778837656     
   58.921063645530367     
   57.732627354821126     
   56.829674726516636     
   53.407869841278497     
   52.669131920934340     
   48.646733173945165     
   49.464317581628940     
   47.427801384784431     
   45.974339631742602     
   44.862757692474666     
   43.779570715838048     
   42.741356348201904     
   40.998606353703344     
   40.330638286406419     
   39.521144098481585     
   38.096336025852175     
   37.663922692345515     
   35.854943746316145     
   36.840791055650001     
   35.651814168241657     
   35.201662326721582     
   34.719805885895624     
   33.499679367838695     
   32.677944722824378     
   30.601136186253036     
   1343.5302035247635     
   1151.4544205391176     
   998.40985366319683     
   879.35201103930319     
   789.06338095857154     
   718.12017229551248     
   662.94185617354037     
   615.18660472135252     
   585.00407683318986     
   557.89991994266097     
   528.89790622847795     
   499.46455258889534     
   478.30651528268282     
   464.82368630348606     
   441.49563355019848     
   421.06160444561152     
   394.82505167374796     
   384.46418283317695     
   370.39906392859484     
   354.83574915632107     
   344.96552719087236     
   331.29521994301365     
   316.49430507758626     
   302.60528235880605     
   286.66663478899011     
   276.70840333323093     
   270.45295109410046     
   261.57301631021392     
   252.25809077585293     
   243.36205778992516     
   243.07418365705919     
   233.27705026266645     
   222.95040409094014     
   205.52579918806748     
   198.76305810249102     
   191.07645412731537     
   185.90604711965986     
   179.01334851694455     
   172.82360669069578     
   171.09918446847709     
   163.10426656097206     
   157.88540775642429     
   153.88903540304949     
   148.77782018365389     
   144.29901332639858     
   139.77852501895967     
   135.84829022834538     
   131.44081982329956     
   124.94259668765901     
   124.56781864218743     
   121.67747652612596     
   117.68892879207577     
   113.98123060872625     
   108.49974029584509     
   104.22223489259332     
   102.22167437931809     
   97.629313411641277     
   93.977445471463213     
   91.163212359504399     
   89.944117293582380     
   86.949141662825170     
   83.023390159302380     
   81.744764267816592     
   79.263579416283676     
   77.840033844097277     
   75.882356299957138     
   73.741112215944341     
   70.706729643478539     
   67.510436275366942     
   66.423057743352928     
   63.545929917750314     
   63.741109993504658     
   61.063284676408770     
   59.196840997785870     
   58.075080832006599     
   59.557666313228339     
   59.013847004632197     
   55.459720583404803     
   53.490213562433368     
   50.434550879907547     
   49.684360111217323     
   49.015191007650159     
   48.205942720567769     
   46.059529710714891     
   44.561880185701014     
   41.960272361178596     
   42.419422871757469     
   40.320721005798347     
   39.769511629308724     
   39.244660355655697     
   38.428748481580634     
   37.144511347379606     
   35.663817333779683     
   36.202048818740579     
   35.467945018775922     
   34.771292851703215     
   33.942761313433600     
   32.265169468298964     
   32.474658387312246     
   30.976706072698335     
   1357.2877618686325     
   1182.1546253661663     
   1020.9071091726761     
   903.60900432297785     
   804.08123235735070     
   732.48107478174768     
   674.60200047465605     
   623.68814691827720     
   590.00656548018208     
   560.72283704387166     
   530.74929946904422     
   503.23495697858328     
   479.48481609379417     
   466.54982074573707     
   445.11381866493826     
   420.92769967075878     
   398.33839313396669     
   384.24470918487322     
   366.63854763757024     
   357.05343756372071     
   340.75102373894362     
   337.66887819877837     
   311.22710512478233     
   306.30797370076658     
   288.03991650572573     
   275.20759180462778     
   272.27820195352342     
   263.33531816963983     
   254.04815807444476     
   240.73579009901027     
   241.39936189766559     
   239.69780318935173     
   222.76370451744469     
   206.55607850061523     
   200.04587217880174     
   191.90932031877333     
   185.76220204790116     
   176.70776511395277     
   171.05015688193293     
   169.30165229252424     
   162.50743019488939     
   160.51448152230137     
   152.69692603509719     
   149.98820958871084     
   146.04120432051701     
   139.04679530143977     
   133.65050098470959     
   128.97533275119520     
   123.90844558586790     
   121.59964244373174     
   119.90462817526273     
   115.71404267811182     
   113.27058347389530     
   106.57440938797863     
   104.36626478793164     
   101.67436376697847     
   95.818025919604565     
   92.728846272012149     
   89.528395049972815     
   87.907780315279552     
   86.302504669091149     
   83.487624072959278     
   82.039397956786530     
   79.649044235586402     
   75.861233439377202     
   75.919787328669869     
   73.214781382876012     
   70.131635199577403     
   67.952974241390962     
   65.048854912174633     
   64.003796223334263     
   63.436386506946512     
   61.692156666433370     
   58.676204543515588     
   58.001733485413148     
   57.521143551431166     
   57.345239456294863     
   54.135483993336663     
   53.505354235290277     
   50.423150320750111     
   49.282086029447548     
   47.883973993199696     
   47.579501544981625     
   46.151782919117160     
   43.390429578240060     
   40.810050670452043     
   41.092176653338171     
   39.761187093150596     
   39.310003627725990     
   38.105903039792430     
   37.899213667874299     
   37.078604211703706     
   35.722622916903063     
   35.914021130990847     
   35.164972230216527     
   34.247978154771978     
   33.584126692716843     
   31.785462489138531     
   31.114097505691632     
   30.969158824258251     
   1366.8196854528198     
   1199.6046301264441     
   1047.1143551003665     
   926.36393550591390     
   826.94470984065447     
   751.11997926162849     
   687.99815846680588     
   634.94069360773074     
   598.92004230099815     
   566.74610633613440     
   540.39804728091383     
   508.61863369526549     
   478.93127026777148     
   469.62180679466275     
   441.39646850275682     
   416.21951719995195     
   402.68092834560218     
   386.12597624563307     
   371.52431778517894     
   361.54055414988352     
   341.79228598354990     
   340.74560005566616     
   313.85964039413949     
   303.15127320817822     
   283.06636066144449     
   274.40754926960403     
   272.42142673404555     
   263.94281409490452     
   256.42898645497530     
   240.17481319199055     
   238.12840650461123     
   235.94748438379133     
   224.57689695811351     
   207.70431828316279     
   197.47387638302308     
   195.86313166257651     
   185.26491045350679     
   175.91523059541933     
   169.67444077241319     
   162.34216681081156     
   160.35217106300024     
   156.26128030001553     
   155.06919716358055     
   152.07797560046723     
   147.91819869633071     
   140.88786911624311     
   132.58902635545144     
   126.20515849513410     
   125.78009071650523     
   122.80275081021274     
   119.86694383852105     
   114.66662388071691     
   113.11961717652510     
   107.74300035524743     
   103.24712953060100     
   99.318796708947673     
   93.496381545074314     
   91.441989537085078     
   90.746020304069276     
   87.990548173360892     
   86.096598430593872     
   83.073135325454743     
   81.785432076223657     
   81.014436706332035     
   75.605695214961401     
   74.553141812527656     
   71.761306408816750     
   69.187098299064019     
   66.854298168526100     
   64.716542760185675     
   64.033630788060549     
   63.871569572834296     
   61.359657724866892     
   59.546340545512862     
   57.293242733027142     
   57.105516408121069     
   56.719605765929884     
   53.838013593242593     
   52.093009633158893     
   50.914019802863827     
   49.234848293637206     
   48.292985349122048     
   46.487550664454155     
   44.623741996640049     
   43.521500605367066     
   41.222706760578518     
   40.820105781814007     
   39.914079420618343     
   39.034788728956684     
   37.979973344291544     
   37.836522014954312     
   35.384622063566695     
   34.825207964776851     
   34.853910449639542     
   33.996632048567122     
   33.801026601341036     
   33.206135370375129     
   31.648479334118612     
   29.308989703367104     
   30.079318108401679     
   1374.3618892120080     
   1209.9928014850129     
   1065.5073342243245     
   950.62931409358384     
   841.50882907921789     
   766.93662042873927     
   704.72243333355516     
   656.73868691487905     
   614.38941610930192     
   576.59243824878945     
   557.58438523198947     
   519.71882562027542     
   491.81585900220909     
   473.86484870555148     
   440.52959645398192     
   410.65955241065376     
   401.30879813320013     
   390.15595894243091     
   380.68740258380382     
   370.23451610638364     
   344.43038792031984     
   332.03561850496533     
   311.44550915486991     
   301.80292293201740     
   288.80485786485053     
   276.71315688855765     
   269.69877969874670     
   263.33293081517917     
   259.08244989221521     
   239.68101034542349     
   236.01254191230589     
   232.27344006443437     
   217.95386756507446     
   203.42773973138148     
   197.60444024685535     
   196.22407978048176     
   187.24523425524842     
   177.14050169990387     
   164.98707591754069     
   163.37976185110961     
   162.42596289333127     
   156.19494930248629     
   156.35821807316069     
   151.45945271137279     
   144.75674450658241     
   138.26137731780850     
   135.24790850370047     
   126.51976047218011     
   124.37239207411969     
   122.02902460493272     
   120.23405885223558     
   113.66687394974072     
   112.55474134008284     
   106.03092564622089     
   100.60948926492894     
   96.755158943305560     
   92.466379887790055     
   91.858090602535697     
   90.767322477660926     
   86.538125523781147     
   85.359195321709095     
   85.675831924984209     
   80.579514640522262     
   78.990241085559006     
   74.514148397246103     
   73.832483132757460     
   73.421980046764730     
   68.841695201585225     
   66.347007689532902     
   64.767071781002088     
   64.399504824461985     
   63.133446212952705     
   60.128370322991245     
   59.837314634099791     
   57.695530200417117     
   56.730361794903352     
   55.569160301570136     
   54.862652204633427     
   51.897065570394695     
   50.594762994884675     
   48.347079144288763     
   48.222941182219756     
   46.045966205063209     
   44.813322962062287     
   43.200108699440804     
   41.258060768743029     
   40.739198711277425     
   39.593775358715234     
   37.876945067813068     
   37.622910046789556     
   38.098726531910863     
   36.087823845557679     
   35.144075290731628     
   35.047620527498758     
   34.244594219951566     
   32.693699322345338     
   32.166007927698416     
   32.056036435215034     
   29.684858737762738     
   28.057805278068404     
   1382.9387455864764     
   1222.3663807766002     
   1078.7569677934462     
   970.46794082520205     
   857.71842638365354     
   780.36606551211503     
   722.76583839725856     
   673.84201883560786     
   622.30398692315009     
   588.41234398715108     
   553.73618396153165     
   524.19347783157650     
   509.22063497559515     
   471.68259287245559     
   437.35609215222763     
   414.12821126016235     
   394.15060577120460     
   384.73892194726199     
   373.64524715694375     
   370.62916733974731     
   355.10007441850951     
   342.31847182713250     
   314.63379034819712     
   303.92776417694506     
   294.51852242431585     
   276.00965455620923     
   268.92176945215533     
   269.78679839070537     
   265.30143409509685     
   247.41612150976863     
   238.13385433265458     
   231.87657630735436     
   213.16605379420250     
   203.18199784782863     
   200.63503559044167     
   196.00910508370777     
   186.97710448500274     
   176.88839781702129     
   163.53291328929743     
   161.37882855926091     
   161.64823039006802     
   161.22004336279494     
   156.03183959318579     
   152.43422693154810     
   141.56987936187068     
   139.43698151070930     
   135.44816254775310     
   125.66195225839112     
   122.97744003202786     
   122.48562567459931     
   118.70774091535125     
   112.09585984778593     
   108.52212924703132     
   103.92881523734921     
   100.46576395077732     
   97.441970450677886     
   93.810683516410933     
   92.507766400421602     
   90.237649926365833     
   86.330160564557673     
   86.228213484294812     
   86.160601090365191     
   82.674966044076328     
   77.380775992139576     
   74.966101394603015     
   72.880050667825287     
   72.639047034256237     
   68.192128756228570     
   65.705373133097766     
   64.247753145998146     
   63.967973196283452     
   62.504341045977654     
   61.065474809199650     
   59.393721257297955     
   57.943727267394316     
   55.885769630258579     
   55.638890874881980     
   53.900530325352690     
   50.853948533219636     
   49.798062549641102     
   48.367671873512634     
   47.365963088718971     
   45.880641518355034     
   44.449066802523959     
   43.691299802516212     
   40.743553173658015     
   40.424243957553550     
   40.322198822135782     
   39.136261926125641     
   37.945846796075628     
   38.165154206708017     
   36.559470085712547     
   35.894985995095780     
   35.163258873114167     
   33.582481147950851     
   33.709987061773859     
   31.840618226532094     
   32.143414236122908     
   29.892228585513561     
   27.932524901108145     
   1389.0552935052121     
   1243.0708443161120     
   1107.9195432347872     
   991.89837136540211     
   874.42172292598798     
   797.89739723102821     
   742.92483663479675     
   684.09482751971507     
   624.23267365008758     
   596.46053999728838     
   554.81874120013799     
   534.67301187680903     
   509.80659598884932     
   480.86186737516215     
   456.20563794868349     
   413.84949251760781     
   398.22254815763415     
   385.58144528494063     
   376.59632821872310     
   379.56791283730627     
   354.56607233290185     
   333.75384418812877     
   317.84029552756522     
   306.96503714356220     
   289.82230969525176     
   281.85618724856033     
   268.33660307180082     
   279.13050930327569     
   270.70807311608121     
   251.07723901207299     
   235.91020951125489     
   227.48531842240666     
   213.76110441283845     
   199.62747838979064     
   199.46144630730183     
   197.16481844027183     
   184.14116183498163     
   173.61321903273827     
   164.88699097057790     
   163.65978296428980     
   160.26673182367907     
   159.26825133057758     
   158.09942329821354     
   154.87154664734999     
   143.78594115303568     
   139.48925401670004     
   134.79731202538227     
   126.77366934879268     
   122.57824156763962     
   117.78107482914228     
   117.17275947115806     
   110.83823530896396     
   105.76455608070816     
   105.41306504373119     
   98.722028067722917     
   97.558002132366710     
   94.855061620136951     
   89.927045679900857     
   89.671148001360194     
   88.058980798419967     
   85.475123019768191     
   85.426010880703771     
   83.724472468011541     
   77.856486501733400     
   74.788790477466108     
   72.511555291579668     
   70.687472694198973     
   66.755928032260655     
   65.609844465732749     
   62.764847713101283     
   61.757337867395016     
   63.551032923260969     
   61.843634600202591     
   59.045627487382156     
   57.184736631794387     
   54.894979219002906     
   53.053134768177969     
   53.948053781147728     
   51.291108465378130     
   49.884451950172476     
   48.746706587607093     
   46.581211714368493     
   46.320148048254268     
   43.231272501817486     
   43.421398963012642     
   40.438123179948334     
   40.596024036894477     
   39.734151062351003     
   39.760240798275440     
   39.013756935942681     
   37.327951552153102     
   37.014139905621619     
   35.371400176479519     
   35.445848288265836     
   34.033446514903623     
   32.993934757253804     
   33.528702026855946     
   31.718780688686017     
   29.755155664181729     
   27.926789512911768     
   1390.3917031208143     
   1252.6294354260860     
   1134.2206582580191     
   1024.0147973352111     
   902.92105162963833     
   826.40440715106297     
   754.70750672915142     
   689.98590069682382     
   627.42883520525436     
   612.47973763136054     
   556.58457625107224     
   525.89265345133185     
   516.19046613670707     
   482.27748754470758     
   455.22520253064476     
   421.53669175699827     
   397.14183004733798     
   384.13291860420236     
   378.94449279992847     
   376.60198900714192     
   351.16143062916444     
   333.41663140111757     
   315.30328528545272     
   306.70196992252318     
   290.07233179234947     
   283.13862101920648     
   277.74940797029132     
   279.75204957692029     
   267.70704438729229     
   253.66695010968567     
   242.89024702177448     
   225.43463169503536     
   221.01010151379373     
   205.47878110255709     
   203.93987330915823     
   195.18801815257831     
   184.78956101976965     
   174.55521215519212     
   165.39831423933936     
   166.77057474495129     
   163.83674569853216     
   152.90101530091138     
   156.75850368458995     
   156.20084534482260     
   144.81253015947505     
   140.51465655525129     
   136.37291269593243     
   127.15535825093482     
   122.43641017045290     
   115.69079836001798     
   115.78369736298679     
   108.84103206958504     
   104.53118762695668     
   102.84745442556782     
   98.789519547357870     
   96.820071058891571     
   95.098867191357385     
   90.114555458686368     
   91.867563668776711     
   86.628017705566734     
   85.746103942971217     
   85.905028927768626     
   82.405239033638111     
   79.711533965243291     
   74.144019733492172     
   71.906108990018708     
   72.388117636607689     
   68.278917108173516     
   64.333367764319377     
   64.136383330707346     
   62.124337165643382     
   62.185067040852701     
   62.517284354238086     
   59.555759070102361     
   55.986175398209681     
   55.819833948594194     
   53.342058990331488     
   53.506210351384041     
   51.341456246425679     
   48.908758492145765     
   48.947320922199637     
   46.992244227732726     
   44.427724598048286     
   41.912297412271577     
   42.329530460812251     
   41.619498615264490     
   40.028570335835212     
   38.225197510252002     
   39.666400995715449     
   38.551565392957386     
   38.067910554114178     
   36.050611120835981     
   35.262415324668460     
   34.016684235588961     
   33.406916205787184     
   32.255375422234444     
   32.727830307594211     
   30.962160898116068     
   29.329651244098116     
   28.108882263514584     
   1389.4272413095568     
   1261.8756526686607     
   1150.7804396743757     
   1035.0236064111509     
   931.19697736896251     
   838.31616844746532     
   764.69993429381975     
   699.40461222555791     
   645.11122991574916     
   614.37475028261531     
   570.06556895238862     
   529.86077849934179     
   512.53954226333997     
   479.65768520160049     
   464.40151640170444     
   424.80121406443084     
   397.40255532119528     
   391.94724743871990     
   384.12644253168173     
   364.06799923218341     
   363.63181699387758     
   345.62040314745639     
   321.04517019130458     
   303.73866921028161     
   291.22644251453448     
   283.88197372118304     
   282.67421698995548     
   274.22138276130772     
   267.58218301285206     
   254.88805721995715     
   246.65733212537492     
   234.34426663143211     
   225.10489968942869     
   210.32488750579623     
   202.95439361641641     
   195.88552803670643     
   185.88895444493912     
   175.16353101248905     
   168.53045647409800     
   175.07671481685105     
   167.54921168818152     
   152.83771500058160     
   152.16458097670588     
   152.53137319402759     
   141.05552816841220     
   135.32095026762710     
   135.16351360550786     
   128.83385769279752     
   121.21054476736728     
   116.65557898888808     
   113.01087287291502     
   107.75881904267118     
   104.92816099420105     
   100.69197000860989     
   97.502463240658045     
   97.916634185829253     
   93.149338440923088     
   92.830893271415391     
   90.301398339750463     
   84.924186048612057     
   85.257116516192383     
   83.390073482129282     
   80.402821849552609     
   78.035950592525055     
   73.939878988055852     
   72.337573278168037     
   71.921247366652182     
   67.290034805674821     
   66.725471359293181     
   63.260553260272943     
   62.616521198113468     
   63.649600614695785     
   60.840412634281307     
   59.018211304143620     
   55.348576156010893     
   55.361762692909338     
   53.258429369640240     
   52.457642502492611     
   51.044302014307846     
   49.797000715242987     
   48.265747512877304     
   45.743427482594186     
   44.968999239082862     
   42.025089667461245     
   41.808150328913129     
   41.975058343134542     
   39.902684720727869     
   39.890627443876618     
   38.503576553510790     
   37.954152943511716     
   36.533638081240859     
   36.362825571645736     
   35.297763794215179     
   34.874469527139340     
   33.165862467649305     
   31.148058679509873     
   31.851129171467182     
   30.497917959519203     
   29.800589850684656     
   29.250277444226413     
   1394.7931966074275     
   1272.0657932037197     
   1162.5756493237943     
   1052.4315144672980     
   958.77328745554837     
   854.49500218394701     
   781.62037436959781     
   716.02413148608036     
   633.51460857547431     
   610.47516800642313     
   571.80304995039660     
   545.24784778051833     
   519.41052463932158     
   473.56106580637913     
   464.00814713577597     
   436.29953611256184     
   412.99643566047058     
   390.12496887110257     
   382.58418070568945     
   361.44183518691733     
   358.38389212833778     
   347.79312652132990     
   325.16743299616837     
   302.82195159128122     
   296.42420325178398     
   275.42875658876494     
   276.48875468748156     
   270.32493548614559     
   267.83984664112586     
   255.16421035435428     
   243.79940930767921     
   236.33917534758243     
   221.77856336273143     
   207.65032608609505     
   201.58417927883647     
   188.54732000493686     
   187.23346348566821     
   171.79901132069364     
   169.69086614134153     
   172.38440379020307     
   162.98264448164562     
   152.33379354909329     
   146.04187766133867     
   148.69746457930313     
   139.22116364196285     
   133.55880050920217     
   132.13261327430382     
   127.24890759474201     
   123.45728484714807     
   116.34265016875086     
   109.32174228686486     
   106.54474574533319     
   103.56062812940654     
   102.90914043369430     
   98.562961000461570     
   97.320256244503327     
   95.311001444454220     
   94.130023572082834     
   90.051034991467901     
   86.711973062580569     
   84.589993164326842     
   84.875727475738870     
   80.696830743864922     
   77.088998424749263     
   73.675728995344059     
   72.765876409172861     
   69.390804820202661     
   66.847855431339809     
   66.720507597881706     
   64.245552235711074     
   62.815908333231761     
   62.730155876678253     
   60.015898264339285     
   59.604321906774629     
   57.133161448442394     
   56.247992769666361     
   52.743339267692050     
   52.789293435245590     
   51.544634981373932     
   50.147865474302591     
   48.679367850272016     
   45.724366658777939     
   45.136272544504031     
   42.627436231093839     
   41.268174411337455     
   41.002802062019128     
   39.145787700512741     
   38.616230954033853     
   37.836602959733952     
   38.216492074525810     
   35.808633048085788     
   35.402195273443880     
   34.864025380890013     
   34.258180417814337     
   33.663003048463935     
   31.946446154330832     
   31.651096701869299     
   30.114129296247334     
   29.615296237154862     
   29.328339588282038     
   1395.0910233479051     
   1291.8206535298427     
   1175.7035535220950     
   1060.4941724657906     
   971.57023290898371     
   863.79767191911174     
   783.54807672349500     
   733.88847912789515     
   648.10320696238932     
   608.74951855240647     
   576.72780677717219     
   555.05429129024355     
   517.79944990808019     
   476.44141590297829     
   461.38184918923247     
   434.47522633769182     
   412.40693518483806     
   406.31128797224164     
   382.95243617976712     
   362.74893960439357     
   351.16365905295953     
   343.10119183257081     
   322.98492934400349     
   306.35736363171395     
   304.47095900098827     
   282.05571434395284     
   280.14364416194530     
   271.30083201923486     
   266.41685587207189     
   243.07762512646349     
   237.13436279496193     
   229.61381230658361     
   219.27643037126029     
   204.73236383816871     
   201.26972990541287     
   186.29294177478334     
   186.84138559019968     
   173.67213477870916     
   165.52036355016932     
   167.52995193013720     
   162.37270038198835     
   154.47742845501296     
   150.19512098775982     
   149.12367757498990     
   140.53082257705830     
   130.16929761442390     
   134.47441411885168     
   126.97330135225560     
   119.92955637507443     
   114.44120597134675     
   109.61232146835832     
   103.83484802728584     
   104.24547896819834     
   100.15945545786357     
   99.927041766402482     
   98.334017025299133     
   94.735659600947457     
   91.639064053098991     
   89.580447669999174     
   87.911556304108856     
   85.870701806144496     
   84.107141880510710     
   80.208618387640158     
   75.957120061216571     
   72.065911953225594     
   69.233944575976267     
   71.275932077246537     
   66.614274923461849     
   66.629376952484236     
   62.245289302750550     
   61.737497706179042     
   63.450281798143180     
   60.939162923668142     
   58.606811558514451     
   56.087645426025937     
   54.629707502114073     
   53.224930456454729     
   52.866421308652647     
   52.100413447656237     
   50.589001265610307     
   48.130764487235226     
   44.456767548259194     
   44.424860474568256     
   43.627610249934818     
   41.995618871387549     
   39.962445133333979     
   38.724756329132831     
   39.542017778459716     
   37.440163900684034     
   37.767874714571150     
   35.521539342384308     
   35.001005346655141     
   33.845587383718467     
   33.636012699378092     
   34.011722256544900     
   32.029258708507705     
   32.694202345592458     
   31.752260234284687     
   29.582931659806594     
   28.580759812131159     
   1401.9096542324410     
   1295.5388794758428     
   1177.0049127211691     
   1059.4994941830062     
   992.33635700429500     
   883.55886562054366     
   795.28877596879977     
   737.39138646194760     
   662.53404226812484     
   614.06151298061536     
   582.50357516992995     
   561.31168182087686     
   524.29122353119669     
   482.09197804036557     
   463.52580156380520     
   437.15545483137885     
   411.15315981214297     
   390.10369959056527     
   372.60794353015899     
   367.66287580253720     
   351.41065753132131     
   352.48905441925615     
   330.75836895043574     
   315.69360576310726     
   311.17848131280476     
   282.43233447755858     
   280.07705497368283     
   274.92763251900988     
   269.45035799970231     
   241.98720241206874     
   235.15770245589655     
   227.52105842748017     
   217.49955020079310     
   207.38619079537375     
   208.63157492829453     
   194.01599738323648     
   185.25725150539387     
   180.52964382699406     
   167.05413746364414     
   167.14768428932172     
   161.83337695107087     
   156.71742456552869     
   149.97005000129002     
   148.91877528322945     
   141.93995995785423     
   129.86315823492635     
   127.63150616208863     
   122.72690666887632     
   118.96799649163756     
   112.25447488030012     
   108.72608241693162     
   103.93127947772633     
   101.11306584668986     
   102.60716056450119     
   100.54364157130901     
   99.997401175180968     
   93.478896515295460     
   91.103764635599489     
   90.299036214193478     
   89.121602574769653     
   85.748669481915570     
   81.303940671857589     
   78.974819322328742     
   74.257077731110115     
   74.121610533186285     
   68.969611962431827     
   69.550595009107155     
   66.450517410068187     
   65.620389432414584     
   62.698420685169850     
   60.871150106650944     
   63.423588371688986     
   61.566248508789009     
   58.892201333066922     
   56.273138218269601     
   54.379256313783166     
   52.617233583922207     
   51.352553581338128     
   52.227201848173820     
   50.658006327965083     
   48.125410203144959     
   45.102080818304657     
   44.430805763051296     
   42.818380460756686     
   41.798713753773896     
   39.324410608469130     
   39.876573528016635     
   38.539921991045624     
   37.300353415512490     
   37.842599965578060     
   35.203547257510117     
   35.867232280942673     
   34.682368295956081     
   34.260578599140771     
   33.732765156432279     
   32.350236608444447     
   31.987812516971065     
   31.396615567658017     
   29.106679517048647     
   27.526148943916944     
   1402.6970679018953     
   1294.5438869623229     
   1170.9842874694430     
   1070.9686394767964     
   990.28317692516055     
   904.62225364391043     
   820.48078275604689     
   753.50277412047433     
   674.95547269111671     
   617.94170253664515     
   574.62175307015320     
   558.45458085344626     
   534.70686285380634     
   490.25309238522107     
   461.07049877912959     
   429.53747164034007     
   419.79414687156850     
   379.50417370776609     
   368.58884276385766     
   361.81391837406034     
   358.97445670914772     
   364.61063170470015     
   330.04411618195076     
   315.07898126670875     
   316.42111672061662     
   284.80475061896959     
   279.46281696200555     
   275.09549841599187     
   272.11208517938667     
   249.78246722945906     
   232.38745940739236     
   238.88907067546813     
   218.88359298929743     
   212.73294752539448     
   207.63173655338701     
   191.18980009493808     
   185.03126740505738     
   179.61481488658842     
   167.10276625761020     
   166.40553164236036     
   163.02901583881859     
   160.06152848312837     
   151.39874097137772     
   149.97451635265580     
   141.77961595691883     
   127.92119440748378     
   119.58595125036484     
   117.55099012187691     
   119.35294940982621     
   110.38019244040404     
   105.88973005623916     
   102.28710566479683     
   102.97584085798985     
   104.04575421347297     
   102.31293604625357     
   96.425095661102773     
   92.803064858979781     
   89.746487478356656     
   91.249551293824553     
   87.869490886100735     
   83.844032827175099     
   79.993646354937013     
   78.520624346891381     
   77.044613956980868     
   74.027801926729026     
   68.957134260600611     
   67.622268468092187     
   66.048057334048877     
   65.604774406423175     
   60.746333291832080     
   61.324126193243849     
   61.400320278065266     
   61.223402167464045     
   59.404345652309502     
   56.272870397922290     
   55.005293104801979     
   51.942542162976061     
   51.791671799610633     
   51.280863852800266     
   49.957930210990725     
   47.803096762427998     
   45.317387176723379     
   45.017259017398786     
   43.152292198282311     
   41.626282074427962     
   39.903664289311699     
   40.536171391931063     
   37.953581393020016     
   38.119995343469924     
   37.522884786702583     
   35.209166976537162     
   35.201806874197651     
   34.172551061178034     
   33.446393763288683     
   34.098279841471680     
   32.583245493852971     
   32.654566604464854     
   29.742413689874745     
   27.443368586065418     
   28.098286010592993     
   1414.0224502993092     
   1304.2975008258848     
   1182.8649292615107     
   1075.0629901635753     
   987.11247331286575     
   906.76485659343439     
   824.61309506080624     
   759.54967818056230     
   693.24662895476479     
   640.65851197732559     
   579.98955927042971     
   564.55717082658020     
   523.50484042461028     
   498.36106716482470     
   460.24705326262301     
   428.89485398755994     
   422.07012046479110     
   390.43074013159600     
   373.77557288090748     
   356.24015622302500     
   352.16963423141158     
   355.90216410215999     
   328.73293547736222     
   321.02658899710025     
   308.98175022660826     
   284.41170323264510     
   283.89100994497204     
   268.53627523087943     
   265.99379398751182     
   256.29535956218155     
   235.08600604118141     
   238.73410267951891     
   219.07292346792718     
   218.05753595019809     
   206.11858595365152     
   191.91387765576872     
   183.05892692077802     
   177.55264048693795     
   170.43605620021290     
   163.04819135622859     
   161.66703751238026     
   159.91806149354855     
   152.46203405075775     
   155.43741802986455     
   143.19045974855763     
   129.60139187726736     
   121.63843591354436     
   119.01092814525131     
   120.50241930135260     
   112.18675910709176     
   106.44305710809343     
   104.08561857977148     
   106.15746433552876     
   107.22056096661062     
   102.69830912439787     
   97.561545428083193     
   93.966287877612189     
   91.948870663118470     
   91.448003786698933     
   88.827212542072601     
   84.950896326981251     
   80.656078310495388     
   79.375534477471319     
   76.496581165649104     
   72.345191916930915     
   67.816513293187597     
   68.324295196361930     
   65.226284335520518     
   64.811251228797957     
   59.894875282239596     
   60.205861709296187     
   61.238249673813840     
   60.823867969096867     
   57.412968794327725     
   54.886894778537325     
   54.839383709014342     
   53.694250370673075     
   51.130358338832913     
   51.203762896892428     
   48.743047503256939     
   48.593575717601539     
   45.007835330473874     
   45.041520505279927     
   42.454893979053082     
   41.468758813172833     
   41.596809065775872     
   39.965015802605507     
   37.411528303295555     
   37.935395355263388     
   36.885110009657303     
   35.362962304854015     
   36.127475093131977     
   34.378697613097145     
   32.814242996890556     
   33.174060753541625     
   32.585649120479630     
   31.582035532825227     
   29.461228837378044     
   28.348146921525906     
   28.882320425165947     
   1413.9630484871273     
   1292.3750961307151     
   1185.0594354099799     
   1089.3029018887512     
   990.88067909519191     
   892.72227754368589     
   817.27234076756986     
   763.39962927399461     
   699.87233983842691     
   647.48123774437329     
   602.70000900750176     
   550.55087533986830     
   511.51963963680049     
   490.90697994035679     
   453.85178628748628     
   423.98730969562155     
   413.54698620018473     
   389.44168502157686     
   376.23819546649247     
   360.27432002865044     
   356.54591355029584     
   358.59043990409060     
   335.44557279850483     
   320.50047176283977     
   308.07606219951140     
   285.94174836758111     
   288.30979964806818     
   268.66955486878601     
   275.64118491413774     
   256.92437538732833     
   224.63510067178848     
   237.71094419196831     
   218.04721924491830     
   212.97960689912171     
   203.76153951409182     
   199.44398252909582     
   189.25527064161707     
   186.38879109712190     
   175.20914546257626     
   164.13919197887907     
   153.53829596509510     
   155.65629300448040     
   152.69913626134138     
   158.79651316208916     
   149.19701871075836     
   132.32782894002966     
   122.52857949179187     
   118.97938447049785     
   121.86964760607717     
   112.81461869816590     
   104.79475505867919     
   105.62075082282244     
   108.71343359099281     
   106.46004210514965     
   98.549785431740503     
   99.038584601341299     
   94.241689398179489     
   92.770081780145077     
   90.024948682055623     
   88.323611573547637     
   87.218880098115292     
   82.514560440189456     
   78.401218203078344     
   76.098695740242661     
   74.172940912737388     
   70.216227334833306     
   67.132763584248949     
   65.927259483781683     
   64.549357964312890     
   59.598593552705019     
   58.860931237769258     
   62.630287769607705     
   60.197161086271777     
   55.837209008440304     
   54.028784044222526     
   54.184970229675692     
   54.008403719331710     
   52.045796643987572     
   51.792766341997513     
   50.471845111759208     
   47.814774857650747     
   45.289160856327854     
   44.158196237767122     
   43.407964166142996     
   42.546949615594229     
   42.224138872600925     
   40.620920905460437     
   38.581650566832096     
   38.110740338333741     
   37.735744194544182     
   36.402874162325574     
   36.013463793947530     
   34.118948830136745     
   32.456537169932403     
   33.879945643389753     
   31.843170021364088     
   30.939728240677887     
   29.084084058295772     
   29.354600693222547     
   28.050034624417552     
   1384.0855678238543     
   1287.4044455227549     
   1175.2667971695521     
   1110.3336440000526     
   990.54543996134703     
   896.10906840380437     
   813.74660458777623     
   779.58219435643946     
   700.50202045159449     
   654.14328301431192     
   596.14239743417374     
   560.07189461680480     
   521.20122039225362     
   495.24634636572978     
   451.57899511241908     
   434.05525713911783     
   423.33130134802406     
   395.23878281266718     
   381.27328312659449     
   364.30682104448204     
   366.60378375771933     
   345.37338901966189     
   337.39476394048404     
   327.79082424961462     
   306.59487918563423     
   282.47301326608397     
   283.86715083748663     
   270.08549165334910     
   278.23731978098988     
   251.95167278100828     
   217.55787320492462     
   232.80497574844858     
   216.17033942697395     
   211.50008444518312     
   208.62238782010257     
   204.91189649244842     
   194.81082470982213     
   188.55614322023828     
   174.11419837705711     
   167.91456621441131     
   147.50143391314523     
   151.45320809228502     
   154.19244918095359     
   156.96471639200024     
   146.80009287222904     
   133.29557798237809     
   123.04292292666231     
   115.50048617772593     
   123.54166128421143     
   114.94593800963270     
   103.81283160547589     
   105.96840792732863     
   106.34967451398390     
   106.93492503267306     
   96.535649516931798     
   99.111476195706274     
   92.802057321959623     
   92.251433966135480     
   91.482710477951500     
   84.979108359014461     
   84.593202201222539     
   81.419308318345855     
   77.300272528980969     
   73.880455724070970     
   74.027072621435735     
   73.562199287142462     
   68.712384028218025     
   65.708300921001026     
   63.633969070175610     
   60.144058937469680     
   60.021109447128282     
   61.065830638098056     
   59.008524218261968     
   58.086487519430371     
   55.362269194720028     
   53.461191018963419     
   53.678149516481184     
   52.846860917089685     
   52.075485978165005     
   49.464644339997832     
   49.116019721857150     
   46.142592677700506     
   44.370911452902270     
   42.433418301093532     
   40.645761987510667     
   41.499707260590711     
   41.037326004940425     
   38.269668065471187     
   37.916287401654131     
   38.725931418714346     
   37.331474170834333     
   35.003799525994360     
   33.052786996085807     
   33.211410812303122     
   33.905788329300378     
   31.846381239739813     
   30.728386332537216     
   30.166596907367044     
   28.832902254651561     
   28.246726481934868     
