           1
        3200
           1
   873.47222956438964     
   827.23034611016169     
   793.47527146067398     
   768.01561771951810     
   749.92352815473532     
   734.30700206162851     
   716.10689565774146     
   698.10771620946980     
   684.06341919411761     
   668.57983115283309     
   651.52285333203849     
   637.70418382228991     
   625.00639744311593     
   609.37730390629360     
   595.54683993942194     
   582.89875204578891     
   569.71667294166355     
   557.26627991544990     
   544.04656186294744     
   530.31503831436976     
   519.08784345957372     
   509.06604175307871     
   496.81614450814493     
   484.61102774650112     
   471.48303711594815     
   460.64818933597041     
   450.46908573534643     
   439.02049973784023     
   429.58827265347151     
   418.83485782174068     
   408.72314839686305     
   399.00383356752764     
   389.30019334659266     
   379.97440935497002     
   371.66758557936237     
   364.04350420254394     
   356.21691922611274     
   348.18067211406566     
   340.05558843190522     
   332.97535789347057     
   325.74155347342696     
   318.61855051203167     
   311.49471934742377     
   304.66130675178607     
   297.58879755127089     
   290.70158254805051     
   283.89941579800023     
   277.57524386733650     
   271.08350675717719     
   265.05001700933769     
   259.46925589362689     
   254.02912582743778     
   248.50392866799586     
   243.18311262806753     
   237.94851643744801     
   232.94646967690099     
   228.13761660524088     
   223.27379417467125     
   218.73950939558506     
   214.20259474499960     
   209.74144030770509     
   205.57307814249981     
   201.58093692559760     
   197.58228657847806     
   193.60628626211499     
   189.74314358015295     
   186.10010735735585     
   182.46015466833103     
   178.89405550013089     
   175.33881662576823     
   172.00932082512611     
   168.69555277997557     
   165.43847715838808     
   162.29921006589942     
   159.22158503980293     
   156.16365713456398     
   153.19218871706531     
   150.27451753568232     
   147.37078476461693     
   144.58537752653584     
   141.78862030373000     
   139.08459222971737     
   136.44255417818664     
   133.91734154971718     
   131.44622177341051     
   129.02161038580849     
   126.63586153331143     
   124.31743458183794     
   122.01435003518741     
   119.76037071483428     
   117.52043961598793     
   115.35475436044086     
   113.21581243680106     
   111.14207167216432     
   109.11514382734306     
   107.14199561413564     
   105.22428022805053     
   103.30382293088223     
   101.40122243555042     
   99.540535163372368     
   893.86482900638691     
   866.96883332866310     
   832.33871532854869     
   806.31630543046845     
   778.94809238702214     
   756.03217363430747     
   737.07832688251347     
   719.36752396957786     
   699.45460764330574     
   683.77897023865376     
   669.23467868433431     
   653.61536616450815     
   637.74403873247047     
   622.86281232539307     
   607.05717401518052     
   593.64847072062685     
   580.02845078747259     
   566.01055720430293     
   551.84007524218555     
   538.93693551618776     
   526.00354575646156     
   512.15689155695804     
   499.88091710759863     
   489.16391652759620     
   477.83841109403636     
   465.73959149129468     
   454.46446674864535     
   445.54477832936891     
   435.51031447611615     
   426.19820490266216     
   416.96855082004913     
   406.57858299953421     
   396.97339636663310     
   387.68186040693308     
   378.10271069727253     
   368.91008206355059     
   359.76828908143739     
   351.11213907567850     
   343.09420529542473     
   335.13143268130199     
   326.86706541252573     
   319.25017369959619     
   312.26123305562373     
   305.28065027380279     
   298.66078103496199     
   292.37858718733366     
   286.26888677044712     
   280.12910606909315     
   274.14358234207219     
   268.53305592602055     
   262.63870426797985     
   256.92226798918881     
   251.64369403413434     
   246.27229860656064     
   240.81003233659908     
   235.54587398603286     
   230.58278360303279     
   225.78844208277815     
   221.19260882592093     
   216.76577531020649     
   212.47032375159375     
   208.13380989814897     
   203.89336280603183     
   199.85016816016014     
   195.91617862793919     
   192.02113210644887     
   188.22063842149893     
   184.49258031335199     
   180.90067813407080     
   177.42287161263698     
   173.92772918667492     
   170.46765560629353     
   167.10937402575772     
   163.92439736558205     
   160.80429450668402     
   157.81073552980678     
   154.88180062969201     
   151.93253195994708     
   149.09030847124734     
   146.31251069035235     
   143.58084541382306     
   140.90716953370170     
   138.28482070406687     
   135.73027897967853     
   133.14844252199208     
   130.58830843273688     
   128.13212110819916     
   125.73814020165490     
   123.35487514495254     
   120.99583655955172     
   118.73922276792987     
   116.55888005312067     
   114.42022385993286     
   112.31918944447094     
   110.28574305087535     
   108.23804091943853     
   106.20379327677065     
   104.26498392500920     
   102.36683652129304     
   100.51583050062294     
   895.71751148347630     
   875.69895398464951     
   855.36598970657678     
   826.69214978275375     
   801.80091638264730     
   779.14763187469941     
   755.08317195898417     
   734.87949804838922     
   717.86121781468444     
   698.91080806322088     
   680.75130864125117     
   662.61532835108312     
   647.53495231820239     
   633.26944005816563     
   615.61974297141069     
   599.50414886588919     
   586.46475290475655     
   572.20999107168859     
   558.64087727427182     
   546.36831983881984     
   533.31965497245051     
   522.09017082838352     
   510.38311039893000     
   498.33671365372129     
   487.79530995922755     
   476.35050800237832     
   464.32441980703925     
   452.87993376882912     
   440.95941775809212     
   429.59028505292429     
   418.38535410084990     
   407.79779490258494     
   398.48751156210278     
   389.09012800971783     
   380.02106447311860     
   371.31639120690471     
   362.98886016578484     
   354.37865808951256     
   346.24266456412045     
   338.18526763200651     
   330.27045240649034     
   322.81805167547361     
   315.53668592061103     
   308.52708055796950     
   301.43223238072591     
   294.58810790578559     
   287.84408476268499     
   281.77276876566879     
   275.59855750666890     
   269.68989612165808     
   264.13014468798679     
   258.41120317851039     
   253.00663186969786     
   247.46837900197573     
   242.53399421645150     
   237.42288970059190     
   232.40644198280509     
   227.65401003866714     
   222.63260274191381     
   217.91034753840205     
   213.39372510413230     
   209.05923416017714     
   204.81489417356093     
   200.80307927009073     
   196.75471732727087     
   192.83487746460389     
   188.91740413223783     
   185.21149751566912     
   181.56397999160328     
   177.97126340405410     
   174.48226093011215     
   171.22348180866805     
   167.98731480629232     
   164.66299825285614     
   161.38860555608477     
   158.20629883204316     
   155.17465663585526     
   152.25028967602711     
   149.31498276674907     
   146.37227644879988     
   143.57605796749135     
   140.80278933583836     
   138.14649009875853     
   135.58667099255121     
   133.07540381581831     
   130.61166120348065     
   128.20394247447825     
   125.86590886248817     
   123.57876340686670     
   121.30777156204037     
   119.10322124358356     
   116.89553349014609     
   114.74290496487325     
   112.62528291456410     
   110.56617861364742     
   108.61017357056919     
   106.64547276595735     
   104.69142750489203     
   102.81099561118080     
   100.93352897023988     
   900.42457713356464     
   880.25673936509816     
   862.31082893884150     
   843.72357604308536     
   819.56861912459078     
   792.65497882654950     
   771.31478386293747     
   750.36834631469026     
   729.82716400073093     
   709.99031125884869     
   692.43681178557085     
   674.90709081410068     
   655.85356710726569     
   639.12209376045769     
   626.02646549173562     
   611.22325938180222     
   595.22311971874092     
   582.36541583848953     
   569.36506419530429     
   555.14075555475017     
   541.70325744903107     
   527.74621278010670     
   513.44108167307422     
   500.18789825554313     
   485.89181816119475     
   473.82215377605337     
   462.36923591519911     
   450.44851565035924     
   440.30259828655210     
   429.97224504768343     
   420.21631926794549     
   410.94699768965290     
   400.41331000385168     
   390.77505303870964     
   381.62128782221123     
   372.91571263833907     
   364.35401347531950     
   355.95738198251479     
   347.51561538759489     
   339.41016249417424     
   332.28874667732691     
   324.91855502919293     
   317.26829928448524     
   309.97739599541217     
   303.46032894966538     
   296.76416863877949     
   290.35537765814507     
   283.94572942736949     
   277.93876132547467     
   271.35225521864328     
   265.40677648518613     
   259.97239071732059     
   254.30240819412097     
   249.32539793017446     
   244.07048711678223     
   239.07242061408937     
   234.05145421292909     
   229.14518732585486     
   224.65921316194311     
   220.15278701582002     
   215.67967233185749     
   211.44185148978289     
   207.14686885176798     
   202.82990380883660     
   198.66206574388062     
   194.69826508447454     
   190.81613267069702     
   187.08889057074430     
   183.36648529769445     
   179.75984548753360     
   176.25091573318971     
   172.82953042682334     
   169.45909362639540     
   166.21613689514541     
   163.14151776310749     
   160.12819549453877     
   157.05911434497321     
   154.04675426518781     
   151.13525204868932     
   148.39323245990482     
   145.66652350190941     
   142.91435816952861     
   140.25395201407343     
   137.54547946426769     
   134.94722258497302     
   132.37032654278670     
   129.89410237276857     
   127.42316736670757     
   125.04293627887347     
   122.66250688969205     
   120.36834537080935     
   118.13989079925224     
   115.94909380954594     
   113.82234435974505     
   111.70923215418449     
   109.60678022834253     
   107.58810464498029     
   105.60257130527880     
   103.65460347045178     
   101.78392992343528     
   908.84129823076910     
   887.80660915749468     
   865.70413443607890     
   846.49320443986335     
   826.84867756331801     
   807.42322043327317     
   784.39909180642496     
   761.83051622912353     
   739.07893596131521     
   720.50230557968177     
   699.95299115229341     
   683.09155039105656     
   667.60950727054103     
   651.52689696349580     
   635.13355676365018     
   618.92431215830766     
   604.06298682477234     
   586.49737228125787     
   571.27672363375427     
   557.29025693110157     
   542.17082692458246     
   527.62759138231547     
   515.32715799530638     
   502.88524839698619     
   491.51534720322002     
   479.63639776643345     
   468.18650113718832     
   456.75518101805528     
   445.27886595074551     
   434.82634393200141     
   424.36120742239439     
   413.76861752914766     
   404.07442406440623     
   394.94662409033396     
   385.89736179146013     
   376.52888070570509     
   367.79896840664310     
   359.35582557319515     
   351.43880889583272     
   343.49363882257086     
   335.50923935394820     
   328.00696381404225     
   320.92143506910935     
   313.85367000450810     
   306.78641082105889     
   299.84767560993527     
   292.82283265458375     
   286.04369640578005     
   279.64046476323637     
   273.96248150035888     
   268.37610929691800     
   262.39894783845949     
   256.67163723587691     
   251.18178213098585     
   245.77940589549837     
   240.61203781794018     
   235.63124560363278     
   230.72665100762987     
   225.79610063048170     
   221.12000806157667     
   216.57757999936106     
   212.13611505637294     
   207.90986370866807     
   203.74577210751465     
   199.71981181223609     
   195.60445370352576     
   191.67501641763207     
   187.80259912439658     
   184.03820299100855     
   180.41529695393064     
   176.78782915744014     
   173.23750192942117     
   169.83720551727623     
   166.45838663057202     
   163.20682510670386     
   160.01787919029900     
   156.91641095587869     
   153.87071798202362     
   150.83774881326852     
   147.91760354454610     
   145.03064713302862     
   142.30749655049539     
   139.63042751128097     
   136.99270245277035     
   134.39828834601067     
   131.88833435649755     
   129.41773721552224     
   126.98241256072563     
   124.61282285382723     
   122.37567033484834     
   120.11941567490922     
   117.91961706411831     
   115.76266118899122     
   113.56579636166205     
   111.45787532223224     
   109.42580964122752     
   107.40792217685419     
   105.46098426631592     
   103.55518611417209     
   101.65760134796423     
   913.76332285711135     
   892.82939682258802     
   872.10192454138064     
   848.55802551503257     
   828.21539785367395     
   808.07777349792627     
   788.01038990021186     
   768.61992876508293     
   748.89588542575211     
   727.72396478466146     
   710.23204035877734     
   692.59371233710544     
   672.62591664504066     
   653.98531282790543     
   635.83578847268348     
   620.89520115257017     
   605.24101500749134     
   590.83939310033827     
   576.88856166290952     
   561.80271127908554     
   548.41475365763847     
   534.93753514581147     
   522.71087563288415     
   510.11366032901952     
   497.32421917709689     
   485.35869391903816     
   473.25210188457436     
   462.44810647938527     
   452.14307166725439     
   442.11017155137887     
   430.69587243640512     
   420.97533759182409     
   411.43589291100000     
   401.42860259152388     
   391.64040055235512     
   382.77792925678136     
   373.52356649779017     
   364.70015575724256     
   355.24214493471771     
   346.88032184559535     
   339.02687114698517     
   331.04703350343289     
   323.23630156179206     
   315.74708801251700     
   308.31228660603449     
   301.14549058766306     
   294.61996426025661     
   287.85076754619479     
   281.39303728161525     
   274.87735334496938     
   268.70022541501862     
   262.95202376747693     
   257.20499467581146     
   251.71672536951971     
   246.39335273280727     
   241.20755394559103     
   236.31183654292943     
   231.38531657341738     
   226.60190128969123     
   221.91857904199796     
   217.46506694992144     
   212.82318526459858     
   208.42110466548104     
   204.09706356500246     
   199.94734678379416     
   195.97590961705637     
   192.11396104511081     
   188.36445670337741     
   184.67067017621764     
   181.02208817401555     
   177.54715877063245     
   173.98236452527874     
   170.66590570935819     
   167.47370435407169     
   164.31226742035716     
   161.13946428948486     
   158.06131796128867     
   155.04119268673344     
   152.10934671420563     
   149.14858031902978     
   146.23177918824479     
   143.44023476739036     
   140.68978958659613     
   138.10281113982444     
   135.53126755483504     
   133.00514141603583     
   130.48868875038576     
   128.03984214937509     
   125.60564984749789     
   123.22286072619163     
   120.91275318649366     
   118.67726667659957     
   116.43287377205601     
   114.32867920886609     
   112.26610075488459     
   110.18122928487573     
   108.18164356190599     
   106.20114895131147     
   104.25030305112043     
   102.35816629995347     
   916.96408018063153     
   892.69854811614368     
   871.96322381898392     
   852.87198343853152     
   832.79050071800418     
   812.89274481960047     
   795.25601881043212     
   775.65058384670442     
   756.34887724594284     
   735.31546092575115     
   713.90012468834084     
   693.88998929742240     
   677.37800272799825     
   659.97269558717460     
   644.50015717604163     
   626.50929435206126     
   609.92673399946580     
   594.64088788395679     
   578.65434279477677     
   564.31821982340512     
   550.10574750475564     
   537.56248214658069     
   525.18762843625450     
   513.03424439268599     
   501.35596093067818     
   489.42921058731946     
   477.57559797738128     
   465.78942619347845     
   454.38087796849902     
   442.79667522697321     
   432.55299386892239     
   422.88562272252238     
   412.50561299969416     
   401.94529894156062     
   392.43193823006413     
   382.69144804348269     
   373.77768504496481     
   365.20821222007493     
   357.53464492193291     
   348.91630517992991     
   340.71990734773476     
   332.62638540928231     
   324.92003449163599     
   317.62619638582345     
   310.58692779969414     
   303.59842954194357     
   296.80355704876195     
   290.64848677342428     
   284.28322300331797     
   277.86174176310715     
   271.64104565678781     
   265.29997451136182     
   259.52117245852560     
   253.66302175595843     
   248.26309657073523     
   243.14836425912262     
   237.71303785942320     
   232.56320063141666     
   227.88953455074372     
   223.17513147367669     
   218.59366850122748     
   214.37594074180325     
   210.03441929746575     
   205.76816380451515     
   201.51124520901465     
   197.52546335156313     
   193.57527864005755     
   189.71753690966273     
   185.95100270671065     
   182.30256965699101     
   178.77904408100363     
   175.38210362575751     
   171.94408184858452     
   168.60541985436413     
   165.27524622182568     
   162.13024016816519     
   159.06295576253655     
   156.04043884784443     
   153.07449518682117     
   150.24742697380174     
   147.45141045639716     
   144.66811707870892     
   141.93645602856517     
   139.22979647206839     
   136.57267872160239     
   133.99473979475243     
   131.46640672000512     
   129.00243248241338     
   126.59417364994337     
   124.21109511329263     
   121.89559245506082     
   119.62228530776066     
   117.42302170237585     
   115.23295204472808     
   113.05028897761036     
   110.94401119400109     
   108.91069833032935     
   106.92878475592426     
   104.98715895486592     
   103.08553699821877     
   918.33114903338378     
   897.70286601762666     
   876.63933787069857     
   855.05445811343270     
   834.88082088162832     
   816.36108196694568     
   795.10202839086037     
   776.31762858251193     
   755.88596105021588     
   739.24629540944341     
   721.38040050262373     
   702.49307987522957     
   683.06033076444282     
   664.94658051915360     
   646.84269007648300     
   632.25073893130525     
   615.73717749486354     
   602.04071224961979     
   588.23036444981574     
   575.03432962252145     
   561.54568086430936     
   547.33919788089611     
   532.48405125801833     
   518.65250074883136     
   505.84665293714011     
   493.67443703786768     
   481.82823636845131     
   470.03551070980370     
   457.50060520808688     
   446.12495284639635     
   436.12173768729684     
   424.84153045950080     
   413.93931483439434     
   404.22652686428808     
   394.14108747588750     
   384.45268558087656     
   375.21566134203982     
   366.60884614471627     
   357.88495763819930     
   349.53898536711597     
   341.41724512836294     
   333.47540168438684     
   325.53670923554949     
   317.85850617586590     
   310.78507925779962     
   303.80517885603308     
   296.81513173200545     
   289.98287626925878     
   283.51697828300297     
   277.37598767933048     
   271.27366152953385     
   265.92006624709637     
   260.54378334532061     
   255.49384461106544     
   249.90753163360210     
   244.19652222720310     
   238.95022182968097     
   234.03546254651027     
   229.08231767097706     
   224.47028301992160     
   219.78804064182083     
   215.02337577859095     
   210.52622776953541     
   206.29963230267902     
   202.23396290083446     
   198.23213360551861     
   194.29083916919993     
   190.32421003503299     
   186.50462725498653     
   182.80206524344064     
   179.18614882160310     
   175.68278380037006     
   172.17348597843494     
   168.74835129454146     
   165.47332850712522     
   162.29193941923455     
   159.08299581209729     
   155.97636785650622     
   153.01921218857521     
   150.03275785788080     
   147.21486241559006     
   144.40872411778273     
   141.63059824720438     
   138.94545773952868     
   136.37496501353496     
   133.81900875452277     
   131.29938988067977     
   128.84223946611306     
   126.47122945747006     
   124.10632196267841     
   121.82334738078609     
   119.60098352141506     
   117.38614428901570     
   115.23932360875997     
   113.13581827035640     
   111.08730634753637     
   109.03651230307972     
   107.01659727555327     
   105.04465994578793     
   103.08707563148241     
   921.31203120618102     
   903.15386379034817     
   880.62123566337846     
   859.89138417950971     
   839.48747407401288     
   818.30157416480870     
   798.81163491479015     
   778.54045492925547     
   761.65319693251217     
   743.11308807332045     
   724.12451494726577     
   705.34131673863862     
   687.66586965558452     
   670.34113130577180     
   653.63422796543182     
   636.49732629888342     
   621.39932987185853     
   605.82975889756608     
   590.54976118971001     
   575.21324882829060     
   561.17057873613430     
   548.00704851327794     
   535.57061281776862     
   521.60427479363420     
   508.50665642600461     
   495.26496385399014     
   483.36577444275224     
   471.47200164068954     
   460.98198665703757     
   449.51637649771556     
   437.61328287521530     
   426.89841507714038     
   417.60783974351023     
   408.09756098019926     
   398.67335438780594     
   388.96678105269245     
   379.52286750711096     
   370.12529563494837     
   360.96514940125167     
   353.02691730652725     
   344.90992631460608     
   336.70411581077070     
   328.80986581426657     
   321.34182734731684     
   314.18652694624171     
   306.71679573238765     
   299.98254572886822     
   293.06433909014800     
   286.31911869054568     
   280.01697314651233     
   273.68482365140716     
   267.30497551481500     
   261.11699969325150     
   255.11636692266848     
   249.86554214441458     
   244.73911953297181     
   239.62588128076220     
   234.71491505937948     
   229.85872216541966     
   225.04475970663776     
   220.28100322668828     
   215.86708209609191     
   211.55631284556475     
   207.25547291489116     
   203.00476514201921     
   198.88979487750768     
   195.05460597718621     
   191.34429161567667     
   187.52331633543943     
   183.74794394923094     
   180.17893096782444     
   176.71425636178898     
   173.34251783457094     
   169.97597981738022     
   166.59692957018558     
   163.28428089983754     
   160.14535290108810     
   157.14918986355926     
   154.08927193577586     
   151.16443843849416     
   148.25825227375782     
   145.45400862063059     
   142.74644866534709     
   140.01459911828553     
   137.36564605864064     
   134.82324262873178     
   132.31021036718840     
   129.88197934838368     
   127.45424319810792     
   125.11367799246065     
   122.76468820816093     
   120.43535354448744     
   118.19241950436351     
   115.97507554328467     
   113.82865939066001     
   111.68520767309016     
   109.66380597432406     
   107.66450604787157     
   105.69334702681861     
   103.77438871015805     
   929.73938028649138     
   902.40627694282739     
   880.87718858688709     
   861.26987653229833     
   838.71499285023253     
   818.64091273435201     
   799.34813337670323     
   780.59295336895752     
   762.08121083948276     
   744.14539636486484     
   727.73983167627694     
   711.01966650002669     
   693.42348722648876     
   677.96815464460224     
   661.37449530134154     
   644.57233070749578     
   628.38032876242619     
   611.29011663235440     
   595.31741866976313     
   581.57016405928755     
   567.22078411207167     
   553.21285611058579     
   539.30134604781483     
   527.03709212649539     
   514.07063568892909     
   502.09633721734508     
   489.26439173438894     
   477.31746696339781     
   466.02119394577096     
   454.14639093679614     
   442.90559452746265     
   432.31308297288172     
   421.20025836644322     
   410.88828774076575     
   400.89346833846093     
   391.44362609732633     
   382.57492167786864     
   373.56139082133882     
   364.68552753623288     
   355.31864423389584     
   346.27683390022992     
   338.56932486362939     
   331.07237579710670     
   323.11464074279598     
   315.35395830013465     
   308.59356068761463     
   301.76777143511885     
   295.38039432506758     
   288.82630620919969     
   282.42570596901129     
   276.15145874787396     
   270.39592157407083     
   264.82347268568674     
   259.15034068222218     
   253.38682738887326     
   248.00737365115270     
   242.79215409421320     
   237.56767299372575     
   232.36725977290644     
   227.42087584090584     
   222.74790406514194     
   218.04569293109063     
   213.57956049842744     
   209.22439767156428     
   204.93397361183176     
   200.69340932415267     
   196.56516747880625     
   192.45645608061807     
   188.60140603152149     
   184.90330968363466     
   181.09575397192950     
   177.41714928981136     
   173.79688069179426     
   170.28458929154962     
   167.01556346278113     
   163.78077283773064     
   160.53499347924293     
   157.33461986660967     
   154.33696448565902     
   151.37360219724218     
   148.50255503721959     
   145.70119356045251     
   142.87613667225608     
   140.18802799313391     
   137.55088161552445     
   134.92210369203809     
   132.38276959870890     
   129.87642070368696     
   127.42161180661218     
   125.03157339162647     
   122.72336261996668     
   120.45920887852924     
   118.23362059284696     
   116.07301538009604     
   113.90965124141439     
   111.78943760978942     
   109.68062310547077     
   107.67865965165451     
   105.71919049903761     
   103.79112364052388     
   929.33027210959938     
   907.47291506683541     
   883.86867662674831     
   860.34885254946244     
   841.06561175414060     
   821.74911091523916     
   802.02848122359262     
   783.14971454216470     
   763.95776235032099     
   745.34780323627547     
   727.82703143812182     
   711.71596222728681     
   696.33397432338643     
   680.39080267175632     
   664.03023446803434     
   648.72626513758860     
   632.75798085842962     
   617.37435204662052     
   601.87487270646272     
   586.79186556508557     
   572.10917235123168     
   557.41704975176367     
   542.06354649976652     
   527.98959755538772     
   515.26203900875635     
   502.24058757726937     
   489.85709103023606     
   477.81118803073701     
   465.06915169162539     
   454.53172933998599     
   444.23661412332314     
   433.64184058184867     
   423.08162468374053     
   412.70423312078970     
   402.14713303824306     
   392.52481641113366     
   382.47663202959473     
   373.59666555759651     
   364.95597102978957     
   356.48450351101985     
   348.09601470799646     
   340.05190494427268     
   332.60816174230735     
   325.74761424251238     
   318.42682336226767     
   310.64708872833035     
   303.17010394087697     
   296.13689177360510     
   289.32164408453696     
   283.04071333410354     
   276.97614422375693     
   270.48029951167945     
   263.99700778902621     
   258.11727935414200     
   252.62202759603122     
   247.39451543394685     
   242.29015053042562     
   237.20526673546973     
   232.18073415345734     
   227.27983809500017     
   222.35416742303596     
   217.85724664558759     
   213.39381621391922     
   208.97181358563776     
   204.80832090443641     
   200.75461498440899     
   196.59417930839305     
   192.60637527555326     
   188.83195245291716     
   185.23259214965006     
   181.61293630104404     
   178.00269131520642     
   174.64001480421615     
   171.28323769900248     
   168.04466044973921     
   164.76790249708068     
   161.69723673883271     
   158.62629929767354     
   155.58495568942487     
   152.60644705133095     
   149.70791005249293     
   146.76502507771113     
   144.02276043256771     
   141.31830571374394     
   138.59895671261469     
   136.03364677460638     
   133.48066283605678     
   130.95161892536422     
   128.50389336813441     
   126.09855336230615     
   123.74035093808671     
   121.44169124308605     
   119.17605782553812     
   116.94874090124546     
   114.82366116898709     
   112.71483393189979     
   110.66976174001381     
   108.66334935373224     
   106.65387932824754     
   104.70085400842319     
   935.85098125492345     
   910.46545964793449     
   886.16814718350975     
   865.43459986535754     
   843.49819175887944     
   822.18822347738796     
   803.77359387873560     
   784.58926016412488     
   766.62353464204148     
   750.22446313831620     
   733.26977541835049     
   715.98538057023609     
   697.24983184693565     
   679.06940429626695     
   664.18991156890092     
   647.70533472465524     
   631.77457893389476     
   616.69427760413168     
   602.23841877013308     
   585.14686822583963     
   570.97098226281264     
   556.98978219431251     
   544.25022330639206     
   531.73651522134469     
   518.25967578106247     
   505.81021177335128     
   494.01586725093870     
   481.46584173738052     
   469.68079648016493     
   457.54906806389903     
   444.99855302490232     
   433.59307867014121     
   423.18493047659166     
   412.75582569529763     
   403.43449907040076     
   394.37341677020333     
   384.79310350297544     
   375.35892615182871     
   366.31956676430917     
   357.35959322304188     
   348.77689125688335     
   339.86450078175528     
   331.52594838396146     
   323.19754670697574     
   315.89058782032396     
   309.11568080848855     
   302.16790458140645     
   295.04568831345870     
   288.47137004390163     
   281.92069396086157     
   275.92010959631909     
   270.07835109480374     
   264.65149957754932     
   258.96060948131134     
   253.32983145143078     
   247.68093696616461     
   242.40280008889863     
   237.10625323615088     
   232.21382763542528     
   227.36728751198712     
   222.80967273816395     
   218.18577123530429     
   213.82000786707741     
   209.46238514676958     
   205.13681032560987     
   200.96960839207412     
   197.00266996802463     
   193.15537645888224     
   189.47699682767262     
   185.69044960531397     
   182.10894739614852     
   178.63336074803919     
   175.13847631677174     
   171.67009571978048     
   168.23959498073515     
   164.96027469493262     
   161.70696222861793     
   158.58032491420093     
   155.50452519155436     
   152.45819430353376     
   149.56392078382765     
   146.82988845935583     
   144.07978239950674     
   141.29685123534091     
   138.65503289265175     
   136.00945920952176     
   133.45489090143252     
   130.97863952928594     
   128.54402079668998     
   126.14992876530917     
   123.78290393864158     
   121.43442951335857     
   119.19411732706952     
   117.03550021611848     
   114.86213892919346     
   112.78625109580456     
   110.70683012832171     
   108.66919686192507     
   106.66928769881052     
   104.69762823973549     
   932.53153353876428     
   911.17799210802548     
   891.94819794298996     
   869.06588041417695     
   850.10917868512399     
   829.75044781734789     
   808.83930582071480     
   789.23483465459640     
   770.89052265245118     
   749.97165637914566     
   730.35568888543366     
   713.14884895872649     
   697.79578527110471     
   681.16355726831625     
   665.00746186523668     
   649.04033184447724     
   633.69042483967326     
   617.68725979660690     
   602.39001481753144     
   589.77145575968962     
   574.85701743313109     
   560.90805386558191     
   547.40465480473176     
   533.11114932670546     
   520.16682194863972     
   506.21361566700034     
   492.30160207496397     
   481.06411738663587     
   469.64854175677107     
   458.57669867582513     
   448.20172403106392     
   437.53555714078601     
   426.71376598288975     
   416.01634737833882     
   405.51040163493349     
   394.84960133304008     
   385.64663972303134     
   376.07773073099054     
   367.08141861646618     
   358.87889639298839     
   350.63330502915437     
   342.79064620541942     
   334.71402682804285     
   327.31675272246815     
   319.33801273348547     
   311.86899060203996     
   304.92738634104177     
   298.45516567746097     
   292.07206279813727     
   285.51907492338478     
   278.95508900979115     
   272.78930680057312     
   266.67068735428933     
   260.91316775717218     
   255.41721685156315     
   249.95792404999520     
   244.47963253303908     
   239.49923493951596     
   234.73229678436624     
   230.04888848922008     
   225.20854454390059     
   220.65059531775330     
   215.96641516229528     
   211.52290681056991     
   207.18339502285258     
   203.02234875491183     
   198.81587525693021     
   194.78491115510965     
   190.78629052961477     
   186.94759106495752     
   183.09653409688792     
   179.38565756201109     
   175.79823376592174     
   172.44085298023856     
   169.14568960868195     
   165.91655108855554     
   162.74807292116259     
   159.60294028320391     
   156.55824732746538     
   153.66521859245509     
   150.75531275490204     
   147.88456028155292     
   145.04172465959996     
   142.26911858820787     
   139.55076943248145     
   136.91605304633919     
   134.39334936185841     
   131.92306437961716     
   129.44990204479785     
   127.02321009180545     
   124.68950949303378     
   122.39527869077196     
   120.12189155185511     
   117.86398170505255     
   115.66048678309915     
   113.48691583547922     
   111.35575453320888     
   109.28374277854479     
   107.29017588181631     
   105.35090324021387     
   935.56758374937749     
   915.46263593507956     
   893.18876154860880     
   871.18027576564418     
   848.91296111892075     
   828.12100196964968     
   808.31496941548721     
   788.28970015692391     
   769.26120025561568     
   751.64983538861429     
   733.33928199941556     
   715.22858968290791     
   697.66533060912423     
   682.05895655023437     
   665.44473908045131     
   650.38954316429977     
   636.38424458543363     
   622.41421732786398     
   607.70965794231040     
   592.87253507795822     
   578.21236894673314     
   563.52605347881888     
   548.42591327122784     
   534.63621812238034     
   521.43291344173997     
   509.67891101900472     
   497.35654098916302     
   483.75168040928008     
   471.73007810840210     
   460.06346977445401     
   448.24229361949301     
   437.25768061549371     
   426.55979755631427     
   416.31079050352218     
   406.43936105474035     
   396.72896609004721     
   387.57831711607639     
   378.53553961372103     
   369.63664997530628     
   360.54229282873121     
   351.98494673242556     
   343.61312037673395     
   335.87638241328835     
   327.73160626837114     
   320.61844054567882     
   313.87526527632787     
   306.75215945663217     
   299.72511890975665     
   292.99726580869719     
   286.33307664937752     
   279.78784111378792     
   273.66545785901781     
   267.95802989592119     
   261.90569145436359     
   255.94626560605494     
   250.56588528101807     
   245.24706181123685     
   240.23674057985380     
   235.24284627402466     
   230.02671469387920     
   225.29612969598818     
   220.52319309993851     
   216.02820793649718     
   211.68174988159055     
   207.49773208989075     
   203.19857184130049     
   199.19231250588302     
   195.28339217572878     
   191.38561713370098     
   187.49720833792384     
   183.87958635333172     
   180.29410885828469     
   176.75507116774537     
   173.26515111991108     
   169.92553642375734     
   166.64998286594417     
   163.54070721625243     
   160.46053523333526     
   157.36152626881469     
   154.29889203275710     
   151.26070108463543     
   148.31304567342818     
   145.47752553695432     
   142.78347849292251     
   140.11491005014744     
   137.50949572172499     
   134.82887652485311     
   132.24155733035556     
   129.78933453542868     
   127.39648649695498     
   125.02392871233369     
   122.69139673666275     
   120.38022391944179     
   118.19029645121917     
   116.01942726075508     
   113.87467565662286     
   111.79607004003921     
   109.74904598857235     
   107.72414316355619     
   105.75596587651287     
   941.85149438288477     
   915.72208915688486     
   892.92470372298328     
   870.99529637854607     
   848.19102763765989     
   826.89585863309458     
   806.07938622511483     
   788.18827728598342     
   770.00955479625793     
   751.52666544322346     
   734.77520217843175     
   718.57162613812568     
   700.98649014766511     
   683.87224881647535     
   668.21334199606349     
   652.46503705138559     
   635.57058675868552     
   621.35645142556154     
   606.88301032023605     
   592.68902403779305     
   578.52180237682944     
   564.23665409735713     
   552.00783605320282     
   538.93240077424775     
   525.56127121264171     
   512.57880429383601     
   499.88981767603207     
   487.84235557186253     
   475.05105137143886     
   463.20037311559980     
   452.48387641010902     
   441.27938610794041     
   429.92820227567233     
   419.03784003326274     
   408.89170374886874     
   398.75138331688004     
   389.09393932524904     
   379.84116643731846     
   371.02687199382024     
   362.92720140337883     
   354.58461682606207     
   346.32360929312171     
   338.10405806736469     
   330.25108449175468     
   322.66146658106629     
   315.13583904407284     
   307.93899505284799     
   301.02701292387889     
   294.19062435688227     
   287.89249514402394     
   281.80349282120505     
   275.51774095923679     
   269.18556582468483     
   263.45205401340985     
   257.85963441979379     
   252.24511204765759     
   246.87785012946762     
   241.32847575780514     
   236.00189424968261     
   231.23702067643211     
   226.35165335442258     
   221.74314162872085     
   217.23531092221862     
   212.58903086870214     
   208.10744190342314     
   203.92635651044378     
   199.80516915740478     
   195.70940677357032     
   191.71275432154113     
   187.97730740835590     
   184.21664977493884     
   180.54905607594091     
   177.06413963282489     
   173.65799803443608     
   170.19248243021138     
   166.78195981835307     
   163.39998881935784     
   160.17498245218721     
   157.08594137479523     
   154.07373855275782     
   151.08982285532068     
   148.20421495194142     
   145.41084776072586     
   142.62877594862371     
   139.85858626789184     
   137.14255520581111     
   134.58800844271204     
   132.08891247234820     
   129.57575068128196     
   127.09784574718037     
   124.71079774107670     
   122.39493768301149     
   120.17566698760960     
   117.91066293761304     
   115.72730025635958     
   113.61778445565005     
   111.56589979247205     
   109.52492490280559     
   107.55972529640873     
   105.62601803447551     
   939.69468144723737     
   915.51060098442213     
   892.99910504212755     
   873.08967446448571     
   852.22087147266097     
   832.02632857844128     
   812.70463224243520     
   791.28676120802095     
   771.95683679068793     
   754.12978401918042     
   737.59229530827622     
   718.91571177670630     
   704.55483758845628     
   687.93772594864402     
   671.09255746500151     
   654.58061022234847     
   639.06779170499726     
   620.80785619281176     
   604.99628046456667     
   590.15251092580843     
   575.90093637158589     
   562.86663714118481     
   550.07379164441488     
   537.94679200253279     
   525.20844810731103     
   512.84085749674523     
   501.10284445116298     
   489.19898445567009     
   477.26777058283972     
   465.54343015459432     
   453.34291245028169     
   442.31310573044397     
   431.88768098409878     
   422.27077745377159     
   412.00768682008714     
   402.22743839952665     
   392.29500693723384     
   383.10921581236795     
   374.04538696541181     
   364.96691761389792     
   356.54882382554865     
   348.13452553335162     
   339.85792125380055     
   331.88845302216396     
   324.05165114017814     
   316.19127412047436     
   308.68348150244560     
   301.63237690316532     
   294.75611129456473     
   287.87641611958526     
   281.43118836658505     
   275.15700997387313     
   269.05506666418813     
   263.10994511498961     
   257.38409881120452     
   251.94220075205152     
   246.53427476735902     
   241.18639290660997     
   236.12867897581512     
   230.97608454468082     
   226.11549816410331     
   221.43002867535554     
   216.62809215965643     
   212.26257649426447     
   207.98088272444429     
   203.74133539544093     
   199.54330279788314     
   195.56612529499773     
   191.61681477536189     
   187.74013001725655     
   184.05163388556241     
   180.33295575351758     
   176.80681638384911     
   173.30155719170259     
   169.95361207815441     
   166.63966757132965     
   163.46275483381453     
   160.29343603993277     
   157.13523428283452     
   154.06291551085332     
   151.13571040026164     
   148.23829183138383     
   145.40921852489001     
   142.64740965094646     
   139.98840104428476     
   137.34344347220519     
   134.71598394912300     
   132.17939693261854     
   129.65734054073178     
   127.25346611063681     
   124.90410100785311     
   122.57295415789461     
   120.26647497226529     
   118.04600423048659     
   115.84117178512939     
   113.65485373758646     
   111.53468196661362     
   109.50282560666439     
   107.45518095382644     
   105.43754709696229     
   944.44603730544861     
   923.35934658363749     
   898.61792311303066     
   873.80340578605274     
   854.70493970823429     
   833.71050822107759     
   812.04444279863912     
   793.41060370274920     
   774.41619184669582     
   755.52027837402341     
   737.00204509704156     
   721.26917517831941     
   703.59985938707860     
   686.41626956895766     
   668.48503978613030     
   652.09669153665095     
   638.26246385610148     
   623.70549136197053     
   608.07421041819634     
   593.31624665489744     
   580.26016654499028     
   566.41177247175915     
   551.94048343146778     
   537.69889457524027     
   524.82107192416959     
   511.27322406441124     
   497.72675710993747     
   486.05485363276387     
   475.47252825469093     
   464.27010721441462     
   453.78592522164894     
   443.38421931047651     
   433.46154674487309     
   423.02051902474199     
   412.27415630635767     
   402.55433154473099     
   392.69801768092987     
   383.00476816118959     
   373.44202299286189     
   363.83689888355246     
   354.31509994815633     
   345.76101919683418     
   337.47571144084469     
   330.00326554770379     
   322.10157303945857     
   314.43230967644382     
   307.40963996058588     
   300.29958426364675     
   293.38894502105103     
   286.95000849337345     
   280.61824668879336     
   274.47117257653616     
   268.64472597902369     
   262.96242238251489     
   257.16192221923166     
   251.37946779395250     
   245.84360624678493     
   240.71406713397195     
   235.64280856893441     
   230.66853750263095     
   225.94290728577624     
   221.28515661300648     
   216.83510286142945     
   212.32955676685393     
   207.98462554070960     
   203.74335683381210     
   199.52852364063904     
   195.43408053400881     
   191.55200970676844     
   187.86427473337969     
   184.14299154450467     
   180.55499875924426     
   176.93345562014790     
   173.53440304746903     
   170.16023559982676     
   166.99796670157184     
   163.74278514183845     
   160.59575112558630     
   157.55077508267982     
   154.56737357453386     
   151.59351526890376     
   148.69177928910386     
   145.88423052467024     
   143.11308126037798     
   140.44833730941139     
   137.86311565289239     
   135.31354093292154     
   132.72713837479051     
   130.26641649224902     
   127.79615125282260     
   125.35986813688481     
   123.02407902154057     
   120.76822233060921     
   118.51904481477413     
   116.33306705710444     
   114.23303484529607     
   112.09432387147211     
   109.98099453168417     
   107.97415981571649     
   106.02761339438618     
   942.02924146192925     
   917.22901727930650     
   896.04350158830925     
   875.96914076637802     
   851.37720263867959     
   833.66371546241601     
   815.95185922855796     
   796.47300939925697     
   776.15474383650053     
   758.10075372110214     
   739.73423048129041     
   720.73793220645700     
   701.70620572182315     
   684.94176335640054     
   670.85080366525881     
   655.43193722152944     
   638.06782845362284     
   624.16358242644696     
   611.33805778649901     
   596.60974259790123     
   581.75460893613717     
   567.03702857639587     
   552.22535893074405     
   538.93432735118893     
   525.26478685519521     
   513.39847357510519     
   501.76674986223844     
   490.37181530499367     
   479.31382466285913     
   467.52006530333762     
   455.43379367976797     
   443.88058300258524     
   432.15310955411985     
   421.37684690442251     
   411.48035088519828     
   401.20241947384017     
   391.41793507449410     
   381.22636575921854     
   371.69805273574002     
   363.44980618911069     
   355.57448968930805     
   347.53776262403835     
   339.39889215625499     
   331.50259099545980     
   324.04073834132237     
   317.05743205214952     
   309.89316465865073     
   302.91369027844320     
   295.88356481674998     
   288.99370972443126     
   282.41909261861463     
   276.07036020283459     
   269.87627276893141     
   263.95932637113833     
   258.23547200852767     
   252.71055492570821     
   247.42739083564342     
   242.12796983410334     
   236.87483333227294     
   231.87166954202641     
   226.87931528091062     
   222.05940657806838     
   217.57879106518590     
   213.29598489756793     
   209.03755045223221     
   204.81276960260453     
   200.85514627029008     
   196.85672436101601     
   193.03114956360969     
   189.17844899715334     
   185.45907716318013     
   181.88271585730553     
   178.26408119415234     
   174.74249928574415     
   171.25784011338686     
   167.85022820649246     
   164.60606118737925     
   161.48916077998825     
   158.36135866323531     
   155.25239810925348     
   152.27260023465340     
   149.41923879675556     
   146.55413832256818     
   143.71946484983863     
   140.96273024921445     
   138.25783839248513     
   135.61091298587797     
   133.07849125014135     
   130.61612559893089     
   128.19596341475105     
   125.80305918498884     
   123.40942677079346     
   121.08846349256871     
   118.86306595052898     
   116.65532979749207     
   114.50023164027041     
   112.37702440822174     
   110.30409064489618     
   108.24739322250605     
   106.28250888570960     
   947.06407743261707     
   922.08516972695725     
   899.58596237802283     
   874.76151680270459     
   856.94761890354880     
   833.39196747104722     
   812.78264223029169     
   794.97473382041517     
   778.10072537652650     
   760.46848864953813     
   740.05525722623634     
   721.04003149787002     
   703.57165697290145     
   688.14838862076908     
   671.24990940049452     
   655.23190460998910     
   641.82740236541770     
   625.87436167944475     
   609.12735261752186     
   594.28984970172121     
   580.13733241500461     
   567.61046188749299     
   554.78330192712906     
   542.17653024703975     
   529.67091453484409     
   516.48382512023613     
   503.72415048976853     
   490.26561772231969     
   476.97626419121548     
   465.71891232830592     
   454.19382927931923     
   442.91772047038580     
   432.35437346051378     
   422.11361171740316     
   412.09507960099211     
   402.37621909574710     
   393.03418433864323     
   384.10262149585321     
   375.57528071813022     
   366.84930917347407     
   358.19323731932712     
   349.63211999339404     
   341.42166680313358     
   333.21298497082194     
   325.28749298245930     
   317.40542406951755     
   310.33517476918360     
   303.34564427215059     
   296.90153532965371     
   290.53402801715788     
   284.18310605911040     
   277.81300633366982     
   271.60825031849004     
   265.46263966829497     
   259.85690878838358     
   254.25865256995064     
   248.82088743759391     
   243.54432883573907     
   238.46564133960942     
   233.43375676087081     
   228.51223152364128     
   223.71615332233964     
   219.02770370271836     
   214.35200140258576     
   209.91244605869011     
   205.67988018218449     
   201.39977951967160     
   197.28537898566407     
   193.27236444560842     
   189.35413393186690     
   185.56616301242647     
   181.87075451242538     
   178.37828196869222     
   174.91264592727981     
   171.54182882197844     
   168.22711007544663     
   164.99946164591671     
   161.79598336835352     
   158.73810716384793     
   155.76441082171729     
   152.79902993774769     
   149.83529979118774     
   147.02553849445110     
   144.30108114787137     
   141.56739138114858     
   138.89491331371642     
   136.27496244180239     
   133.72203938512382     
   131.19077956415015     
   128.73077118157053     
   126.34626276696329     
   124.01238533448652     
   121.70313820454241     
   119.44236179819171     
   117.27517740431026     
   115.10104843122009     
   113.00612302485317     
   110.92267838460874     
   108.86876082725597     
   106.82701517916864     
   945.60892012915212     
   921.02164201688788     
   897.33907752646519     
   879.41747177813170     
   856.17833682109551     
   835.97170815263803     
   817.78933361150018     
   799.92994655080997     
   778.38869028461795     
   757.62291517322274     
   740.51285011754260     
   723.68603650404123     
   707.16963233148977     
   689.92868898241977     
   673.99054028135424     
   656.52249349675833     
   638.53627298516199     
   623.03655943688409     
   609.64402476055466     
   595.37961792348119     
   580.10883880279516     
   565.98898147774059     
   552.95231410064366     
   540.04089888016449     
   527.36404188758013     
   515.17781406582276     
   503.38344036088563     
   490.98356747192747     
   478.92391592409172     
   467.56341948436562     
   457.56627916773851     
   447.07917022912238     
   436.39814117729208     
   425.80787594270004     
   415.21540809072218     
   404.70396313832964     
   394.32066520640575     
   385.27896185685290     
   376.32233506776294     
   367.27048675546018     
   358.70369453462024     
   349.94290523185828     
   342.41217476790541     
   334.19743689329658     
   326.77864299795363     
   319.74696575377936     
   312.14658579339743     
   304.90604634564460     
   297.88717877824422     
   290.97629697594311     
   284.25377775440745     
   278.15187556971830     
   272.16999094559065     
   266.24555899585789     
   260.39950044770603     
   254.85003624477451     
   249.32885863446825     
   243.91861224246531     
   238.73309208620356     
   233.82656755706620     
   229.12900029523897     
   224.51047618846462     
   219.77765407033948     
   215.31078617978096     
   210.84338118275369     
   206.55904200334811     
   202.38754833064920     
   198.25274079235430     
   194.19575054689096     
   190.30268562828752     
   186.41771213902652     
   182.69608032144922     
   179.12832585151807     
   175.55525218077449     
   172.07235819143881     
   168.60501324275853     
   165.36170069829501     
   162.17762982728075     
   159.00655796702461     
   155.86708276467152     
   152.89541897588890     
   149.97588685323254     
   147.05916274744132     
   144.23544663880841     
   141.51048933766828     
   138.85226626811581     
   136.26513314640644     
   133.68479840128128     
   131.15520231872253     
   128.71854049206914     
   126.28182121121850     
   123.93448994128606     
   121.63546075764575     
   119.33390808289835     
   117.07605535310884     
   114.92393198993551     
   112.79230514795746     
   110.73207186417122     
   108.70187402815523     
   106.75551286121397     
   952.07769053994116     
   929.06896644159178     
   906.80813641225541     
   880.08720361381370     
   859.97209028819509     
   839.71578532962769     
   816.97257715721935     
   793.18752411485184     
   774.91171992971385     
   758.13610164574857     
   740.02088119329756     
   723.16237092653842     
   705.94361876337393     
   687.74779335832989     
   669.30069344387834     
   652.74483312074449     
   637.35455723013138     
   622.78160948870038     
   608.99812269959455     
   595.19503974984923     
   582.77266814691109     
   568.47412553071035     
   555.69238575099848     
   541.66772373519507     
   527.72846859566596     
   514.85531674931815     
   503.40251614015955     
   492.25589550958767     
   481.27402648084296     
   469.16817690187099     
   457.27578884718366     
   445.61695684277731     
   434.54380104534926     
   423.77243878142292     
   414.23682836420807     
   404.95690064600979     
   395.79956813672840     
   386.10942706417751     
   376.90791441484885     
   368.03520330274227     
   358.99133710096305     
   350.72610660235949     
   342.19272971553755     
   334.26707426112216     
   326.17390698787221     
   317.84229341503794     
   310.71156982450083     
   304.04716814954418     
   297.13921692403437     
   290.58106167315952     
   284.15103372812268     
   277.75780404900087     
   271.80786255225661     
   265.92131724353101     
   260.22866973107409     
   254.54364992615754     
   249.06888613437590     
   243.95653257309294     
   238.73585060405841     
   233.81245178386041     
   228.89515444951337     
   224.12416949619669     
   219.59046798353759     
   215.05369387819758     
   210.77379066570268     
   206.29668349314528     
   202.04484027366954     
   198.05261911931444     
   194.15324541474340     
   190.26740740383917     
   186.60413643922504     
   182.96166287953704     
   179.33596728436805     
   175.82072456737455     
   172.38660179736917     
   169.03456943898794     
   165.67979587122412     
   162.38447210669301     
   159.23176865390786     
   156.22321863089829     
   153.21732086165247     
   150.35143612612862     
   147.54170918920519     
   144.66858335961490     
   141.93511015196864     
   139.28064574467629     
   136.64885866319591     
   134.09859817806318     
   131.58352599437612     
   129.03289258945256     
   126.61864619130989     
   124.27348793800739     
   121.97529134319907     
   119.69679992383074     
   117.47794102232861     
   115.27610369096072     
   113.14022018941429     
   111.05137784917254     
   109.05435635962999     
   107.03379527211139     
   951.75665642997137     
   929.61111832581912     
   905.62926233377675     
   887.50905033148570     
   864.39751294262805     
   841.63482236610685     
   819.56822425691166     
   798.66200094068722     
   778.89880610152136     
   758.69105976093715     
   742.31306058315533     
   723.34090902791468     
   705.86660075494274     
   687.83255727968265     
   671.76624301494348     
   658.98561869845048     
   644.75962941859132     
   630.09342821787982     
   614.20117516016012     
   598.99340056772007     
   584.79923907079024     
   570.69301635522800     
   555.93699655285445     
   543.22296368027742     
   531.19401342547633     
   518.52251320343566     
   504.02319756334828     
   490.75040634711871     
   478.06813190438044     
   466.50545971562372     
   455.31472627083394     
   444.79236349261993     
   434.78907351792435     
   424.57783586728772     
   413.48656512584546     
   403.87129324325224     
   393.54981766805986     
   384.45773695785806     
   375.14594953558583     
   365.95643808708309     
   357.60019582757832     
   349.79730868008141     
   341.75601833514503     
   333.96288108036612     
   326.44937499809288     
   319.31443610521080     
   311.88202784065123     
   304.22383044626940     
   297.27980048600369     
   290.79874834672040     
   284.24017645733119     
   277.74946180853590     
   271.33746575170301     
   265.63304186127101     
   259.86326086303751     
   254.51247449740313     
   249.05247400134274     
   243.68257820674725     
   238.55571803764542     
   233.32763358395948     
   228.50689801394043     
   223.62703924290346     
   218.94222067404806     
   214.55547410770041     
   210.10271349696239     
   206.00790434242737     
   202.03132312052819     
   197.95566826053968     
   193.90633231086889     
   189.89432093497777     
   186.03039381690382     
   182.38018222303566     
   178.77273651199289     
   175.28773641951375     
   171.79051665213663     
   168.53209331753223     
   165.25370765007264     
   161.97718331591446     
   158.90063370462542     
   155.85726712911318     
   152.93603260350929     
   150.00797432154610     
   147.07365995179822     
   144.36506806300932     
   141.68655279967786     
   138.96198601526262     
   136.37046246260746     
   133.79353323831887     
   131.31935355285111     
   128.91477103457825     
   126.48963567417152     
   124.11122058635567     
   121.76674892395533     
   119.49623717164418     
   117.27939981370506     
   115.10138003030131     
   112.98837898625041     
   110.90182279568646     
   108.83500963373837     
   106.83464994066776     
   949.83068321813312     
   928.23184240837861     
   907.59243849059249     
   882.38319820850325     
   860.78681079727903     
   840.37483617336568     
   820.58118201209845     
   800.61233031864595     
   781.40996269081052     
   761.75488307925434     
   743.05620339082793     
   724.74597257182438     
   706.92098228221232     
   693.35664505466309     
   677.80782402969635     
   659.70020784490850     
   643.91369152080756     
   627.20356194769784     
   612.82845746804117     
   597.94987992194990     
   582.60192972101993     
   568.83325915077353     
   554.92631247150916     
   540.31479962921003     
   527.15155904868720     
   513.50072380753591     
   501.78599745903944     
   490.16732033771734     
   478.99192035343913     
   467.35546931072173     
   456.12757482876577     
   445.18742920854243     
   434.14868100255768     
   423.05943289851064     
   413.33797235818770     
   403.42325303848190     
   394.50804633579747     
   385.10686597863918     
   376.21268016125185     
   367.31607155535335     
   358.74924900805473     
   350.39348196097023     
   341.84041535696753     
   333.61970223312949     
   325.82799249492973     
   318.39116102222908     
   311.51721573108193     
   304.86696063811621     
   298.14583010271707     
   291.65198808670738     
   285.21009025919528     
   279.26520140145021     
   273.44470262073833     
   267.27013836373760     
   261.48219477816974     
   255.54002777529092     
   250.10513382741499     
   244.65736409069845     
   239.33485661486299     
   234.22335360051588     
   229.28434027962544     
   224.59158896501853     
   220.00112556804223     
   215.59689509802018     
   211.19822553416475     
   206.81167779702733     
   202.50557699430337     
   198.48249004625046     
   194.47660952664020     
   190.64422650366333     
   186.96405193697075     
   183.25496121345310     
   179.59685949017580     
   176.04987007792732     
   172.66063734271881     
   169.28372155720774     
   166.08615442170941     
   162.98704307249577     
   159.94674654922650     
   156.92065042601627     
   153.89520532508681     
   150.98344351553510     
   148.18576395782020     
   145.29609113073147     
   142.46243808384671     
   139.77964762613522     
   137.15010592895933     
   134.57861973475508     
   131.99809358112549     
   129.45444209229731     
   127.11207018707677     
   124.76210419639003     
   122.41268980007266     
   120.16027709277229     
   117.93953468686198     
   115.73326648637044     
   113.58787582823295     
   111.54031292662967     
   109.53627954752500     
   107.50590361656971     
   954.36082559046804     
   930.53453910431006     
   906.56964314612435     
   884.97346285101230     
   862.69717241916635     
   840.73533198376072     
   820.19681502710489     
   802.31973570686728     
   782.46553782075375     
   763.86427509859368     
   744.30751549659090     
   727.08112833576911     
   710.13325367578886     
   692.29774994193463     
   676.15109476294083     
   661.32005279954080     
   644.24452615089569     
   627.62434399931510     
   610.83552638240803     
   596.12220108168412     
   581.28353283386502     
   566.25827098232810     
   552.86548129065125     
   540.08341663782335     
   527.71747320242571     
   516.03595147018621     
   503.12485424401478     
   491.32037942346051     
   479.51833526623250     
   468.07271690862154     
   456.70126877340124     
   444.90526952833773     
   434.47118525812982     
   424.41261591715687     
   414.63923228746972     
   404.75374367643724     
   395.02756106303002     
   385.60182444980910     
   376.77245449339318     
   368.02450336313495     
   359.45090982983328     
   350.41949863207549     
   342.57008237674427     
   335.23338235356255     
   327.81777868739982     
   320.24180460075581     
   312.48653985532530     
   305.20274809495470     
   298.05481418769637     
   291.41724693432189     
   284.88841637633118     
   278.51491114887449     
   272.30228450059116     
   266.47354762103305     
   260.77237479178348     
   255.34005492426670     
   249.83286374647071     
   244.80477454754953     
   239.73193322040257     
   234.81037668116522     
   229.95399176964065     
   225.03150275915846     
   220.31609165195624     
   215.62221168665633     
   211.26130053680095     
   207.10074015749075     
   202.87495043868898     
   198.80853589897390     
   194.86623078274567     
   190.99507745644752     
   187.05360922037187     
   183.34706913634886     
   179.79099403658617     
   176.27795443625584     
   172.87489805609485     
   169.53681761943955     
   166.18426934305450     
   162.91575425591881     
   159.69336564498087     
   156.63370977577341     
   153.66716302797164     
   150.73893621305712     
   147.84344981904343     
   145.06478287161568     
   142.34189271765914     
   139.58625095960235     
   136.93728812820433     
   134.39337200983297     
   131.90763794264592     
   129.51692664451110     
   127.05788858332042     
   124.68811648818109     
   122.41770837503412     
   120.18733728574716     
   117.94615080446029     
   115.75128625863800     
   113.58017644239850     
   111.43901376870394     
   109.34926674399431     
   107.35484821737458     
   956.84718327980272     
   931.43137114284320     
   906.42394165028418     
   886.99174213986805     
   863.93427776711383     
   842.76104405936917     
   824.03069871182447     
   803.98124490530472     
   783.65255271059618     
   764.86921840464413     
   747.43442534487133     
   728.61258000055432     
   710.67132357001265     
   693.47313943466474     
   676.45976719020700     
   659.18937806418728     
   643.03815621912076     
   629.50606375441328     
   614.29844421170446     
   599.32850122197294     
   584.54958837251456     
   571.41858241023829     
   557.20840589180875     
   543.03793932271674     
   529.16653868799631     
   515.51103693171649     
   503.57289878019827     
   490.85535206715770     
   479.46015469515203     
   468.01522710191597     
   456.75754353560473     
   446.34564515791880     
   435.81027112543131     
   426.06827403486977     
   416.13701718983185     
   405.45600132341423     
   395.40042712180735     
   385.70215229664535     
   375.93797079973098     
   366.67097754729190     
   357.93446537260292     
   349.73584754437439     
   341.96327538286209     
   333.59304409836551     
   325.84280442100948     
   318.77839206663629     
   311.73221256879020     
   305.14098722641228     
   298.58089694502542     
   291.87607722752057     
   285.56974256219974     
   279.77987997882258     
   274.03797093971707     
   267.91888006864957     
   261.82841883490039     
   256.34109269724524     
   250.91052838495267     
   245.39854669293265     
   240.10540559288307     
   234.93840692252695     
   229.88120578916596     
   225.21990526431378     
   220.50070566314099     
   215.88146061285551     
   211.34089723497698     
   206.86757909767539     
   202.58135679913261     
   198.49342167491497     
   194.63926729022208     
   190.88168692264568     
   187.09016309177605     
   183.31988703494739     
   179.67066564181272     
   176.13762287529821     
   172.64191209869139     
   169.25060626221733     
   165.96387481476279     
   162.85246778062651     
   159.67018064199823     
   156.44540721203978     
   153.41633127266286     
   150.50532508425238     
   147.63575154917586     
   144.85724849859739     
   142.08914237238153     
   139.51140472517125     
   136.90876007365102     
   134.30654452402584     
   131.75405776453249     
   129.26098314749132     
   126.83744270176783     
   124.48873970082485     
   122.21258809974094     
   119.92134694610159     
   117.68697423313573     
   115.50875462914405     
   113.39973664727849     
   111.33348584887139     
   109.31735031927020     
   107.33146370599607     
   959.67055579708324     
   933.12387778258426     
   911.25689992257890     
   884.12971804489109     
   865.67357611891168     
   846.38091483066034     
   823.08895940147931     
   801.32429700260786     
   781.53623579132682     
   761.93188193287517     
   743.42281827288662     
   726.77767568744343     
   709.94753948211087     
   692.32477787236417     
   674.43400566714661     
   657.78651435297184     
   642.50890174317806     
   627.57901045517485     
   613.57954091184001     
   600.72270390253209     
   586.59417910492357     
   571.72018001449851     
   556.56289477039513     
   543.05470806890764     
   530.09397235424819     
   517.42721605251313     
   504.76425812124876     
   492.29888764360339     
   479.08055167181556     
   467.24164833102179     
   455.74642438335547     
   443.95357906677560     
   432.95528678045071     
   422.62705824519247     
   411.87763117090026     
   402.41783175837344     
   392.73165581123607     
   383.39001055099402     
   374.45412483334218     
   366.17938294246812     
   358.04871911331009     
   349.91863352692189     
   341.56746272488056     
   333.89708117066294     
   326.13276138063333     
   318.64745968973079     
   311.41849611412727     
   304.19694715945343     
   297.42797403864586     
   290.70335994349949     
   284.32077882443485     
   277.43581971848778     
   270.84019222703546     
   265.05304202271111     
   259.45039738039765     
   253.61530295471056     
   248.32676081172360     
   243.18301766520975     
   238.19445900020571     
   233.40836968493534     
   228.53982373500406     
   224.16881283638574     
   219.73488797328599     
   215.09556028761983     
   210.61591307939148     
   206.34730724079250     
   202.32282186839069     
   198.40400607245095     
   194.62298017179108     
   190.64260429272616     
   186.95334782287352     
   183.32456146807158     
   179.84532068930667     
   176.39517393067354     
   172.90465321992724     
   169.51544314959654     
   166.20745939208675     
   163.01833233348697     
   159.95935784556639     
   157.00064150036911     
   154.00368468224255     
   151.06455074850101     
   148.23295970216645     
   145.40500652722400     
   142.60984091631292     
   139.84654763244077     
   137.19938816589891     
   134.57007470203578     
   132.06657897506361     
   129.53722741403382     
   127.08302990479947     
   124.71686337294946     
   122.37106485508511     
   120.10612613042716     
   117.92564674547260     
   115.78856610842912     
   113.64688516825427     
   111.55032495573164     
   109.48945044467055     
   107.46411630408829     
   961.01959515305600     
   936.26819689905597     
   909.60071189893631     
   888.99415853783819     
   866.02100273301846     
   844.83306877181678     
   823.17399497552151     
   802.36743598680528     
   784.74651456760364     
   766.61347024469126     
   748.87712915629857     
   727.99746806200881     
   709.45095754052818     
   692.93827369153121     
   676.70530362036538     
   660.15560214162906     
   642.86056285289931     
   625.95806965610007     
   610.59418513744038     
   594.95471012986650     
   580.14893621338138     
   566.51676814039706     
   554.78187048796258     
   541.62613043307613     
   528.36106155014386     
   515.20802609248108     
   502.20161516637086     
   489.69075814557880     
   478.60558014418785     
   466.98451010315398     
   456.02431489394502     
   444.75525905628223     
   434.08805397192117     
   422.82079141724967     
   413.65490273239919     
   403.82665904917712     
   395.06876536386409     
   386.72700999380839     
   378.13919190990833     
   369.02493632295665     
   360.33802212882205     
   351.53094261740193     
   343.44109029782464     
   335.61632317519025     
   327.93124957330315     
   320.23899356326399     
   313.05713768812035     
   306.00682700952956     
   298.74766529074020     
   291.99694243249542     
   285.30181084748648     
   279.19110605726530     
   273.08750552305702     
   267.17340411174928     
   261.51738377649133     
   255.89022760292488     
   250.13461602467152     
   244.67563771847384     
   239.60028908895615     
   234.49070785564919     
   229.79106951121196     
   224.72870652076000     
   220.01234376115085     
   215.73439008358986     
   211.42197145641626     
   207.25488775764498     
   202.86367322041485     
   198.59427353846820     
   194.38917618566353     
   190.43963613435764     
   186.55263897217077     
   182.87393714896066     
   179.18248970777597     
   175.60257845280080     
   172.10111889286480     
   168.81116994653175     
   165.61330173983384     
   162.48484094656953     
   159.35535861457294     
   156.34547253498425     
   153.33730670201638     
   150.37238580056822     
   147.51229702285985     
   144.70826069511548     
   141.94984440723019     
   139.26257798358773     
   136.64394121508101     
   134.15677716790950     
   131.65972703161603     
   129.20354187692604     
   126.79816152363136     
   124.38761618501746     
   122.05058706787706     
   119.78253945491983     
   117.56213994694104     
   115.37947674058796     
   113.26443191318344     
   111.15605665546326     
   109.12384978264799     
   107.15395310233824     
   957.92975695824236     
   934.87449209094257     
   911.56279060682994     
   889.96741242019232     
   865.01130611966641     
   840.79878063532692     
   822.75273431570281     
   805.05557166158553     
   784.95453288929934     
   765.63700918570908     
   745.10612032444021     
   729.26733324117913     
   712.90087865162377     
   693.88118130063106     
   676.38524472952599     
   660.05052662860737     
   644.78674055098043     
   628.93771250324221     
   611.62857431130089     
   595.57861640332510     
   582.22689315441630     
   568.82675844909431     
   554.54380465751956     
   541.11665394024703     
   528.86426484153310     
   516.59591890246440     
   504.79251865000566     
   493.19308309519306     
   480.69833198294117     
   468.61134145456089     
   458.23040996336073     
   448.85621153601790     
   438.17858289597484     
   427.51293552957941     
   416.83822903424198     
   406.80329335781619     
   396.79466373476555     
   385.95220556748427     
   375.73890514510964     
   366.90215830244586     
   358.52045907395740     
   350.59669650012540     
   342.62897449165285     
   334.59561589333907     
   327.05437474165245     
   319.92619252951033     
   312.26807082582513     
   305.16566383996900     
   298.64339702282069     
   292.16488891319739     
   285.53557602130917     
   279.09808569544487     
   273.15033951064868     
   267.37489077514226     
   261.67332539419834     
   256.24030442876881     
   250.72384549169692     
   245.35611335383018     
   240.20297227392288     
   234.96872879628955     
   229.76967737567179     
   224.92130539779288     
   220.17865313115763     
   215.64207967450400     
   211.42451978687018     
   207.14373444188354     
   203.08987249291093     
   199.05466199848905     
   195.06543525291050     
   191.27864838431145     
   187.48435156063215     
   183.83112469248738     
   180.27438324499855     
   176.70717382088566     
   173.34834617141416     
   169.89058600281300     
   166.53760490322219     
   163.28056411919138     
   160.12430419951244     
   156.95706151212488     
   153.86186141631782     
   150.89733499380185     
   147.97631186854804     
   145.19202673240770     
   142.45693890981255     
   139.77212710208369     
   137.05211874322879     
   134.49088106237647     
   131.97518669002085     
   129.54760676588089     
   127.12374863364997     
   124.74487854260278     
   122.42597492619697     
   120.15914433389361     
   117.86878782147242     
   115.64676010368744     
   113.49961860145299     
   111.41190983831665     
   109.34127346187402     
   107.29314731427201     
   959.90097993396023     
   934.57242348761895     
   914.06355419494184     
   886.31826904396212     
   863.69297505328484     
   844.84077594765586     
   823.26315368186397     
   803.55039575699072     
   782.78502586892228     
   763.96314460425333     
   746.08787960183952     
   727.48370387504440     
   709.73477779517384     
   693.20555063316408     
   676.53046818261737     
   659.85114566524226     
   642.79457325455257     
   628.32915526326269     
   615.35783469788669     
   600.71599633086589     
   585.75571719404036     
   569.34476120073361     
   555.65225957187261     
   542.93510385557659     
   529.98984267876631     
   517.40740306953103     
   506.00099366181593     
   495.98088795741592     
   485.12890585284850     
   473.78825827939340     
   460.79333137155902     
   448.31282753637242     
   437.23935310835509     
   426.58070731380849     
   415.82428719088591     
   406.02212436779439     
   396.90728606123264     
   387.69268870915079     
   378.59448043971821     
   368.95849923008296     
   359.96712110464267     
   351.58316300979595     
   342.88072626105247     
   334.83176471997780     
   326.94040385956077     
   319.32073677355800     
   312.26263726277693     
   305.43788359311498     
   298.45908740889968     
   291.66093962868729     
   285.38504554833395     
   279.33095312814095     
   273.23633416780302     
   267.00054651882681     
   261.21544754619322     
   255.55078203182924     
   250.12240734671656     
   244.88079999838607     
   239.55725211940390     
   234.58184902214506     
   229.89664723616914     
   225.40798492061697     
   220.88093081903122     
   216.17736823452736     
   211.56893395391086     
   207.22769561033314     
   202.89691849038749     
   198.82551000750323     
   194.95392165698308     
   191.02445508024357     
   187.17508205805032     
   183.32163513429828     
   179.66688476154914     
   176.25909356572512     
   172.76827858887236     
   169.43987795613018     
   166.19876912968675     
   162.94582816601695     
   159.77954159138392     
   156.60842188026120     
   153.63918131744049     
   150.76151257155962     
   147.93950632010223     
   145.17835372967716     
   142.43050018604345     
   139.73460480889716     
   137.15080756377137     
   134.50787693449584     
   131.99940137133026     
   129.49655604026958     
   127.10137964215718     
   124.77810815894001     
   122.48252360644796     
   120.21349341810401     
   118.03254852506988     
   115.91576758194947     
   113.78520234937875     
   111.70055647144247     
   109.65425353394964     
   107.69933412013026     
   955.21144469352794     
   933.88844571430491     
   909.16418052146059     
   887.89183564249220     
   864.96072161129200     
   843.49123022875369     
   824.49789371449117     
   802.00853593024749     
   785.17258739784734     
   767.63555967713000     
   747.92659308066402     
   728.83850810589865     
   710.01677827316087     
   691.78806777670911     
   673.63010782113929     
   658.96399350215347     
   645.47804712692448     
   629.16175618923728     
   614.10626470121338     
   600.51921959019967     
   586.48201969474383     
   574.39522909390337     
   561.41817205929817     
   547.54423585050188     
   533.43794897504426     
   520.84919558068646     
   508.27693229160093     
   493.84598587419384     
   481.28355855412997     
   469.51460482339320     
   458.80013314085630     
   448.75758552289886     
   438.12392173660396     
   427.61826147908471     
   417.85619442957977     
   407.49000057700374     
   396.96564036948456     
   387.27130667615717     
   378.39887261782746     
   370.21347487415920     
   361.25234176715571     
   352.42571864901947     
   344.19683955398830     
   336.03942346152735     
   328.34218410978360     
   320.60862897589379     
   313.05736669044654     
   305.39191849465089     
   298.16877782691824     
   291.67326163475690     
   285.32347534441578     
   279.03990821640366     
   272.89956513875285     
   266.97067095894846     
   261.08349633633424     
   255.41869998028747     
   249.90831734283290     
   244.69418723230041     
   239.59523090835830     
   234.65782504507817     
   229.80847979117539     
   224.82616663990507     
   219.95672486608507     
   215.52544384177588     
   211.19234760859342     
   206.95055663396587     
   202.84779563355690     
   198.72026811392789     
   194.73674796759025     
   190.90760137310508     
   187.10867059770626     
   183.38864937126618     
   179.78205690105307     
   176.26250158552796     
   172.79429731533185     
   169.31266890974911     
   166.02614193164794     
   162.77044935113551     
   159.57708714160458     
   156.57499996230797     
   153.53603319269763     
   150.56473463190582     
   147.69897118597694     
   144.81405190248302     
   142.00684463932137     
   139.33676556845307     
   136.82182980502171     
   134.35725777183006     
   131.84289719144607     
   129.36617913267941     
   126.89719978118757     
   124.49455093138964     
   122.15865773903565     
   119.90420912544317     
   117.69200007949148     
   115.43296609924070     
   113.24592600095471     
   111.14211662050388     
   109.06677560224517     
   107.06523003381631     
   959.59560272320641     
   933.21260462297369     
   908.64920400763845     
   888.29902737677764     
   868.29899348083200     
   844.33876249861612     
   820.95775755644991     
   804.87004730812328     
   783.45791047099590     
   763.98656407877866     
   745.03951117125075     
   727.29765203230647     
   709.79754997965006     
   694.15643007008077     
   679.46877330235384     
   662.79776671449395     
   645.15095969179413     
   631.05252103933549     
   615.65785154429227     
   600.94359139422568     
   587.57782234724368     
   574.01955891119906     
   560.47028104225637     
   547.30780765706675     
   534.71406640779492     
   520.52437965988156     
   506.04736022945281     
   493.52208599547328     
   480.26258402477987     
   468.76330554259687     
   457.33585058193387     
   445.79882677929527     
   435.29372252129417     
   425.58828868423552     
   414.84451883053066     
   405.01559610854787     
   395.76962666075974     
   387.00678522815718     
   377.74323810924443     
   368.55207958718586     
   359.89373289493869     
   351.35188077171711     
   343.39223925953183     
   335.78246456622855     
   327.92422679082301     
   320.19781660814897     
   313.15397555999130     
   306.18864677210348     
   299.39775118136720     
   292.20415328811526     
   285.55878901889929     
   279.17630880962230     
   273.12690433393686     
   267.17320568052446     
   261.16636373284001     
   255.56040979797834     
   249.90868548212637     
   244.27847095832072     
   239.05477318722933     
   233.76723812868929     
   228.89688729154653     
   224.19711428256636     
   219.58824597560528     
   214.97175378467364     
   210.54436344521514     
   206.13244483782415     
   201.91688399812608     
   197.76641047840553     
   193.79581381395442     
   189.94813694995668     
   186.23003552788771     
   182.65819464295259     
   179.06714804836315     
   175.50409157952654     
   172.15085808800836     
   168.98773095114092     
   165.67358440273557     
   162.53827894750341     
   159.45759377733631     
   156.41971709608265     
   153.51198780107808     
   150.61777637452064     
   147.78595154109536     
   145.02109614559080     
   142.30835157281214     
   139.63143579252846     
   136.91821688230590     
   134.28187422443784     
   131.70673798636125     
   129.20429161371808     
   126.78524665389003     
   124.45131674762577     
   122.15960261333578     
   119.88429964950895     
   117.66777451748058     
   115.50962627298992     
   113.41270488639694     
   111.32163458836182     
   109.31402917191431     
   107.27899184201651     
   954.87403591576356     
   931.78761826432230     
   909.90927893593243     
   886.82033170026773     
   865.68499692223099     
   846.26186888402606     
   826.16635138480797     
   803.09273527443725     
   783.21196448685714     
   763.37679920947630     
   745.50199353192056     
   729.18521160517503     
   711.95952881825360     
   695.18005782225555     
   678.54076808451555     
   662.13661161905463     
   647.16548479427627     
   630.94711864688657     
   615.60412232694091     
   600.01184513862461     
   584.37267126153392     
   569.36901203895627     
   554.77438226617107     
   540.88473791131707     
   527.02466982841963     
   514.87905634880360     
   503.54106803148238     
   491.69745165941907     
   480.95231555883021     
   469.24886798389753     
   458.12132529271082     
   447.05456263932547     
   435.77984890657478     
   424.78911667349928     
   414.73910492988415     
   404.80777127712281     
   395.04603858440430     
   385.34512935052123     
   376.26558352852578     
   367.44399515448316     
   358.78896141229239     
   350.58658504703072     
   342.36331293598539     
   334.34443588643046     
   326.74637029028696     
   319.66985721027635     
   312.32169199790297     
   305.53103266698122     
   298.79468883516921     
   292.43662989153921     
   285.98505213472140     
   279.41801389706291     
   273.18568914754383     
   267.22406188746874     
   261.57428165280925     
   255.95850115007755     
   250.73014465009203     
   245.59521899280207     
   240.49903772776199     
   235.61278621535146     
   230.52787542943446     
   225.68508229999185     
   221.07215713479502     
   216.56562273174563     
   212.24149941587876     
   208.01516240149670     
   203.84773382685998     
   199.81385382944859     
   195.77682916500004     
   191.85798504297190     
   188.04800019376927     
   184.29527560563804     
   180.68359199086166     
   177.12409711255088     
   173.65005932620625     
   170.20051440882071     
   166.93485374821827     
   163.69910265877101     
   160.52395867346357     
   157.43747827409882     
   154.39817034155089     
   151.42874872145651     
   148.50196302196480     
   145.65776493808940     
   142.90188619444731     
   140.16018174155124     
   137.49536548050799     
   134.90347237793668     
   132.41190093969612     
   129.96393558907477     
   127.53828335040357     
   125.11289139133854     
   122.75923775994443     
   120.48115225271316     
   118.25396949844402     
   116.07877198171606     
   113.93114077829902     
   111.83428225101976     
   109.77249192744870     
   107.77242522728486     
