           1
        3200
           1
   901.67932337791876     
   858.30420667527915     
   829.79184540645974     
   808.97111523311105     
   789.16638139676002     
   774.52822717916763     
   757.67301879644242     
   740.83993586410509     
   725.58788529637457     
   711.16330761669701     
   696.60832135019086     
   680.50397323410095     
   664.77175147478124     
   650.08009936779081     
   634.13561555562637     
   618.02536879142099     
   604.61041714987266     
   592.36441501600166     
   578.92843641939601     
   566.20894612368727     
   553.51783038455881     
   541.50252278143330     
   528.34936540032379     
   517.64677828186939     
   503.95696534673419     
   492.03209973211699     
   479.70809455242227     
   467.68741150824337     
   456.02794206408339     
   444.90769459288902     
   434.45050605205773     
   424.25458151240389     
   413.72049105786419     
   403.82814702083226     
   394.32171865340899     
   386.01660506211090     
   377.50153292707489     
   368.16083285589514     
   359.43894079838577     
   351.54055525727438     
   344.50246716397669     
   336.31372281538142     
   329.47462937542701     
   322.64592033814682     
   315.25883008474449     
   308.83816936059952     
   302.76612455850233     
   295.98885440813206     
   289.02451186557931     
   283.88594146004380     
   278.04163547816614     
   272.66439649140585     
   266.87578344124870     
   261.41342005953629     
   256.28426089382140     
   251.66253770956675     
   247.46704993335288     
   242.87479680214591     
   238.39616759974558     
   233.87707169889748     
   229.88286967136679     
   225.32035135226738     
   222.17359392730205     
   218.26238854161244     
   213.90036032048062     
   209.65730667170877     
   205.68206721740955     
   201.84517001777013     
   197.39849740230693     
   193.62949512976959     
   189.75110137461556     
   185.56488726452798     
   181.40387283308903     
   177.48218282795693     
   173.39863446791335     
   169.84804622493721     
   166.40416865443166     
   162.75154254877933     
   159.06111359636483     
   155.54944749653760     
   152.44574271744929     
   149.27536196925527     
   146.06454074575944     
   143.04958132961855     
   140.38085327374512     
   137.67616327842046     
   134.80611782742102     
   132.07285882694313     
   129.44813315077951     
   126.92318999638758     
   124.45336541211611     
   122.10419144875029     
   119.74628713837591     
   117.32135526586181     
   114.89135315420674     
   112.73475480266376     
   110.47193669164804     
   108.34420374174726     
   106.26594683353015     
   104.23888268288691     
   924.73275440637747     
   902.48335849564114     
   874.51821294968238     
   843.43656399285453     
   820.85101235494164     
   797.09824905282551     
   776.75731306563432     
   761.49815889053468     
   744.42821608996019     
   724.65834957167044     
   709.42698521278771     
   691.25380508679677     
   676.22378950065922     
   660.42032372276049     
   644.71926093609466     
   630.84471953707146     
   616.65138851333074     
   600.99005910607957     
   587.11693690804714     
   575.37361700384008     
   562.52581448042213     
   548.57243148673876     
   534.70000687534957     
   520.71214184297492     
   508.90993367767157     
   496.17890994410203     
   484.32864923746695     
   473.57304073193313     
   462.13606849033806     
   449.81431243861545     
   439.04794413991823     
   428.39421594095052     
   419.16736676691949     
   409.35429376590002     
   400.52591447368962     
   391.03751519678804     
   381.67739787257335     
   372.77331193616050     
   364.25948562426396     
   355.78167167948527     
   348.24379213160915     
   340.73505514410249     
   332.80121069194865     
   324.67980123340840     
   316.93594858092678     
   310.23071522215048     
   303.17330988122069     
   296.84432425584879     
   291.03171637417120     
   285.50509199872141     
   279.89339913927563     
   274.06985002222495     
   268.62228584436195     
   263.40542075567663     
   257.79059063663340     
   253.17429666261285     
   248.91665794259717     
   244.44335907430803     
   240.00437988383564     
   236.24896143943977     
   231.47214148349110     
   227.99575068284392     
   224.68492303379441     
   220.63772521236112     
   216.61133030365519     
   212.45147495134935     
   208.38183831922589     
   204.59685323965661     
   200.15789936126930     
   196.15287981858961     
   192.10105375888037     
   187.54558807062500     
   183.75628440728605     
   179.60411947173930     
   175.72977122792179     
   172.05610948687405     
   168.27112625104849     
   164.58904010775998     
   160.87674966375133     
   157.59113338164047     
   154.22608887331427     
   151.02075402085953     
   147.94721582827512     
   144.95585642014319     
   141.97434543143694     
   138.94866513017530     
   136.09315435781619     
   133.37222568359877     
   130.61551732575160     
   128.11434389410647     
   125.61717667457116     
   123.07999480548258     
   120.64641629960489     
   118.37056213500196     
   116.13250154762586     
   113.73305462006742     
   111.46801619605316     
   109.34430693214523     
   107.22273350320090     
   105.06467208911961     
   927.77058612023939     
   910.33023632623326     
   891.02338255619929     
   865.63502374401560     
   840.87947540568757     
   816.58467970302638     
   793.52883074248643     
   774.11470673795088     
   754.88837839559164     
   738.00145589318254     
   720.84626023998987     
   703.35633625650541     
   687.99040451564201     
   670.71496534230084     
   654.87601162851377     
   637.40376242454272     
   622.65831523752479     
   608.89507915558545     
   595.13338193030563     
   579.23972345132984     
   564.95867031649721     
   550.94459533679458     
   538.25751241291243     
   525.53019626353978     
   511.59596706746299     
   499.34566378987029     
   485.91528657449675     
   475.29765769015864     
   464.64696154980913     
   453.31683702502778     
   443.48446686893442     
   433.76427848505739     
   423.45623668372269     
   412.69148257574938     
   402.65892453162712     
   392.43946129621270     
   383.21989612449516     
   374.54519575908739     
   365.74622437708342     
   357.33876351802269     
   349.92125891079888     
   341.19917040445955     
   332.93192239792842     
   326.06168808957290     
   318.75752597669236     
   312.12558446898328     
   305.48517005586996     
   298.72135391167461     
   292.72338418361858     
   286.60782890738892     
   281.52977532164829     
   275.81906170652178     
   270.43684761015334     
   265.11564655668388     
   260.32556002459842     
   255.35366464774603     
   250.23066249069174     
   246.18685149969440     
   241.88859060808915     
   237.99503187401007     
   233.58712906555621     
   229.81419179157828     
   226.30738965375184     
   221.87327892609474     
   218.03580073666174     
   213.71552695086424     
   209.57231985272807     
   205.62431961991155     
   201.24454126471829     
   197.03166635994032     
   192.98446035459267     
   188.70534148825431     
   184.71568597542580     
   180.41557949397759     
   176.73774737655788     
   172.90068307677791     
   168.87139876040530     
   165.35167160444740     
   161.59941788026009     
   158.27003939605908     
   154.97122275314669     
   151.71585856715760     
   148.66581950673395     
   145.71800842487383     
   142.60682646936488     
   139.51483002409930     
   136.69045650964318     
   133.69328302350615     
   131.04444923146954     
   128.54037751712065     
   126.03363153224151     
   123.46668294027384     
   120.94183655303007     
   118.52391374937096     
   116.09351055689787     
   113.77397506313216     
   111.47580060083706     
   109.29346440679345     
   107.06001098818916     
   104.80734499414083     
   936.82285971338001     
   915.32022455902677     
   897.70651391581930     
   878.42804995616666     
   854.91010930329765     
   829.37635974977377     
   807.38966245279016     
   787.33033606949743     
   769.82825756744910     
   749.58282896400669     
   729.42701618871502     
   711.32305578696628     
   694.50583429009032     
   676.42218632500749     
   661.51351990463479     
   646.89795850638473     
   632.12927377609549     
   616.07328173860901     
   600.42257653777619     
   584.88369459962155     
   570.77738302777743     
   556.17365889224357     
   541.79381422362815     
   530.12185015057230     
   517.90737513959573     
   505.18628632932905     
   494.22905783004495     
   481.74684836313412     
   469.63571458207059     
   458.09471152827996     
   446.56806375124194     
   434.81445674944962     
   424.13831914568698     
   414.48396507865760     
   404.57011510794769     
   395.02836827290935     
   385.42092573068419     
   375.89837108202886     
   367.53597813680227     
   358.70662377857303     
   349.97154836311086     
   342.98949720717741     
   335.46182022093262     
   327.71219904608006     
   321.04557866019559     
   314.27908817759032     
   307.55479340714726     
   300.85550472314173     
   294.86893429054072     
   288.98265318211963     
   283.04953014379936     
   277.44441116031527     
   271.67980247918865     
   266.45343866373889     
   261.68870405635494     
   256.31041451496458     
   251.44573895151956     
   246.84109920828473     
   242.14334742465127     
   238.10480421613647     
   234.44820634254455     
   230.18884473391182     
   226.55576682335322     
   222.30726265757266     
   218.77150215560658     
   214.79806351345928     
   210.54012364431895     
   206.50189815655975     
   202.49769910040732     
   198.26048322928122     
   194.40203354602772     
   189.62019837843059     
   185.40708829750741     
   181.29714156906783     
   177.16735468553065     
   172.60118701576383     
   168.97426070721934     
   165.37389966173211     
   161.75719194322349     
   158.11986396636499     
   154.77858652294728     
   151.53125483444333     
   148.26583535777871     
   144.97644175135517     
   141.89174815338964     
   138.95192479936304     
   136.08724489830689     
   133.48099855939799     
   130.75533648362065     
   128.06045963055209     
   125.40467572905804     
   122.81703947075866     
   120.26925206887773     
   117.83881755272516     
   115.30141616102051     
   112.85138392830464     
   110.45633799091785     
   108.13084640721252     
   105.78590785896255     
   103.54278280464487     
   939.75428655479595     
   921.26220063154926     
   898.82973121096404     
   876.51765659629473     
   859.50355393807081     
   840.50077149504148     
   821.45802624069700     
   800.43119700494753     
   777.50448105903354     
   757.18199737322857     
   738.85067775525806     
   718.88713464131592     
   700.82129277408592     
   685.89273693635357     
   668.05745834733534     
   651.92293511765604     
   635.83946413418596     
   620.12466700029563     
   604.05561362210824     
   588.55429725910767     
   574.65256058845944     
   561.85494232974804     
   550.16896698605512     
   536.20680815323612     
   521.53678779117251     
   509.34388848577231     
   495.37629993497467     
   483.83502801520820     
   472.11373660601129     
   460.79502336654650     
   449.21309269995282     
   438.62078205138761     
   427.77065961039028     
   417.10387704570724     
   407.61258253034413     
   397.96618542047577     
   387.60015571185846     
   379.17692682547727     
   370.34850447682601     
   361.01889564931673     
   353.04878560308924     
   345.05012695005530     
   337.22104610846640     
   329.92214693529939     
   322.64634768852244     
   315.77170860476258     
   308.19085591844220     
   301.54938976512818     
   295.17073266210042     
   289.42267511353162     
   283.38003946886471     
   277.25164043016645     
   271.73966539754286     
   266.63355145098842     
   261.13969654132296     
   256.28120389744669     
   251.43231897374258     
   246.96214398477574     
   243.01959110354744     
   238.99661981518531     
   235.35256341398119     
   230.39924880283462     
   226.78294173868773     
   223.21902075339420     
   219.52916596660600     
   215.61683649396031     
   211.41178296050617     
   207.24081654517704     
   203.01494633290659     
   198.57546929640890     
   194.23048722042910     
   189.47390255461741     
   184.88235309272176     
   181.08942732510198     
   176.27171438768931     
   172.31037202860568     
   168.61109402688493     
   164.97863040722291     
   161.42859992711314     
   157.90784643082927     
   154.24751277053480     
   150.79576256096198     
   147.58088001189279     
   144.38152393400884     
   141.11984540463752     
   138.17161679774421     
   135.22734769042262     
   132.30330289500631     
   129.47720182433142     
   126.72463436739883     
   124.16545626095704     
   121.60718606156495     
   118.90319589206133     
   116.33089561173804     
   113.88137224748328     
   111.53058557686401     
   109.10766871319262     
   106.73033279281948     
   104.44156496559739     
   102.01765446660619     
   944.44382032999113     
   920.22688730888899     
   900.82266070698461     
   883.61263834197439     
   861.87852727085124     
   845.90732652059262     
   827.98175194431417     
   808.99130729899809     
   788.05966600058900     
   768.92457264138602     
   747.38248317598425     
   730.09807159156981     
   710.27505412344522     
   692.09898849225988     
   673.77027105974366     
   658.98819766613474     
   641.43406525827356     
   625.14336188737502     
   610.24696877104327     
   595.63184176002710     
   581.54492348342274     
   567.77917782373652     
   554.02427487754528     
   538.84628295196978     
   525.57559175670690     
   512.82509147141798     
   499.63917617639538     
   487.55799138790826     
   475.79225352320981     
   463.88968707531126     
   452.23261827498970     
   441.58617784918812     
   431.28473694448428     
   420.89369155203525     
   411.04548875434739     
   400.33647181297380     
   391.56760327243262     
   381.38119305029119     
   371.49594268480075     
   362.97659662205399     
   354.80646782371241     
   346.67297491667199     
   338.40587543371737     
   330.69975616248263     
   323.72716640657490     
   316.39056887707278     
   309.83839747961372     
   302.89295010839953     
   296.29285551182659     
   290.18107800113876     
   283.97633723667593     
   277.83240215832171     
   272.49950136726920     
   267.44231258085892     
   262.48924801860278     
   257.96226917705565     
   252.38275402395249     
   248.43493614955389     
   244.18201523112717     
   239.90576037330641     
   236.32087005180159     
   231.98423826127151     
   228.20664339822378     
   224.68842091046997     
   220.98316920006434     
   217.20833702985087     
   213.12717486796745     
   208.99070345265602     
   204.85645717233376     
   200.12822128557121     
   195.48256757472382     
   190.49666174592420     
   185.79322372193874     
   181.37734841104958     
   177.01668920829081     
   173.19651001149848     
   168.96414728363578     
   165.13434365732471     
   161.03158948407832     
   157.44278772563379     
   154.04068392158914     
   150.58768747111299     
   147.24149875553545     
   143.98604874506435     
   140.66450469437916     
   137.51161563578137     
   134.22876290477038     
   131.13085301278227     
   128.29679512928351     
   125.52566906627743     
   122.65053935323282     
   120.00915872349323     
   117.11685482028653     
   114.55015445525963     
   111.98440814698606     
   109.40008382379258     
   106.82745197538478     
   104.41316092098103     
   102.01442529787349     
   99.645975041582062     
   946.80578394062422     
   928.47639573981860     
   906.65305786946317     
   887.60914739855264     
   871.21921541834513     
   848.44475118340574     
   830.89571012688907     
   813.76538789451649     
   795.09225614744548     
   775.49728948957102     
   754.65042296124784     
   736.10433213563215     
   717.40476970376471     
   700.19611632187707     
   683.26158175362036     
   665.73002086308202     
   646.95892746965967     
   631.73210925062324     
   615.36763990106510     
   600.74199611976894     
   584.41804102097854     
   570.09662593677922     
   555.80148494371861     
   542.05073062614247     
   529.11953016962423     
   515.49776477707098     
   502.27029295471760     
   490.33235483251406     
   477.73826231391149     
   466.20826337207416     
   455.58843405063180     
   443.46464188062436     
   431.76409493869085     
   422.21514916867710     
   412.54677639611589     
   402.07841700261736     
   390.73722946278679     
   381.16170377607665     
   372.17625142667629     
   363.11564929122369     
   355.30988143513599     
   347.49250416525774     
   339.35356041702119     
   331.69299467970654     
   324.11605055232229     
   316.93801596996968     
   309.71654522996533     
   303.12978766784437     
   297.06000051463195     
   291.14233536981101     
   284.79039492016267     
   278.85638833868455     
   273.33666930489511     
   267.71854552287283     
   262.26312209139996     
   257.39569500444787     
   252.99353752678903     
   248.51043497561972     
   244.60365959504324     
   239.84706188752645     
   236.15127033020380     
   232.41512843118863     
   228.22273420990805     
   224.73869537509105     
   221.13105622879664     
   217.71596390656936     
   213.25464109823838     
   209.08491321837124     
   205.17911849960370     
   200.31326876524082     
   195.43027830207026     
   190.29214955944451     
   185.09936774537155     
   180.49708565950723     
   176.43214508021455     
   171.97016448255687     
   167.23355890908931     
   163.00575352218726     
   158.94360226045822     
   155.23693112735731     
   151.28720016755068     
   147.83693096646633     
   144.22044159977020     
   140.85599046272361     
   137.32493497735334     
   134.07626700081789     
   130.81351256440689     
   127.76450711984866     
   124.74388868151391     
   121.93938863279303     
   118.91471057134163     
   116.16125620205811     
   113.24458202502996     
   110.37618611018641     
   107.88026608227148     
   105.47541261520736     
   102.83517948490640     
   100.30470337445192     
   97.874789178471872     
   95.300914823458228     
   950.18595998550654     
   931.65775935021975     
   918.14965882574370     
   898.01624928487092     
   873.17517264729725     
   856.37422554926184     
   838.90705541778948     
   816.28714155303669     
   797.92581332166560     
   778.59807843821307     
   759.19952033814093     
   741.80589127489100     
   723.90259166813121     
   705.16632744459821     
   686.01620121191058     
   668.88302775592126     
   652.19830803022819     
   636.38242300379261     
   621.28808735526275     
   604.89145984894742     
   589.11370991411093     
   575.71713647894069     
   561.96585345293568     
   546.88917442523939     
   533.32523245988841     
   519.45523201201297     
   506.46485329303579     
   494.75696828103600     
   481.95009018952533     
   469.62005176111086     
   456.53385690033446     
   444.98856720579988     
   433.95023831880064     
   422.54041075454018     
   411.27143495538382     
   401.13749043258775     
   391.62994986324435     
   382.73549889326904     
   373.68494226566395     
   364.80250324203627     
   355.83662497250708     
   347.30741342943656     
   339.02183516162785     
   330.64593092252244     
   323.73802509051927     
   316.81876694588743     
   310.27534141464747     
   303.47038036042971     
   296.46266108222761     
   290.32192431760302     
   284.23601849118131     
   278.62264298437725     
   273.36887009192299     
   268.21686209388326     
   262.99749091249009     
   258.30186530529983     
   253.59278682036154     
   249.02163021908376     
   244.47746860095174     
   240.53455427466449     
   236.93550853509026     
   233.31804760569327     
   229.56637344336735     
   226.22036863826395     
   222.67550558982526     
   218.43964400884073     
   214.35513696320609     
   210.76917205048142     
   205.73217890162050     
   200.48828736275823     
   195.57952669288778     
   189.63531312083558     
   184.42647935903358     
   179.41434629187310     
   174.52253824679593     
   169.72971358113051     
   164.99668822105980     
   160.59202697820606     
   156.14625698334333     
   151.86098906742146     
   147.62967126993198     
   143.54043951093485     
   139.72116262112019     
   135.92179597426761     
   132.07057577022314     
   128.77573708245291     
   125.47028587227709     
   122.21519622881489     
   118.99843262590070     
   116.02996019589924     
   112.87803450017441     
   109.92328952764520     
   106.91408564360322     
   104.18638835313942     
   101.41281537526513     
   98.767648256055949     
   95.995263867461574     
   93.452990644599993     
   91.101169330368251     
   88.392836540304614     
   959.85103923204338     
   939.11863935457450     
   918.75098687295269     
   897.21238601033781     
   879.77924256213828     
   861.04866077157590     
   840.16698091535784     
   822.55345182214387     
   803.46105427304383     
   782.46790392187404     
   764.91341008999689     
   745.80587632570041     
   728.71059422382859     
   711.58109422526684     
   695.22857271884618     
   674.61177290861178     
   657.80708924049236     
   641.39935300706964     
   623.35026774261632     
   607.43103164005333     
   594.00806796664699     
   578.88795291124302     
   562.69212550155760     
   547.53738302882925     
   532.93539154569714     
   518.63008365894939     
   504.87160069785762     
   491.67120829579653     
   478.99144159863147     
   467.81251081824644     
   455.42987518886753     
   445.01040442646786     
   433.69978779305967     
   423.31884751016179     
   412.71450456941704     
   401.97373335630925     
   392.48158269200792     
   383.58235784612538     
   374.21793178074097     
   365.57873694356465     
   356.62181988248489     
   348.47269144179415     
   340.20420798216145     
   332.44454469830737     
   325.10619325525136     
   317.25825250280229     
   310.39103425574399     
   302.72407038796922     
   296.46619760305100     
   291.02192196100731     
   285.42826646676775     
   279.23217460946034     
   273.35456604394949     
   267.76772239805615     
   263.04779933893485     
   257.58180044488216     
   252.95786084803979     
   248.27399277974123     
   243.82887725440239     
   239.49045250336977     
   235.99318866714438     
   232.80577746987478     
   228.41139877668056     
   225.46013483166072     
   221.82732415582313     
   217.49664497649221     
   213.74772309361165     
   209.99879666217367     
   205.38343143716173     
   199.55708479192751     
   193.65769740504544     
   187.43787816929111     
   181.23076958526886     
   175.56916757314085     
   170.45997286536669     
   165.25326786105941     
   160.17064484373586     
   155.24449708517176     
   150.90322143917012     
   146.19086784680346     
   141.58546200160396     
   137.37699770693817     
   133.33229239726003     
   129.44292372512695     
   125.66272444262488     
   122.42595342308090     
   118.46771897576741     
   114.80083541512687     
   111.25433148031473     
   108.16815280846794     
   105.13810926683838     
   102.10375916119874     
   99.288679762805714     
   96.403403136732948     
   93.488962888498776     
   90.690908198090455     
   88.077505166321856     
   85.615449568565907     
   83.039811185076502     
   80.643046375328851     
   961.71317607022934     
   943.53280715507685     
   922.83538970019856     
   901.01029420043938     
   881.72886104467625     
   864.92642180127450     
   844.75091903739576     
   822.71076618890220     
   803.45182286827355     
   785.61649098431371     
   769.21980252924618     
   751.70145886330124     
   732.92440426192570     
   713.11818607284226     
   692.06131219827967     
   674.13156816423566     
   657.71122689747858     
   641.38543741907984     
   624.48107252819364     
   610.57162777784743     
   594.03348850442922     
   577.29547004262076     
   562.02057918592982     
   547.48116479272107     
   532.57812630988121     
   518.97237311526612     
   506.99612511807538     
   493.39688533103879     
   480.84424622401752     
   468.25070258162174     
   456.31473653466242     
   445.96717929448801     
   434.67960851311386     
   423.13036434187239     
   412.57028292878260     
   402.30280306249352     
   393.02380700727360     
   383.21209061950680     
   373.38042819963692     
   364.04653389781828     
   355.09967379391338     
   346.42932290620217     
   338.06130804058807     
   330.29042040632339     
   322.16972094668830     
   314.61588878086616     
   308.16136785233289     
   301.43929983853832     
   295.05034009257287     
   288.75730921575234     
   282.77160293037230     
   276.42048093141989     
   271.29030877592260     
   266.24601787423978     
   261.61386645531525     
   256.94586077443324     
   252.30707492683183     
   248.13261620189382     
   243.66609369545313     
   239.13111495242745     
   235.68193998951625     
   232.74528982366388     
   228.80988050138552     
   225.44386712832039     
   222.79614408092419     
   218.65761768092449     
   215.13444348291682     
   211.65733404809072     
   205.78401554373852     
   199.14391034211164     
   192.06542104861722     
   185.40401598772374     
   178.34812699390966     
   171.44736093466747     
   165.77138900437257     
   159.48750553666520     
   154.17858122380116     
   148.81551371106926     
   144.03102777950247     
   139.22844600437665     
   134.08477501817259     
   129.53354427757756     
   125.50351245175732     
   121.93374193831858     
   117.74649705638041     
   113.69460835781450     
   110.28349158650762     
   106.48502548425562     
   103.40087418729979     
   100.03541281941058     
   97.002824804598887     
   94.074672953181448     
   90.986612560665691     
   88.299916150502625     
   85.674809726610476     
   82.923002490572614     
   80.090416460234934     
   77.477289955328629     
   74.796418455334177     
   72.304693999765931     
   965.88001201223722     
   942.02370457435950     
   925.18668251901636     
   903.21018969240845     
   885.53214118860399     
   862.62380077930652     
   843.80547245608875     
   828.04278512032784     
   806.81475332263506     
   787.96388251837266     
   769.02495924775144     
   753.48391084490379     
   732.63503885540877     
   713.49788600987358     
   696.20600393428072     
   678.27660497354486     
   661.76917742803994     
   644.02056477352710     
   627.20573302440789     
   609.34992737607081     
   594.22687328238953     
   578.70899234052183     
   564.09518403383026     
   550.18777177412699     
   535.25755090651751     
   521.70267550134758     
   508.00136540043729     
   494.92503652968145     
   482.18538257002103     
   469.05258431829975     
   455.90598432780365     
   443.40489657028820     
   431.80461902326533     
   420.81108928893354     
   410.83137111630742     
   401.20252894920532     
   391.14155208203056     
   381.08403066983044     
   370.97201820234909     
   362.16517080515899     
   352.96486047493966     
   344.59503265278738     
   337.02052547668370     
   329.37615155810488     
   321.97460645555680     
   313.71019810679712     
   307.40909390883371     
   300.79414024064533     
   294.23083403952643     
   288.36585597669517     
   282.31754499079261     
   276.56760568463187     
   271.63242620185110     
   266.65792142778781     
   261.12974837280012     
   256.91785224500268     
   251.65166020624548     
   247.91582444472530     
   243.94891044935258     
   239.47076812878868     
   235.59100369478688     
   232.45882180564368     
   229.28416601339370     
   226.37472510489542     
   223.33993636898794     
   219.79587882061227     
   216.44410055654402     
   212.89716299255241     
   206.81336144729585     
   198.05932421234772     
   189.09276481006660     
   181.18150235307783     
   173.30613965505472     
   166.77437615103304     
   159.68198164905971     
   153.07356156021621     
   147.02206467103053     
   141.65300002310349     
   136.12153706999598     
   131.01162716170148     
   125.74835916427836     
   121.10809724994297     
   116.38834418665482     
   112.13719959805024     
   107.85479001325848     
   103.90244758824416     
   100.28367650898903     
   96.364877394194153     
   93.296821614382537     
   90.234395197863336     
   87.898988235252233     
   85.349247670915858     
   82.150689833091718     
   79.754394959516119     
   76.491604763452102     
   75.029821374069471     
   72.364985837299997     
   70.051273190399996     
   67.112821397711727     
   64.494307008472333     
   970.03228249188180     
   949.23901565862980     
   929.31856179347869     
   909.93037513188142     
   891.92426873779073     
   871.99850137637327     
   850.69066898794631     
   827.40906832970074     
   809.68517141329835     
   790.99511733327245     
   772.99270903344609     
   752.33172514954117     
   731.83360644545678     
   714.73487509095344     
   696.08833951401709     
   678.01610301248138     
   660.85742337999761     
   643.18964068223625     
   626.17825220547161     
   611.14129475983577     
   594.93819391477246     
   580.44204966585914     
   564.83301575433870     
   552.01369841243695     
   536.56368194694630     
   523.87500883530186     
   510.95839640857412     
   496.07947736259609     
   482.57302656055549     
   469.68529159554487     
   457.99882223382400     
   446.32970313115572     
   435.10221299338161     
   424.36051807416959     
   412.68797929030052     
   402.44697248539546     
   391.04696529596879     
   380.47107425351442     
   370.53728405686275     
   362.56263337676131     
   353.07355109849897     
   345.32142421335840     
   337.87343102209786     
   329.78140609150660     
   321.79412935536851     
   314.97633115470063     
   307.09206827501009     
   300.00879153067939     
   293.21324533070617     
   287.54736929089654     
   281.40251229321200     
   275.17957896180940     
   269.75976770902855     
   265.40491762702533     
   259.63020483956484     
   255.16170946352582     
   250.77464867148964     
   246.36608447022749     
   242.50102777002786     
   238.35929030851361     
   234.19488522563924     
   231.38209397948904     
   228.40514143067404     
   225.46703184870523     
   222.82994069602273     
   219.53437264403541     
   216.92059593449039     
   213.93786601479744     
   205.15865092751767     
   195.16654913085358     
   184.80199786689161     
   175.69789759181918     
   166.63949186198158     
   158.65971921799172     
   150.69301255211261     
   143.46598335682506     
   136.78783115464557     
   131.57594528260296     
   125.41059616900318     
   119.89706719389795     
   114.61547382922016     
   110.63464664883747     
   106.05729804592866     
   102.41028309708778     
   98.890454198260159     
   94.353541627662906     
   91.017484382157917     
   88.155326442767660     
   84.890979725735292     
   81.800651901994087     
   79.552894322012563     
   77.245411236736018     
   74.140778740797970     
   72.387161335847537     
   70.190190762100727     
   68.943134557058855     
   65.860805274841525     
   63.291718635679068     
   61.015147875882853     
   58.352691761695638     
   975.70303510513065     
   957.12451883099959     
   934.28442656260427     
   912.27032568988329     
   892.22439859707993     
   874.38174619865936     
   854.00738375446656     
   835.13571794132338     
   814.87640490460421     
   792.08652608385125     
   772.35174589966039     
   752.41573998472313     
   731.95254472133911     
   713.56510733656182     
   694.11020419721171     
   677.50605633683881     
   661.14727861357062     
   644.33716904148821     
   628.51520758385561     
   612.43536535462385     
   596.30639408484069     
   582.11286625489481     
   565.22183619593739     
   549.41470229192578     
   535.14546721071645     
   520.68209891509230     
   505.67552006522783     
   492.23899877533580     
   479.17216475761114     
   465.47149276534498     
   453.15526631088090     
   440.55208664383946     
   429.05557521371298     
   417.73523140360999     
   407.64175880310324     
   396.49618963205296     
   387.03206660152222     
   377.73446726330030     
   368.80408007985216     
   359.58021949797649     
   351.54463915401476     
   342.82741747499585     
   334.41093578691618     
   326.79665019537492     
   319.51969714761873     
   312.63140104773890     
   305.21631081814576     
   299.13622540178994     
   292.69645760890108     
   286.39874561127499     
   281.06785138334351     
   275.36209756168569     
   270.29991269275990     
   264.90565568106820     
   259.84609680329356     
   255.26880521006527     
   251.49750153404318     
   246.79787815092277     
   242.65414800217061     
   238.44679587846323     
   234.76972394149215     
   231.69172367298097     
   228.78361226358248     
   226.10112398973121     
   223.20634555132611     
   220.97275025655182     
   219.28896170437818     
   216.14317586492228     
   203.99391535825748     
   191.91374823502485     
   180.16896421977725     
   169.18939278421604     
   159.90285607269621     
   150.34218122647434     
   142.44873351063438     
   134.24587130054192     
   127.34373189241418     
   121.64721865413865     
   115.91387864819156     
   111.25598839933397     
   106.55641702967159     
   102.18053113019806     
   98.271095631741986     
   94.239957726005457     
   91.605160189406462     
   87.949606246669234     
   85.383318875025566     
   82.420976868862937     
   80.075922804228952     
   77.402158389317250     
   74.629262625116965     
   73.400665450982274     
   70.843243220270722     
   68.783399587170095     
   66.829810485432034     
   65.216423809176874     
   63.334210953731443     
   61.336338488015059     
   58.519437014908156     
   55.119240194581515     
   976.83208456975694     
   957.58987097612578     
   938.08198526481931     
   918.32075853407423     
   897.18208541147169     
   877.61124959667052     
   856.45718493008451     
   835.58134943466712     
   813.46732207328682     
   793.00080280249585     
   775.27115915050877     
   754.72319590749544     
   735.46398900613076     
   715.11019032290983     
   695.89970760551353     
   678.56074960729734     
   662.11473190028050     
   644.83209642594989     
   627.98568866674248     
   610.60496766689766     
   594.06949166343395     
   577.07749465827601     
   559.97108411034696     
   544.99100294951575     
   529.83858617558803     
   517.37840395540491     
   502.93755933915975     
   489.40540504590672     
   476.00030199737535     
   463.59059941482673     
   451.82524421203368     
   439.81955432742109     
   428.80528974871720     
   417.56168374262847     
   407.19249408948656     
   397.29933577192452     
   386.66935797521023     
   377.59534928433686     
   368.96482695994564     
   359.96707783157575     
   350.67650955708461     
   341.68837434701561     
   333.53915347879217     
   325.74599596168918     
   317.86264231273810     
   311.17688706404556     
   304.57151495275980     
   297.36877325937633     
   290.83051662109949     
   284.92542993146037     
   279.32823130326676     
   273.97336086211357     
   269.32950650427159     
   263.67804304421304     
   258.96198269851249     
   254.13831033448980     
   249.56415941030153     
   245.50316468999586     
   241.12184902948707     
   237.46326386769286     
   233.70441229247064     
   231.26698606977578     
   228.38862687071520     
   225.48405489867369     
   223.73865326704737     
   222.00927119684030     
   218.90540133916176     
   210.12483841588769     
   196.28687712433560     
   183.43884837072480     
   170.62734086928523     
   159.50176856409891     
   148.34672782482377     
   140.38335717039070     
   132.45975484300598     
   125.72292740998346     
   118.82583363201528     
   113.86288393003299     
   108.28088506156874     
   104.19361367702820     
   100.14547877103290     
   95.466002595768842     
   92.685712914936460     
   89.482997083506959     
   86.835729906801973     
   83.596859305236180     
   80.354393427610532     
   78.702521725629808     
   76.692736405940408     
   73.792514605578660     
   71.858197750109298     
   70.311797383321974     
   68.034934517278415     
   65.862307817392335     
   64.395701079722912     
   62.319864426953401     
   60.965606609132351     
   59.788566365212269     
   55.874234214186480     
   54.379831506371389     
   983.90937743483255     
   964.11144119564665     
   943.51666545058242     
   920.51044966987979     
   901.71037682923816     
   877.93218533746244     
   859.09725359015886     
   836.00147320668862     
   816.18769511241806     
   794.76087909256228     
   775.25959531920682     
   754.52883794862873     
   735.95717032239224     
   715.82834437229758     
   695.17703872770630     
   676.79501230709161     
   659.26420921218937     
   641.60945062377118     
   623.80721135813587     
   606.23373998620275     
   590.80017691464911     
   574.64842081045504     
   559.64655362009285     
   543.43440185396707     
   528.43651432766501     
   514.41383283629762     
   499.84189829315051     
   486.04269843948180     
   472.26883146761111     
   460.19925293128955     
   447.68472712139754     
   436.39299431869290     
   425.65468602691669     
   416.05834996675378     
   405.08725336135728     
   394.19264805089853     
   383.57028750649164     
   374.85123633844444     
   365.30885153856929     
   357.06539049886618     
   348.05487968605871     
   340.01039702583307     
   331.69956231488595     
   324.03465269611354     
   316.85284415628161     
   310.13259846830300     
   302.93890165723388     
   296.54956438721433     
   290.45371252223481     
   284.46235881163142     
   278.74788716684748     
   272.26800382697553     
   267.39256302046755     
   262.26655676320195     
   257.29965191997877     
   252.74538136521167     
   247.84858309326117     
   244.15486293749152     
   240.50110900403567     
   237.12039189738266     
   233.08622908703757     
   230.57659893506548     
   228.09383536359593     
   226.18713777630006     
   224.45773617889932     
   223.41613785845783     
   221.65401171479536     
   208.49543728304837     
   192.11820552727480     
   177.69780667721918     
   163.80814189268875     
   152.74396902714264     
   142.04757175288958     
   134.36975032717697     
   126.85224053377351     
   120.20679731065886     
   113.15837259328799     
   108.21938966878541     
   102.66502903430587     
   99.754834967576699     
   95.717137672013351     
   92.953457766942236     
   89.235130961323620     
   86.823451133161981     
   83.744692633259007     
   80.569474248856025     
   77.699044517447305     
   75.984613584974667     
   73.227947031459408     
   70.693565107328936     
   69.146282346023369     
   67.795002785198221     
   66.020289781299880     
   64.218110236955582     
   62.807068700763281     
   60.806883392862893     
   59.179998736957550     
   57.924180687775440     
   54.668449650849659     
   51.588107021688025     
   983.43264332545050     
   965.15501480346268     
   946.25510832097859     
   925.71574427349321     
   906.60860623424560     
   881.68222575715993     
   859.32495127404695     
   837.64674382765861     
   815.04303382414446     
   795.40138364629138     
   774.52137671786477     
   753.37327678961981     
   734.79566844331453     
   711.79526470022836     
   694.88344038661944     
   675.81136176757627     
   656.36704610377001     
   637.44692992660532     
   619.94654159940819     
   602.50819968199721     
   584.48061411461481     
   568.66551491677683     
   554.74725417541970     
   539.10584014657650     
   524.45670225489607     
   510.26618245818008     
   495.72107905520824     
   482.21918398864506     
   469.31664020352571     
   457.49523162724563     
   444.26342470281475     
   432.73741320699855     
   421.79163405627258     
   409.96226184291083     
   400.17033486307292     
   390.49746787151241     
   380.48980661271281     
   371.65098217597290     
   362.68011873885359     
   353.06281286821610     
   345.04354945567297     
   336.33789272943886     
   329.44650722374206     
   321.42765918316917     
   313.56213824072739     
   306.75281522625676     
   299.03188175560012     
   292.64033021742534     
   286.87974444526367     
   280.92500683200427     
   275.34697926618344     
   269.82275312425571     
   264.25383057195120     
   259.29916956394720     
   254.35832494499394     
   249.97730668134591     
   245.93434691489662     
   241.82118240941793     
   238.87383426292945     
   235.03701032653146     
   231.98330117030548     
   228.89417586154289     
   227.17284695945017     
   225.33800600749723     
   224.27044640749276     
   224.50972089119324     
   224.38426702067608     
   208.76947853978754     
   189.68713242525871     
   173.66555929700363     
   159.94597203301976     
   148.20862972589657     
   138.28031459612538     
   130.20397552037377     
   122.48880836998353     
   115.92007630041843     
   110.24442377808226     
   105.21994715548304     
   101.11681253197699     
   97.096089328055967     
   93.932735838770029     
   90.153223372831903     
   87.173476138627819     
   84.029633984001322     
   81.438781742759190     
   79.205223989928783     
   76.175794909921947     
   73.897967802429491     
   72.197990950850581     
   70.020968116749984     
   68.340324335891083     
   66.628463079132999     
   64.270630324016892     
   62.788973073953684     
   61.999740781871537     
   59.754565567345090     
   58.130502385664386     
   56.545048670103171     
   53.483047929786252     
   51.044343349271486     
   986.21792910640397     
   966.57507855553536     
   948.87259873873109     
   928.98578195718915     
   908.08632871979637     
   884.64708540167499     
   863.10043467202968     
   840.20342111927471     
   817.50613069578310     
   795.55951574114033     
   772.67209748885807     
   751.86639573080311     
   732.70107829975154     
   711.23878432164611     
   690.67203836993542     
   669.75143078025246     
   649.78248672369705     
   631.55132248960228     
   614.11749527829284     
   597.58079400094812     
   582.40421072871186     
   565.23121270331603     
   549.55576939360253     
   533.72258253763221     
   518.94934432162972     
   504.29621592523006     
   491.22187810712268     
   477.91706678659682     
   465.73753305462515     
   453.06682157530577     
   441.40395016488992     
   429.12919151901491     
   416.73765056815864     
   406.35220278639542     
   394.97451903609613     
   384.55060788344110     
   375.26179009789780     
   365.42021388173288     
   356.78560740828982     
   348.35951809646554     
   339.27774536958560     
   330.57410178479188     
   323.07170630925748     
   314.73861806897537     
   308.60586402488457     
   301.72397454466841     
   295.40480511297892     
   289.00578313981902     
   282.83256432823413     
   277.85439942423034     
   272.27038806701796     
   266.70625855992182     
   262.27480618009935     
   257.29792420446296     
   252.86663135682437     
   248.38472665511347     
   244.33149530840959     
   240.28378596183848     
   236.85669215689194     
   233.36737088056708     
   230.56385022674613     
   228.05899480340233     
   226.12439483547803     
   224.55454010763833     
   223.84674992379010     
   225.05810452117927     
   226.14686259354085     
   208.62224873185323     
   187.35036955685007     
   171.18425904198736     
   157.92637444929557     
   145.62458983097582     
   135.44055257517678     
   127.91612393532358     
   120.31496671274948     
   114.25667726084505     
   109.01358147013471     
   103.33550781101987     
   99.067657483423574     
   95.947793355636136     
   91.349710280301963     
   87.778619781903572     
   85.308250351415225     
   82.461150487559550     
   80.021284715421345     
   78.008959756631583     
   74.679904307381406     
   72.049331139332025     
   70.841853846125431     
   67.924665282765517     
   67.652491510543413     
   64.669979421521305     
   63.221397827902180     
   61.828826893925445     
   60.907037957261551     
   59.048959954633020     
   56.312626187088924     
   55.033639905788412     
   52.636523467874561     
   48.915738743217247     
   996.88739708434014     
   973.18238430154702     
   951.26806765920446     
   929.00277064714714     
   910.54019646721213     
   886.97302904562059     
   863.88999601299076     
   839.70951944097726     
   815.67129396906023     
   793.52801961836974     
   769.46400727176467     
   746.65136982219178     
   725.49310764746861     
   703.64301305712570     
   683.88715407080258     
   662.78325688610516     
   643.24710530816856     
   626.09464505364122     
   608.26081474820410     
   591.59379809995460     
   575.13485318707183     
   558.52625191424841     
   544.85150173828481     
   528.52669443384048     
   513.71538460321847     
   499.91935969539736     
   485.35783992595367     
   471.52285548246232     
   459.26732963915447     
   446.97998866050460     
   435.64358584320104     
   424.18599700331043     
   413.75222292764380     
   403.22494281940078     
   393.33858254087511     
   384.56389728175577     
   374.95518098395962     
   364.52413489099405     
   355.98064658130164     
   347.61378645574325     
   339.09828970090314     
   329.67210397446524     
   321.96245000105438     
   314.93100749532016     
   306.43150374942445     
   299.23165511848578     
   292.60253609888969     
   286.59363240995594     
   280.19682275548541     
   274.30294930238415     
   268.09729952473123     
   262.89596085023948     
   257.36134768241482     
   252.23366812853578     
   247.72193493939781     
   243.79717507158790     
   240.39265243103006     
   236.68468917432745     
   233.13659394203773     
   229.94540023460618     
   227.20459090641390     
   224.64572892908831     
   222.76275959198981     
   222.48960975405998     
   221.74348458102548     
   224.31466960593460     
   226.80822472388894     
   207.43222056460095     
   186.82634816394994     
   169.83726041339418     
   155.98710433321540     
   144.61590539100285     
   134.59387850192854     
   126.72689335310402     
   119.39853261149837     
   112.96307616583269     
   107.26359119993850     
   101.93083253003395     
   97.884365216647780     
   93.421603630559360     
   89.855692229228225     
   86.043518635399920     
   83.096267122337068     
   80.567299149191484     
   78.104332731213532     
   77.356215307810245     
   74.276930104112679     
   71.866362177170359     
   69.565376582564539     
   66.641946870079352     
   65.575176075630324     
   64.487696640920248     
   62.084962371884600     
   59.829130741967674     
   58.863173073731886     
   56.704460242971336     
   55.836612108561582     
   53.959950974249210     
   50.692636970649914     
   47.706275766326989     
   994.52036208203106     
   977.89198340031635     
   957.16652093504445     
   933.58161160870804     
   909.61615374085954     
   887.99233906834729     
   866.39630897031032     
   841.85418469236322     
   817.69368775503779     
   791.33470049907817     
   765.31562236149944     
   742.40657978510353     
   719.77011651632642     
   697.72760454273612     
   675.79544107693539     
   653.79184059179101     
   637.58726829958209     
   619.09285375535865     
   601.04935170086878     
   582.47157174902145     
   564.77054808962589     
   548.52524166158298     
   534.80729582633910     
   520.42261762425187     
   505.52717912613133     
   491.15930754344333     
   477.99705781019998     
   465.79338649425432     
   453.98605951644680     
   441.41469911389174     
   428.88166015369444     
   416.44547478706301     
   404.82910875161338     
   395.91564115497761     
   386.70526046854474     
   377.54792671445193     
   367.66100775571766     
   357.90253913457951     
   349.66887188473476     
   341.07585650271920     
   333.07970334828519     
   324.59812417434671     
   317.61767469448455     
   311.27472058584669     
   303.24066757251694     
   296.13801829250002     
   289.85874334988864     
   283.51733513295659     
   278.33385535535206     
   273.30134845091510     
   267.57388272950715     
   262.26286020102748     
   257.44134313708656     
   253.37170855632655     
   248.43375857387730     
   244.48281268779544     
   240.48930798691558     
   236.19230012092106     
   233.26754766003654     
   230.71789124899749     
   227.80806894358545     
   225.64282483001122     
   223.66958159374724     
   222.59383434250950     
   222.47858633152390     
   225.14778886102081     
   229.46576542126115     
   208.76513182654253     
   186.69565592370213     
   168.66398441049392     
   155.44485979259704     
   143.80561701494781     
   133.70553661406976     
   126.27689962947417     
   117.55851136073379     
   112.02245891569207     
   105.67328882612844     
   100.84337179726093     
   97.070612626283719     
   91.564453981417415     
   88.410068453579470     
   85.192187699566944     
   81.878228284200929     
   79.796673804682243     
   78.123519259706939     
   76.186905693446903     
   72.832907644004820     
   70.433873789984858     
   68.275543331397159     
   66.509537965408853     
   64.372960315871453     
   62.807766592452232     
   60.810051120393702     
   59.294443128335523     
   58.132865524008480     
   56.013633840378716     
   54.551439275737430     
   52.593287141688499     
   50.058392607969935     
   46.679896009490349     
   999.17878694133583     
   982.41995158382588     
   962.41791735031541     
   938.36824302692548     
   914.79558222628566     
   890.25037807938361     
   863.65935435905715     
   834.88987077785180     
   813.20570355405050     
   790.67053009393419     
   763.53082622517161     
   737.74515217602129     
   712.12655584870697     
   689.77942273323129     
   669.32370694718270     
   648.44786521400147     
   627.63613363864454     
   610.46833147362815     
   592.80183776228716     
   574.63047388241330     
   558.90508323104143     
   543.20445981468924     
   529.18592772344323     
   513.52190608633532     
   498.24635683457217     
   484.48448048122998     
   471.78743656813748     
   458.77311302841548     
   446.57706590556711     
   434.53301343284284     
   424.09307428339866     
   413.87201139539218     
   403.99428383621063     
   393.79901741249597     
   383.02065785760891     
   373.04314457995849     
   362.62021866616453     
   352.61052146768617     
   344.53023193914737     
   336.21228509553447     
   327.80777682046687     
   320.14160083805427     
   312.96365573006926     
   306.18962159253709     
   299.21802470144371     
   292.93387643422250     
   287.06537107540896     
   281.28542370030578     
   275.61087096058577     
   270.09749917645837     
   264.58634351920909     
   259.66239094179531     
   254.93295926286564     
   250.31899665816863     
   245.59540949498484     
   241.30859946799885     
   237.34787830968921     
   233.98679311513783     
   231.23572255884980     
   228.77165993370579     
   225.90327256362377     
   223.37458986137867     
   221.66914869442661     
   221.48649828306469     
   221.22371923541272     
   224.35313215358218     
   230.44808682090815     
   208.08723137642272     
   186.75064848925760     
   169.43954521389392     
   155.31273154050632     
   143.32571623170273     
   134.45680237625072     
   125.22848678525669     
   117.49042938868912     
   111.13926160704941     
   104.31302773526627     
   99.909958857029551     
   96.807187997989189     
   91.306892873925946     
   87.991809518865949     
   83.773806428521652     
   81.807273308160632     
   79.122188832870407     
   77.371482767430408     
   75.568233655424748     
   71.698988664128507     
   69.523045171825856     
   67.658578024402246     
   66.002583790245765     
   63.612010618501230     
   62.458429501272668     
   60.305685314754584     
   58.991869907678080     
   56.551389124109178     
   55.435777254120417     
   54.156783336477758     
   51.073054491676196     
   48.339550899016004     
   45.654174511724534     
   1007.4807109319611     
   987.01378636356264     
   964.06089546697149     
   942.45966409242044     
   910.94774557665301     
   884.56483246686241     
   854.94890622897537     
   829.34931371458754     
   801.22525300153120     
   770.91923494673915     
   746.17730234952239     
   725.82100901213767     
   701.87772251156093     
   678.96560524808933     
   655.39081177810601     
   635.41633176454184     
   615.81263858393936     
   597.83283169213666     
   579.15322913533100     
   566.04824433938552     
   551.02278345089985     
   535.96815206598285     
   520.19055824313307     
   504.57215803444410     
   491.14180164939273     
   476.14200672584457     
   464.26985310077350     
   451.29987616686037     
   439.78881314714658     
   428.41197268628207     
   415.87284827939720     
   403.81515717650564     
   392.12338005374306     
   381.59915383859482     
   372.00701959691162     
   363.59059800336922     
   354.55100795482844     
   346.02509378935201     
   336.68792772363520     
   329.55867093611550     
   320.72017804447017     
   313.02391616283899     
   306.57258842286677     
   299.78181604687325     
   292.65459658306617     
   284.60755383835635     
   278.47106483750537     
   272.90915620400523     
   268.06303622188580     
   261.86487792040384     
   256.65579865467419     
   252.01194117388684     
   247.63643651055602     
   243.50301765794842     
   240.59121912730598     
   236.50637308987700     
   232.70793389673372     
   230.02277156508939     
   226.98827496828571     
   224.14091371656886     
   222.29814154254973     
   220.26440334546245     
   219.33352103248563     
   218.87345647388082     
   219.64816572521337     
   222.80546315976437     
   228.92981610867056     
   207.75537738483047     
   185.97376826365576     
   169.02437497108016     
   154.51164128769102     
   143.76113554846631     
   134.47794698831822     
   125.56203952701344     
   117.15093602473070     
   110.09561851469984     
   104.47213899163067     
   99.297529174164708     
   96.247906765821313     
   90.932281562927685     
   88.242623149999261     
   82.300051109721196     
   79.628585696526358     
   79.168492477788078     
   75.763025438329564     
   73.279703385577918     
   71.238592755901010     
   69.225364839843138     
   66.993163980118382     
   64.355985664817723     
   62.727914182901223     
   60.931993068629097     
   59.499322847433746     
   58.146473510960021     
   55.901526435561820     
   54.826713124505957     
   53.854399887599442     
   50.595806505667092     
   47.277487439514829     
   44.608282775690654     
   1008.8400792003517     
   989.97675866579709     
   966.94888343127388     
   940.38280674801376     
   909.69510948448988     
   879.50263189618204     
   847.35520395813523     
   814.44489225144957     
   785.60479990075214     
   763.56489421819731     
   737.44808002268155     
   712.50492308247681     
   685.93738490666567     
   663.68182068234796     
   643.94743648660074     
   625.49853127710571     
   605.82568969843624     
   587.07782659174279     
   570.09903113393091     
   551.14434453540662     
   534.12892182646976     
   518.06123347585105     
   505.34882518734526     
   491.16313390491331     
   477.58516500952021     
   463.73165122615700     
   451.17086354428034     
   438.70181378022164     
   424.08925535386135     
   414.26911752697913     
   404.60066940383979     
   394.15854176575215     
   384.24330869868004     
   375.00577046318159     
   364.94067213570628     
   354.27525740090198     
   344.89421098474014     
   335.99754507554019     
   327.49652160821557     
   319.41475401533597     
   311.73833225674173     
   305.42583019434420     
   299.11581410254024     
   293.28184544632006     
   287.31398770907640     
   280.65996789210152     
   275.54796666426648     
   269.69288125312852     
   264.35433827769072     
   259.36066819460876     
   253.90444286733998     
   249.72628147255077     
   245.82778600617416     
   241.44611689160584     
   237.28397284520923     
   233.07215640761811     
   229.55042034600416     
   227.09420904450360     
   224.15848098487498     
   221.35468186475069     
   219.00701927968026     
   217.96019916030872     
   217.15767465791350     
   216.30113748703701     
   216.95286388149074     
   220.33892781569844     
   227.77748856094644     
   206.77882283824880     
   186.39785852430001     
   168.54035137176712     
   155.28207376085874     
   143.91075506196560     
   134.69244446286802     
   125.11471515686300     
   116.57525049150391     
   110.08097828371882     
   104.44920655048597     
   98.272579856827591     
   94.728953878000482     
   91.286949095567508     
   87.884675773912718     
   81.595907617809843     
   79.171559763413342     
   77.850954141909185     
   75.412439734976800     
   72.535154954506297     
   71.364146562085068     
   68.490277127576178     
   65.090770802185816     
   63.540791124020600     
   60.913271218668903     
   59.881469091447343     
   58.386370731986673     
   56.293873172123959     
   54.402045003019168     
   53.379540290721408     
   52.499404505767018     
   48.979821348582760     
   46.990549545277212     
   43.591013452001519     
   1015.2038456335024     
   995.11491868857615     
   969.29954048158356     
   938.86823177911515     
   905.76257799145856     
   875.60253091331811     
   839.12538055727111     
   806.75019231482997     
   777.04319360394391     
   749.18990283650089     
   723.94637198708790     
   696.65093377639255     
   671.98538862392456     
   651.78575869550116     
   632.40641268686954     
   614.40017941917858     
   594.62502972518246     
   575.08793187924402     
   557.03645330583527     
   539.85964224884185     
   524.19066258348482     
   507.40822159518450     
   493.33620914374626     
   477.57937679552202     
   462.39875200354209     
   450.29528748614706     
   441.05047876657022     
   429.17772062735912     
   419.02652588146196     
   406.62046562729842     
   395.22406043062301     
   383.95968435375141     
   373.97158745787482     
   365.37289499124358     
   355.15084006859502     
   345.25777217823565     
   337.31299963826842     
   329.34845385336354     
   321.73133651621430     
   313.61411944106550     
   305.06940429370991     
   299.10928972572924     
   291.30221473481629     
   286.16515606721828     
   279.30799189225490     
   274.05653276990881     
   267.70234584392938     
   262.71231333043863     
   257.31627177664768     
   252.42190787735674     
   248.31479025666258     
   243.94156370173229     
   239.31464531952042     
   236.23571107979535     
   231.93815074647659     
   228.86455948059270     
   226.04008944523673     
   223.13126668761834     
   219.95857753951680     
   218.13238566659635     
   216.44390501790500     
   215.11553026061773     
   214.37930396499533     
   214.34738523127155     
   215.47675652497196     
   218.72343714287547     
   225.15982319394993     
   206.21140552687311     
   186.56201572539084     
   168.88514473559923     
   156.17788042508738     
   145.04471921231769     
   134.10234612272882     
   124.49249650498525     
   116.93101761703230     
   109.72687934785051     
   104.68308940043541     
   98.195516466131053     
   93.812732414138708     
   89.963220550126266     
   85.824625843116252     
   81.529280849455120     
   77.242589341532451     
   76.568143361741619     
   74.366330470954352     
   72.500719669215542     
   71.475558246614810     
   68.732228129350659     
   64.997663144784795     
   62.803859881148824     
   61.255930526711779     
   59.262587764363687     
   56.667599717487320     
   55.890405200827097     
   53.657740994017189     
   51.955178682982051     
   51.123493327456259     
   48.227768731547016     
   45.590403889417644     
   42.946067113910530     
   1023.0897939295595     
   999.60988954580705     
   970.52931772731506     
   935.46596138554582     
   900.20069022275663     
   862.43095938068905     
   829.59046049162794     
   795.78124658458637     
   763.96953260295732     
   735.19663719156779     
   707.69363710842219     
   685.31453467123333     
   664.94026587594271     
   641.56667732781602     
   619.64101757905030     
   598.33220394600880     
   578.05067760158204     
   559.69724262088357     
   544.45797746768358     
   527.04996057211019     
   509.83312202063672     
   494.59091290995173     
   479.20767814249655     
   465.97398022882209     
   451.70621966804600     
   438.98996571623275     
   424.77774104660557     
   411.90938481083242     
   400.28891864401066     
   390.35851959863243     
   382.02587309340038     
   370.79383690500924     
   361.01817989718256     
   352.48123276514934     
   342.93156993841069     
   335.88541396802287     
   326.30542098431818     
   318.07232114540903     
   310.10287174094725     
   303.96131517713462     
   297.55053761334125     
   290.59088937670799     
   285.32429348129722     
   278.85846218849537     
   272.40939903661803     
   266.50150408063826     
   261.36251668046208     
   257.20891368173380     
   251.79919648287324     
   247.17161608952853     
   243.03067623754737     
   239.14316059924136     
   234.00142818212549     
   230.98436316500946     
   226.43884935009507     
   223.77038471823369     
   220.77330196660139     
   217.32763332884986     
   214.80757242390962     
   213.65504664120670     
   212.17806829471169     
   211.57033717801437     
   210.15275428017696     
   210.36912802783209     
   211.38108418317222     
   215.34603366121735     
   221.53178010769830     
   204.57643471325792     
   185.81746146599733     
   169.60164624334055     
   156.36264298436518     
   145.03131654552345     
   134.53915529519236     
   124.09863884903351     
   117.04217617991871     
   109.41112885541737     
   104.05966005888837     
   98.230074943305638     
   94.128702014431383     
   90.661442627484362     
   85.324464219383358     
   80.872104444796463     
   77.594005691260648     
   76.557812503588877     
   74.320886114567088     
   72.201304376836418     
   70.366992519214506     
   68.231242092700541     
   64.731587633444164     
   61.404600756779253     
   60.988738451207773     
   59.542515991044510     
   56.358075967893228     
   55.229122420576374     
   52.450621034438939     
   51.955540259467782     
   50.774946278210528     
   48.266713318120154     
   45.287617206490538     
   43.028659104589948     
   1027.8767211625877     
   1000.3377492989531     
   967.57096881290249     
   930.75688265999270     
   889.43183962448984     
   851.92993095434781     
   811.95997801162184     
   780.50883719079854     
   752.59560513898634     
   722.54435531320416     
   691.08816275627350     
   667.68460495173122     
   642.51584542849128     
   618.96667594971484     
   599.40984244627600     
   576.39911404071108     
   559.04333549175385     
   542.32150261633751     
   525.29797731696135     
   510.43758931872850     
   494.39882446085096     
   478.77926821737867     
   464.92852903024294     
   449.93050991596601     
   438.31667159511221     
   427.47080743144340     
   415.15877054044313     
   402.22558640032599     
   390.76103299588789     
   379.39956454767173     
   368.11853317769419     
   357.84586793122270     
   348.99443949796239     
   340.98341405679605     
   331.89098668062195     
   321.88769348342367     
   315.03585043582700     
   306.09631553680236     
   298.64627350299497     
   292.34126270628951     
   285.04880719763730     
   278.87554911652848     
   273.20760349065898     
   267.86651151436979     
   262.91858245676860     
   257.08389191918548     
   253.27304756967430     
   247.10618682374920     
   244.09666078480845     
   239.83471081109235     
   235.09181578883459     
   232.24294792892337     
   228.54523887543328     
   226.15900248090031     
   223.17213469996776     
   220.81616926407418     
   217.47038547746297     
   215.46414454087278     
   212.26352177036847     
   210.91785975973630     
   210.21798345280641     
   208.92443564603323     
   208.86682198874314     
   208.43868507506386     
   209.47855986868885     
   211.70988863097494     
   218.73008382505765     
   202.89906839564995     
   184.97516305965593     
   170.37833609820078     
   156.19425385687435     
   143.98284814542183     
   133.96225231667617     
   124.04236633056516     
   115.97840122941915     
   109.22570371490828     
   103.87479386276254     
   97.937242133081128     
   94.208646358824495     
   89.029196797890762     
   84.721682931899750     
   80.730610665806367     
   77.423091350413060     
   75.771131692613807     
   72.929175515833847     
   70.617518740980046     
   68.924281016022306     
   67.980865026472244     
   64.340423738524322     
   61.528329601245751     
   60.173466599027975     
   58.997543817697448     
   56.052201391181853     
   54.609826140644309     
   51.947866683831954     
   51.516919561024281     
   49.462147469712420     
   47.637624780576601     
   45.417402085900960     
   42.737971444561595     
   1036.7742471394977     
   1003.6591498678551     
   965.90331476433425     
   918.92538604348374     
   877.77218152923740     
   840.03652625652353     
   799.85151150019908     
   765.43748177355690     
   733.56877580078230     
   704.54068794192233     
   677.49593649749772     
   649.32670965498824     
   624.13663430364670     
   602.54068085586812     
   580.95533016988213     
   562.26579630759170     
   546.62817158486200     
   527.60247129940637     
   508.34547083555117     
   489.65890171729961     
   476.40525046239418     
   464.38322754951895     
   450.64689520492027     
   435.20558493054983     
   421.13878264187343     
   411.59843658739493     
   398.20453248831160     
   385.16389926009458     
   375.36898267471042     
   364.88077261923428     
   354.70949182986345     
   346.73952991072014     
   338.63467018988098     
   329.31609780152587     
   320.18763222611256     
   311.96471631072296     
   304.53432733307125     
   299.50747454647990     
   291.82497920131624     
   284.88992997055266     
   278.91116256627674     
   272.50895879481442     
   267.70091494955295     
   260.06552861092786     
   255.11325245428486     
   250.35826573866649     
   244.74004561933714     
   239.25490645448204     
   235.90264374818355     
   232.19041417070548     
   227.77813269761097     
   224.25876804049361     
   221.70426727403370     
   218.81092776808714     
   217.52148696318633     
   214.83017547339017     
   211.96102949451972     
   211.02977314959122     
   207.76161720259523     
   206.55286216069840     
   205.28109802770820     
   205.37213451323686     
   205.08207360665125     
   205.45677356157410     
   206.62623787146731     
   207.95448897894855     
   215.82829364564529     
   201.70788065211715     
   185.03597990641438     
   170.30765116258337     
   157.89481734958886     
   145.36235313665679     
   133.60872066781658     
   124.03290686758635     
   115.21113953077165     
   109.49076215227673     
   102.95730179063574     
   97.612927686995661     
   93.824231456106602     
   88.570935445544691     
   83.897594247701278     
   81.003319984250851     
   76.542796439440764     
   75.442955940843817     
   71.814145894541809     
   70.137416584058940     
   69.005518489020986     
   65.964219579927587     
   64.221395117391992     
   61.334601637937112     
   59.504760468851572     
   57.558010035828048     
   55.979124744998508     
   53.781815570302953     
   51.905007026263910     
   49.841105742927454     
   48.833665417713689     
   47.907086234982216     
   44.454168378015908     
   42.174458835252935     
   1048.4134659226852     
   1009.6142357666060     
   961.23116991250595     
   912.58320610935266     
   869.69271904976517     
   828.01905358323143     
   785.80147966185041     
   752.72295936544765     
   720.43369568540845     
   686.61488066098002     
   658.33950609646456     
   636.72618838835024     
   613.47785891264925     
   586.24228311690592     
   565.54281319414838     
   546.85939711758738     
   529.68055782456531     
   511.06921873187696     
   495.20403175729274     
   477.53676162658007     
   462.69396765854879     
   447.54258880022769     
   431.23323121161519     
   418.40923871954953     
   407.94542462825154     
   398.47069176568169     
   385.59676625132903     
   375.86357253218273     
   363.23510894181379     
   352.86237181168445     
   343.09142297733979     
   334.69842431645895     
   326.44850440051817     
   317.11541409408539     
   311.13760495015720     
   302.49794422317268     
   294.35346436856423     
   287.00009118177786     
   279.13597965578543     
   275.03601848886547     
   269.49128644233349     
   264.61514675398280     
   258.37699670725260     
   253.75090477018225     
   248.56007689395082     
   243.47706098129882     
   238.61385608276049     
   232.69792421754144     
   232.02874393395865     
   226.87276670500401     
   222.55762098275710     
   220.67966478558654     
   217.15594326828628     
   214.00963054955935     
   211.91657559746193     
   209.99203730070150     
   208.81929395089730     
   206.42521120054204     
   204.59647122193257     
   203.59834416762229     
   202.93655612939824     
   202.64548979315686     
   201.85108843455035     
   203.27297673420577     
   203.70268837621333     
   205.23446807025104     
   210.70225854995101     
   199.48815643836190     
   185.18513216791050     
   170.48406593515114     
   158.55227813081461     
   145.27305145249932     
   134.46094446470116     
   125.00682971045848     
   115.02504308778626     
   109.74215388410795     
   102.93420413552360     
   98.131428111301204     
   94.024425430661978     
   88.529947183679951     
   84.292061631198408     
   80.229634906152711     
   76.105810528108847     
   74.021415864083593     
   71.667200306663034     
   70.671387358012282     
   68.525220721430372     
   65.467962978556159     
   62.593539017753699     
   61.175112794289447     
   59.115445398586900     
   57.782757172483592     
   55.433167750836176     
   53.996873995944952     
   51.808867986987195     
   49.772147237920279     
   48.701015641798556     
   47.166245879704782     
   44.713377061368092     
   41.552708901243321     
   1051.7861586683866     
   1010.8015999552538     
   957.66701865048594     
   908.26854136858310     
   861.19919218739551     
   813.05203196738512     
   775.24562126703188     
   739.86572362308004     
   706.82936349511760     
   673.85229629444109     
   644.19847419651660     
   623.31790973034163     
   597.80030947966623     
   571.85554202562957     
   549.37521497482817     
   532.44963960564019     
   511.09751827068061     
   493.77591847551156     
   478.12750179989757     
   462.51601615271159     
   450.47925605500274     
   435.36815989985604     
   418.82332984097616     
   406.82725739438399     
   394.32067200314856     
   380.30115428002495     
   368.03798512022689     
   361.66632484150773     
   352.36663558499015     
   343.21358031254755     
   334.83098534690032     
   326.65876875889973     
   316.87053725599043     
   309.04267743052151     
   300.55757524544117     
   295.37487160448865     
   286.86468903990828     
   279.96988409507134     
   272.19338436426733     
   265.39815454573113     
   260.02875197793486     
   255.86378490831527     
   249.40296413793448     
   244.15023067187474     
   239.31742662053031     
   235.76313106402819     
   231.03540459362378     
   226.41871477725010     
   224.54117328541685     
   220.49814342361697     
   217.32964297698183     
   215.32925617920699     
   213.20926591805750     
   211.51710944121544     
   208.18970930116092     
   206.33325684517024     
   205.04181757821814     
   203.55661023544880     
   201.72895964333014     
   201.18147432783536     
   200.09538688354314     
   200.49998659223439     
   200.43818590572064     
   201.78258252222057     
   202.23344412270023     
   202.02139723237792     
   206.81086492127872     
   196.89965864553406     
   184.14938129425497     
   169.87652360716180     
   157.96694900145837     
   145.40278064703111     
   134.94382158892813     
   125.94728915618320     
   116.30484364487491     
   109.77483151677185     
   103.17122746601257     
   97.065899459586731     
   92.746772094388547     
   88.840229019959850     
   84.758926157062533     
   80.511680933172585     
   76.028385160622491     
   73.949160710253352     
   72.781614540074941     
   71.164261961131402     
   68.641355789904779     
   65.788550912031610     
   63.674347585487837     
   60.776041538366002     
   57.622185727174980     
   57.359062897990881     
   55.577327637674600     
   53.593159778726935     
   51.405568489489511     
   49.444618287629069     
   47.681290705905553     
   46.495431544230975     
   44.508826092315374     
   40.065789605367549     
   1061.8330323810508     
   1012.7829819517071     
   955.17987280682564     
   900.65059212156746     
   847.20186535123344     
   804.34583676444652     
   762.82105061756590     
   723.43572090142902     
   689.28785558986942     
   659.37535017049458     
   633.04306880667775     
   607.27234951368041     
   583.31366081107296     
   558.68371453043528     
   535.05444014120212     
   517.89871001902611     
   499.37621175172580     
   482.54011400174250     
   465.99605815204274     
   446.67940763777244     
   433.49855504650543     
   419.03303121236149     
   407.64431743474813     
   399.29078955042451     
   385.63684770539237     
   373.13744140156359     
   361.31346277562574     
   352.71554797033610     
   340.78760852698031     
   330.32524680022004     
   322.06676213063213     
   315.42175922274140     
   305.18216909090557     
   297.57520330088960     
   291.21171565238865     
   284.90654410559205     
   278.34217269203805     
   272.16857259965371     
   264.69145317922056     
   259.02146151738100     
   254.13708062875060     
   249.47585748466059     
   244.06709890592290     
   239.57177771465231     
   233.07684787394851     
   230.03170970128326     
   226.17330712482777     
   222.21942723556964     
   218.80443595729906     
   215.10374007809986     
   213.25353636504911     
   211.35214673193065     
   210.29694461491812     
   205.77591657012715     
   202.84948636756269     
   202.16422370984591     
   201.09701735069149     
   199.77306924194431     
   198.09548042803627     
   196.98611605041972     
   197.54070706982367     
   197.58660709115355     
   198.47887334729941     
   199.76797593753057     
   200.11486080377622     
   198.29693155130929     
   202.94552201127900     
   195.73855018208431     
   184.17904853526895     
   170.85881888314276     
   157.64606429687490     
   146.16061366512292     
   134.94549483201416     
   126.27998870143932     
   118.45728866511985     
   109.78522772225018     
   102.69567950221290     
   96.875725628378405     
   92.877583239820794     
   88.763861349136533     
   84.515562597622619     
   79.526278996970419     
   75.823739406405039     
   74.019886854881094     
   72.627653387974462     
   69.652755279465794     
   68.495364967158253     
   66.559833081428650     
   64.031168518989176     
   60.980713497427772     
   58.555222466432603     
   57.790471075674120     
   56.023878727055454     
   53.632891101499787     
   51.282957383836475     
   49.682168821147613     
   47.592451408848369     
   46.451616921031700     
   43.899690894519040     
   40.031551666294675     
   1062.9752955497595     
   1013.5446184262793     
   948.51051963170562     
   893.58388380753354     
   841.74085915274941     
   793.08239497704483     
   751.99218786652887     
   714.25541735547131     
   679.96122452123541     
   649.19968601843993     
   619.03357891616895     
   593.40440701832870     
   570.56087794984956     
   551.72508085313086     
   528.13144786870180     
   502.27675824938007     
   487.32757938700877     
   474.66160252692373     
   455.27671251718584     
   440.41201540184454     
   427.32828616813259     
   411.12752862068828     
   397.34743893596135     
   385.32723026819599     
   374.32789079381223     
   365.41427018157049     
   353.93135105930725     
   342.82050932667630     
   332.52330714428160     
   322.90704801391928     
   315.32021244242378     
   310.06650662907379     
   300.66257042538103     
   293.73036939508916     
   284.06337456768478     
   275.77364586816310     
   271.18064657643436     
   265.11001888405519     
   259.93295118734352     
   254.37855190988330     
   249.14355542429450     
   245.24579429536658     
   240.32541627345091     
   233.03001340319057     
   227.97850569792956     
   224.25904555404543     
   221.22057671631686     
   218.84152964005574     
   215.02969182862415     
   212.25236420594894     
   209.18849979547707     
   207.48833748514534     
   204.30619744915879     
   202.75580528592434     
   199.91623443488379     
   199.34994602506680     
   198.84244553495114     
   197.88842348857705     
   196.53731369991931     
   195.81470642352576     
   196.70071633748563     
   197.21277056475421     
   197.74127360962640     
   197.94302228099193     
   198.46969580093975     
   196.67460020326385     
   200.48994705691595     
   194.41973250498202     
   183.07638561198235     
   171.24855189816896     
   158.00023203446955     
   145.42941690197063     
   133.75723682386160     
   126.06904321738701     
   118.27867429537538     
   110.39671234361910     
   102.96137627245534     
   97.297716073976119     
   91.811752992348090     
   88.634097902110327     
   85.608118468746738     
   79.700778972582938     
   75.271095109247085     
   74.418649781649322     
   72.591440203831283     
   70.518480392212055     
   68.332186996088581     
   66.698254642130252     
   63.526572964329191     
   60.068531490107773     
   58.938423102279479     
   57.109298096242206     
   55.329567229457219     
   52.499379014655105     
   51.055779999950758     
   49.906103446206927     
   47.495199483367465     
   45.975067975266057     
   44.002947894393039     
   39.765219552280520     
   1062.9234740103743     
   1015.6846047658853     
   950.16172242134689     
   890.33000324664636     
   837.81547500825002     
   789.09514267623251     
   742.15612542693100     
   711.62870549913271     
   675.79520335959739     
   638.73809426748858     
   614.04402703460232     
   588.45284778316545     
   562.16715363778530     
   539.34766355189709     
   515.75169735876102     
   498.90386144937059     
   478.11792468833715     
   465.20288826779483     
   451.14564367708158     
   433.60287117092361     
   420.93378601133224     
   406.70145560977096     
   393.10235025714269     
   381.69690326916037     
   365.93042989154310     
   355.78492275382399     
   344.16571624770302     
   335.87066132750067     
   328.33503728585606     
   318.65030730541332     
   310.68879254472398     
   303.72879554171044     
   296.56145218866067     
   287.60542696858624     
   280.80552307088982     
   276.32809092352659     
   269.43250710429447     
   262.93888614884202     
   257.05687614544991     
   251.96957368615543     
   247.78289878071922     
   241.65335313173904     
   238.03051062809359     
   232.53062236253925     
   228.05281590581743     
   222.86790434106885     
   220.07098096004057     
   216.49920325763725     
   213.76351634137259     
   210.06135406916599     
   207.90421784831585     
   206.22987176015457     
   203.97425049613111     
   200.83336703875540     
   200.17995533784705     
   198.54909577571158     
   196.95461841026662     
   197.59909743434036     
   195.04730016720470     
   196.04172849069056     
   196.29932708374778     
   196.25179719113183     
   198.09044222272982     
   196.63324764481808     
   196.85233561762163     
   194.35629347274161     
   197.83836532780103     
   192.93188854714828     
   184.32783825591181     
   173.82643803774991     
   159.56316370395606     
   145.08342012521678     
   134.80665305677337     
   125.58787932473935     
   118.82693000613179     
   111.00393034992737     
   103.09194615271686     
   97.898018356559774     
   91.029509937016485     
   87.096088856018056     
   84.793842422948060     
   80.951569460121718     
   77.025637923811843     
   75.662581517197253     
   73.298740126476559     
   70.859649442704097     
   67.513655537026381     
   65.910434875229129     
   64.212099056309654     
   60.305819584962350     
   58.823428301407858     
   56.066258552017587     
   55.796511910113651     
   53.614972796188610     
   50.378746526431058     
   49.129484001872910     
   47.421234193350507     
   45.160512868704927     
   43.187768411372168     
   40.395990434782192     
   1067.5356306267934     
   1016.6225816913177     
   951.69299702318494     
   889.27865182573100     
   833.73941289110678     
   786.44229996598176     
   745.33995399768855     
   708.75820878514105     
   667.73779799017939     
   638.52218886056653     
   608.68413140290806     
   579.44512645795101     
   555.53475010451700     
   535.54922634612080     
   517.68601296650252     
   497.86852342830787     
   481.36129705477953     
   462.86799094667441     
   446.45686429826412     
   430.56348780740785     
   417.78684472810005     
   398.53265505658851     
   384.29780622262490     
   372.79893583119548     
   363.43404884510488     
   349.05335471435319     
   340.56699370615945     
   332.24944460684031     
   324.45304994616225     
   315.42115679642461     
   306.43242083700284     
   302.39466940886007     
   295.20224381740007     
   286.96233303018380     
   277.01306745230573     
   270.61222486259862     
   267.49647743654492     
   258.67760023957686     
   253.08113076975815     
   249.17292066078772     
   243.89232456162543     
   238.99352667485874     
   234.52899597404931     
   230.04766136600446     
   225.68962855993180     
   221.34930994625284     
   217.48742846567680     
   214.28385153434019     
   213.15941224630578     
   209.93493707325257     
   208.35074428625521     
   205.72939823723425     
   202.01599703803822     
   198.35927226937048     
   197.94106889361129     
   197.87541778009609     
   197.59581124741470     
   196.64579994811459     
   195.67023777216889     
   195.35855806491153     
   195.04109338397433     
   195.38516558045905     
   196.71775590461817     
   196.22147884276689     
   195.48465412191825     
   194.45304848248239     
   196.11827481092286     
   192.36525035869460     
   183.38138740566336     
   173.71010115925480     
   159.71129151114116     
   145.18428208274719     
   135.11349051129673     
   126.23216354598453     
   119.24515015561084     
   111.13719880467139     
   103.71122213315265     
   97.447768167107114     
   92.432739643722215     
   85.991059459914283     
   85.011878846517050     
   80.847206931020310     
   77.119803076112987     
   75.043658767451760     
   73.762370518369806     
   70.310300865859844     
   68.306162791169328     
   65.792641208672990     
   63.424546120107294     
   59.908780331339436     
   58.142274201954500     
   57.637629073357587     
   56.184954488340715     
   53.739896929102969     
   50.461384295845228     
   49.554772535160907     
   48.054518239479172     
   45.545566042838111     
   43.701448392980275     
   40.218667562298414     
