           1
        3200
           1
   990.70462750868785     
   936.77756107765299     
   894.93067323420405     
   863.60845733403198     
   838.36177288336785     
   816.33022395904402     
   795.93968902993697     
   776.91033899096738     
   758.22912191267119     
   737.50369324800147     
   718.55726964410053     
   701.73289682523057     
   685.85408283200172     
   666.97228053679044     
   649.53297609591948     
   635.92966089496281     
   619.28928178479759     
   604.23977979446829     
   589.62158333894331     
   575.28041978072133     
   562.05689636349587     
   547.68369426773074     
   533.58570328376902     
   520.25556427677327     
   507.75505876367390     
   495.89765974994816     
   483.96940644983323     
   472.21293275474056     
   459.27467232900904     
   446.79243471016690     
   434.77040367315016     
   423.24679628175284     
   412.33682809769630     
   402.34147368591363     
   391.32860816740538     
   381.00482459567377     
   370.82470246757816     
   361.37998061328125     
   351.71551319118015     
   342.53305087438628     
   334.31063534697751     
   326.28497589238151     
   318.35244838561766     
   310.50305096744944     
   302.74345892905990     
   295.37808036099273     
   289.00677691023822     
   281.85554475238212     
   275.24974766737682     
   268.42379509657258     
   262.47903661600628     
   256.30843612225414     
   250.53770256912446     
   245.00497575265894     
   239.73765576770336     
   234.51710656008373     
   229.60647061525322     
   224.37043691810433     
   219.33734867232766     
   214.54829012809742     
   210.11635289062241     
   205.82003316884271     
   201.23276269912725     
   197.22701003214939     
   193.01411118067773     
   189.21444943645611     
   185.31019330183585     
   181.73551343176894     
   177.92193437083364     
   174.37301344855973     
   170.75513146194555     
   167.26631931942043     
   163.95183638454279     
   160.38246088862954     
   157.28080827399356     
   154.18838031229936     
   151.15483486986795     
   148.20474100889169     
   145.20255564149028     
   142.35753857469263     
   139.58467431995530     
   137.01816433931057     
   134.40475071161208     
   131.89187296757473     
   129.30749462295157     
   126.85716441573462     
   124.30963133166264     
   122.00845214308998     
   119.58490481821269     
   117.26527120396607     
   115.03547702286039     
   112.71406651197636     
   110.57888383199682     
   108.46641975185602     
   106.39058271313698     
   104.24194625667066     
   102.23596907400697     
   100.24478403897332     
   98.208858671835955     
   96.206100614364800     
   1008.2198812800231     
   975.92125664063792     
   934.81284234667555     
   898.02773525774217     
   866.85493927595917     
   841.61120955122954     
   817.87940842357375     
   792.67299260144227     
   772.67367743477803     
   753.54437308937179     
   735.03914593939157     
   717.13617655205144     
   698.46667176833716     
   679.00575066999568     
   662.77188694190897     
   647.12172886644976     
   631.40272189520590     
   614.14882205784477     
   599.47201658855920     
   585.66863341671569     
   571.75626572604381     
   557.73220110157183     
   542.75239723417781     
   529.57600374669892     
   515.53777177893392     
   500.55616578290437     
   486.33379327411058     
   473.68344867244053     
   460.67888780627135     
   448.84226664957384     
   436.47281377171907     
   424.01404197612760     
   413.13921594221517     
   401.58253852074586     
   391.54725909544413     
   381.11711292067065     
   371.55933109785434     
   362.39957590443817     
   353.08919533235434     
   344.12747739481824     
   335.51317979893281     
   327.00733431854360     
   318.95836027016662     
   310.90399319786025     
   303.33816147934107     
   295.62723348133147     
   288.53379560305939     
   281.62640759613197     
   275.30801036867297     
   268.49622214814622     
   262.55221055609803     
   256.50530357113848     
   250.89011127958378     
   245.46150648981575     
   239.89368956432219     
   234.63187764897265     
   229.15146925881535     
   223.78958622824052     
   219.06832603786108     
   214.50976269340538     
   209.95910877316564     
   205.33886599383385     
   201.09782151555936     
   196.92088075692601     
   192.84290631881760     
   188.85802202395445     
   185.22381600355661     
   181.34357948751557     
   177.64378098668988     
   174.23029590874384     
   170.77204306257451     
   167.33254104605498     
   164.18722518294138     
   160.87772435675967     
   157.79120045589423     
   154.66660390458151     
   151.62929989857955     
   148.79626381981296     
   145.61846270423305     
   142.78623928963381     
   140.10442605881354     
   137.16884706633294     
   134.52719793862892     
   131.93613921174173     
   129.25606324176206     
   126.73401759747833     
   124.24971864279925     
   121.89983842338691     
   119.50243501209467     
   117.11892489827241     
   114.70336390017647     
   112.43293653456274     
   110.28983423568707     
   108.10220314912729     
   105.86947748033103     
   103.68489519379358     
   101.54909868601800     
   99.452860451314791     
   97.355762008227757     
   95.250463170017483     
   1014.5831445643737     
   984.08952158945135     
   954.56928905017116     
   921.03369382913706     
   891.05039931483191     
   862.44846081133846     
   835.56298820566190     
   810.99358661240285     
   788.41726391811528     
   767.99365155029273     
   746.65418159429396     
   724.94771960411310     
   705.96283361918063     
   688.58987488313710     
   671.56992136762653     
   654.45195697994370     
   638.85893377836544     
   623.30051359471315     
   608.49451795892935     
   592.57858283539258     
   577.55014679140754     
   561.95131940177180     
   546.13058813505506     
   530.86475868794389     
   517.17824603693339     
   504.38656484761617     
   490.58241931560286     
   476.92677866035916     
   463.88728683802782     
   450.63199937315449     
   438.51446861607383     
   426.46112991118298     
   415.08543045008042     
   403.42239223933376     
   392.51459744238400     
   381.47668871861163     
   371.35217440476202     
   361.30600181327338     
   351.11295243172333     
   341.91471275109495     
   333.17186930267530     
   324.75370458425624     
   317.00995556340160     
   309.55369134414093     
   301.93861822987799     
   294.94361569868062     
   288.16692931630894     
   281.29373096232308     
   274.63920214816227     
   268.22000511250434     
   262.24129460769620     
   256.58734571752723     
   250.45817800688036     
   244.76170613384170     
   239.44156530541753     
   234.10121866670153     
   228.96026264735266     
   223.98995613585464     
   218.98560543602161     
   214.39936440892978     
   209.91920186648048     
   205.64091325579562     
   201.37739502550812     
   197.29719479660926     
   193.19876267185055     
   189.42640906742304     
   185.31905159409715     
   181.68047054039309     
   178.12414255486144     
   174.37576845066923     
   170.89173073128211     
   167.37382819342477     
   164.26582312638305     
   161.04882770099815     
   157.86264952868601     
   154.48925152015673     
   151.36939704562309     
   148.62417031126103     
   145.69977797798668     
   142.64876677269709     
   139.86581627006981     
   137.02054485979940     
   134.33480082755645     
   131.74434008769583     
   129.09552086518789     
   126.56253504474404     
   124.05852927874780     
   121.54321309559211     
   119.05922773051809     
   116.46195490495738     
   114.04234090951245     
   111.76239552202324     
   109.45364034394839     
   107.13760289382610     
   104.87839221618673     
   102.61267822835961     
   100.38145700002087     
   98.227776803896816     
   96.086692303793114     
   93.779374204618037     
   1018.8951790193737     
   986.19780408060501     
   958.70636388302660     
   932.70129963676061     
   907.06265427542849     
   877.47494656075560     
   851.56390688376700     
   826.13610913260982     
   802.31862086065087     
   777.65294037232013     
   754.91793843634127     
   735.83482438482758     
   718.72437613587942     
   700.19228260413774     
   683.23805710453144     
   665.17178092923598     
   647.56689847784457     
   630.88871030948746     
   613.58570667736785     
   597.21519952750577     
   581.18452769910050     
   565.30989076466903     
   549.11654445101749     
   534.25052256737320     
   518.85940409608713     
   503.48346416510611     
   488.49228510113369     
   474.08484712790835     
   460.06301777180249     
   447.24881841813794     
   435.64450888835324     
   423.24831151782428     
   412.55107061556510     
   401.93373558957910     
   390.89188718586342     
   380.74999953281957     
   370.72617333023334     
   361.07389178674049     
   352.63166691844475     
   344.33913467390539     
   335.65867696721523     
   327.37644714209358     
   319.18727289392803     
   311.46256771398782     
   304.19197058819469     
   296.86479745603322     
   289.95141988458226     
   282.89394652833710     
   276.62904469641569     
   270.31119160816957     
   264.27396684725363     
   258.05334366691079     
   252.16621569570927     
   246.67387196115527     
   240.95398423703682     
   235.63251299730345     
   230.63698639375923     
   225.58055389030551     
   220.93203121296060     
   215.97336564683667     
   211.45625502524760     
   207.01531810005076     
   202.66292824228412     
   198.28190051530856     
   194.37479913248947     
   190.31489383421069     
   186.29678942326524     
   182.24339167009140     
   178.68468776879206     
   174.69602893596348     
   171.24867155503009     
   168.01735875277808     
   164.56366114677132     
   161.17699642315620     
   157.71706647842984     
   154.46963031353383     
   151.36739218027600     
   148.20727541423787     
   145.08957132507305     
   142.34278100673731     
   139.50468616193825     
   136.61130678139162     
   133.74778192337635     
   130.84114165290865     
   128.14815731128417     
   125.31945419620178     
   122.71402319528059     
   120.08560118330978     
   117.47416975676921     
   114.88956739817834     
   112.25430607291793     
   109.86596306885525     
   107.41850444962600     
   104.90282698803510     
   102.44715844484662     
   99.932850171332021     
   97.560623027968575     
   95.201940598158600     
   92.879293724363166     
   90.365259539557513     
   1022.9686519252297     
   990.02302036710432     
   961.78041829646850     
   934.23403382213905     
   913.16927663436104     
   888.45781047335231     
   863.38701271827222     
   837.98775470898340     
   811.41835846720392     
   790.48114309523532     
   768.59981554452042     
   748.64527011589132     
   726.65709451304735     
   707.12689203962066     
   688.36096344957423     
   670.40870984023741     
   651.53346515408612     
   633.51783926187511     
   617.16175665266746     
   599.76289876014539     
   581.12550371510974     
   562.81237406639116     
   546.23444490842110     
   530.46007428979442     
   514.66259185237254     
   499.95191199535702     
   486.49888263727229     
   473.85364082981818     
   460.46061128430517     
   448.55310752442341     
   436.61745801069821     
   425.08346989201561     
   414.11175946722483     
   401.83675647203324     
   391.58343899941724     
   382.23159910608206     
   372.87541506387947     
   363.34411735670648     
   353.74559824441167     
   343.99793691203371     
   335.75657038498576     
   328.04424411497814     
   319.71402016900129     
   312.10018401441675     
   304.26012650775755     
   296.91953314377400     
   289.80569438633756     
   283.35731330453365     
   276.59454992988509     
   270.25565832396967     
   263.90433865734849     
   257.65487715392391     
   251.80346768059547     
   246.54728073444363     
   241.25290075724655     
   235.83992707597082     
   230.86243439836019     
   226.05930312373897     
   221.48376955441839     
   216.55375840186753     
   211.78197142389979     
   207.64254567309956     
   203.07801512443390     
   199.01130043243631     
   194.59085631752137     
   190.30841473269894     
   186.17593310497023     
   182.46165018890545     
   178.73810057614315     
   174.87282029515927     
   171.13977756171877     
   167.80406019243244     
   164.23846957773017     
   160.86236415460860     
   157.42352579397212     
   154.03227498086869     
   150.70291271506727     
   147.47223734404531     
   144.34912908446017     
   141.27477301305169     
   138.10994757254619     
   134.75848539856489     
   131.72527691634446     
   128.56585384536100     
   125.72950526876276     
   122.61718741785214     
   119.92798426328869     
   117.09338671671762     
   114.49838251534062     
   111.53622798135265     
   108.84236695666135     
   105.95687835846047     
   103.38912698257494     
   100.75095328980930     
   98.279193477279705     
   95.695655855612799     
   93.089668085192898     
   90.416136016099358     
   87.750851170552295     
   85.151185658251777     
   1026.9047380808538     
   993.39759706817881     
   964.70749706034030     
   939.37981710791905     
   916.18688075666341     
   893.52337035098469     
   870.75653735331548     
   846.50020470693926     
   823.34662520835707     
   799.27017635672689     
   777.67254959833963     
   754.40594203083106     
   733.16616274474268     
   712.65270044536260     
   692.36707210438567     
   673.06362598434066     
   653.74437273148249     
   633.54759459779689     
   613.24349037392233     
   594.35093173189728     
   576.56967151815638     
   560.42689354535059     
   545.02397885112055     
   529.59490312499815     
   515.13127291870751     
   501.15291833990989     
   487.97614963691285     
   474.07624049390421     
   461.38550087169949     
   448.38708908567980     
   435.93932857506644     
   424.67666072041845     
   413.82921529855906     
   402.55750802610100     
   392.62925387725613     
   382.63446438833296     
   371.99836599734277     
   362.06208699118679     
   352.92686890494997     
   344.10528083515112     
   335.37290187181338     
   327.19804371899789     
   318.96979960119904     
   311.34338860267479     
   303.77833140971688     
   296.57724822804926     
   289.08042564310745     
   282.13766643763842     
   275.40163051381870     
   269.48297016599770     
   262.97247000202975     
   256.90856333725407     
   251.07593065445803     
   245.76959346068878     
   240.42734975906183     
   235.02854035716001     
   229.64983263372403     
   224.47204576476929     
   219.69264364469808     
   214.90039144097759     
   210.28165384516373     
   205.74540483160172     
   201.24507927177979     
   196.76705875971271     
   192.40613802028867     
   188.20937907712928     
   184.17430603444203     
   180.06347841330111     
   176.04546945922243     
   172.23920548447404     
   168.47154576566504     
   164.80435514102595     
   161.09420942703963     
   157.65803771303976     
   154.26170325693226     
   150.69201902340066     
   147.33820496001601     
   143.82032206634705     
   140.21717521353889     
   136.93362742592899     
   133.59180845633099     
   130.14907385956081     
   126.97375825805427     
   123.81550094024676     
   120.68389945753574     
   117.71350099333378     
   114.69705150227847     
   111.59728395975455     
   108.59056531931276     
   105.44121397900648     
   102.49484501754678     
   99.652623598723949     
   96.799429535362279     
   94.079942939800233     
   91.323655182454615     
   88.574867687368013     
   85.849455215408938     
   83.024145065855720     
   80.267466430934320     
   77.327975812753550     
   1034.2711336792204     
   998.82405114292328     
   970.52360919370585     
   947.62325087743034     
   920.08790356856093     
   894.50882448256846     
   871.70029244335660     
   849.61829530929504     
   825.17055206948851     
   803.17653510328819     
   780.90007451764518     
   758.84363169673065     
   738.31468259594430     
   716.65190701467679     
   695.22326730513623     
   673.85110323618312     
   652.07184712530500     
   632.40821837108547     
   613.51598848283288     
   595.27502121001442     
   577.56534312672227     
   560.37776961674990     
   543.81691000896603     
   528.89478167214986     
   513.61568318693992     
   499.80493757133820     
   486.23378353759495     
   472.75855719697063     
   459.37241411907144     
   447.19157592541342     
   434.78300349490058     
   423.55799249836826     
   411.91064923132751     
   401.26159079970648     
   390.73249455457062     
   379.60641907201114     
   370.25675601906278     
   360.53917675902090     
   351.69427621103114     
   342.84492592018353     
   333.83192068973153     
   325.61663323628636     
   317.27296171808609     
   309.92144058260561     
   302.76569677625895     
   295.25253700513366     
   287.87497654366501     
   281.48868923926312     
   274.95386047825298     
   268.21426479638518     
   262.19453125672101     
   256.22814296146277     
   250.60292278117839     
   244.71008656225831     
   238.63263591902799     
   233.00902499051517     
   227.85180025471030     
   222.69697129052776     
   217.84546660408037     
   213.13699864455401     
   207.99587593185285     
   203.52281768550264     
   198.53635352372510     
   194.07961184815738     
   189.88419057479229     
   185.38107326440630     
   180.90602900148849     
   176.73467414557703     
   172.59352984051736     
   168.51904920010847     
   164.57774351493265     
   160.18603758551365     
   156.16365002623672     
   152.35855534044794     
   148.45447852869938     
   144.77046940596574     
   141.31518451331985     
   137.49427317282931     
   133.58739467077595     
   130.17288259147870     
   126.54133272758716     
   122.85576921036974     
   119.34600172062304     
   115.93324964114250     
   112.38916944536308     
   109.17309743629448     
   106.08868415379244     
   103.20083799207012     
   99.661306412143603     
   96.670266300426789     
   93.640007184528187     
   90.190535712546648     
   87.472328406696960     
   84.164235935745950     
   81.547278533146496     
   78.568285720678617     
   75.785831753959286     
   73.217083380225262     
   70.586398862804870     
   67.545995559537033     
   1038.3400771246136     
   1003.2238252429145     
   974.60642528136691     
   945.77245021450562     
   920.99421199349331     
   899.90171432206944     
   875.26432456611121     
   853.31701628375265     
   832.51894644840593     
   811.04536355622338     
   786.66683288879085     
   763.01367295057548     
   740.69124413674581     
   716.89736593416217     
   692.81482322390298     
   672.56886133403214     
   651.87230531090393     
   631.15290110926060     
   612.09587180357812     
   596.19789599192063     
   578.03753684081425     
   560.41772766813006     
   545.13986987267583     
   529.80739116819700     
   514.83968076739643     
   500.12942884372785     
   484.31379866959003     
   471.02863289805919     
   458.49510777846388     
   446.51825442490593     
   433.99160750449596     
   422.49743424227864     
   411.65611424703872     
   400.58962556878981     
   390.01140351598860     
   379.69703167546112     
   369.46522922197209     
   360.36109933272292     
   351.32825560915637     
   342.35078944859384     
   333.64067000561784     
   325.00874316352770     
   317.27911656894662     
   308.88233290442599     
   301.31825439461090     
   294.86950831166780     
   287.58834222857115     
   280.79501275137250     
   274.02051031020130     
   267.07149367821387     
   260.86910646183230     
   254.82158073179102     
   248.49783924188887     
   242.59660075135909     
   236.76486543338581     
   231.20628803907474     
   225.64939351746733     
   219.89490884874618     
   214.89554686140440     
   209.71641482978350     
   204.94712587200684     
   199.49527707584116     
   194.37098013833219     
   189.44311166850829     
   184.66230137896150     
   179.92957214258664     
   174.96549493180439     
   170.38577845844611     
   165.82993275592622     
   161.29866310161572     
   157.07937268255120     
   152.83939572569025     
   148.28833371489770     
   143.91136259488104     
   139.84064655637928     
   135.30524719058593     
   131.36340279649198     
   127.46772272093483     
   123.51607659409797     
   119.96561466298576     
   115.68697339481996     
   111.63553441088321     
   107.91152282528138     
   104.67639700321831     
   101.36207424658731     
   98.026679360200660     
   94.949865048884149     
   91.763564839782532     
   88.260048941587428     
   85.471415818738180     
   82.593028057551010     
   79.649776740295920     
   76.868811454356759     
   74.008706836004094     
   71.777733044852212     
   68.915612133678664     
   66.307085803477932     
   63.617477906119923     
   60.998072183945062     
   58.245839650404193     
   1039.7344710645446     
   1005.5934491271498     
   976.75452618473309     
   950.46860350764950     
   924.94352032936217     
   900.17755663178389     
   875.86085747480183     
   853.54271624573107     
   830.31647535447735     
   807.20140997998783     
   785.38534914923684     
   760.59475932225450     
   734.33561919241606     
   710.02684664842013     
   688.62185924871346     
   668.57850853016521     
   647.86700491027568     
   627.68373612452274     
   610.38149742446319     
   589.97670235586861     
   573.36530006889188     
   557.78772624232215     
   541.66845385302577     
   526.29930851474705     
   513.13056987499874     
   498.69721157382355     
   484.16748437147578     
   470.90281960922573     
   458.27171108038908     
   446.46987648340132     
   433.39503767962719     
   421.51675694093115     
   409.43651555776592     
   399.35008643556210     
   389.32962993562091     
   379.41888166527048     
   368.80019600451294     
   358.91879781610845     
   350.37100505561261     
   341.58696901762659     
   332.63809060812491     
   324.38563766426336     
   316.25851909452905     
   308.11890827681930     
   300.71623448513651     
   293.10189676310250     
   285.66491196128680     
   278.42422253408017     
   271.80932141573959     
   264.52023675848352     
   257.70240988086550     
   251.43615778282890     
   244.75253720852078     
   238.66175362585392     
   232.13517480643421     
   225.84427171917866     
   219.73020556026614     
   213.94913547295954     
   208.33467679022715     
   202.35596904266868     
   196.21829800289950     
   191.19980780676934     
   185.65173213382593     
   180.39575113986308     
   174.82248866769970     
   169.71880429324631     
   165.04758962259595     
   159.79318093036647     
   154.70502493183571     
   149.42457199052592     
   144.82335350171678     
   140.32149005569426     
   135.67833559948266     
   130.87188836781294     
   126.64084163682443     
   122.45808489891002     
   118.05386893894577     
   114.33591357752067     
   110.34956493016995     
   106.80808518634424     
   102.49952129227573     
   98.584244215379414     
   95.043560472437520     
   91.939997593681980     
   88.837650781553862     
   85.566258343633379     
   83.346741564155337     
   80.722312435442234     
   77.763697343324282     
   75.210327541381986     
   73.057527289577109     
   70.717071730096151     
   68.234743209450770     
   66.235312209149555     
   64.100963775324033     
   62.299643806743468     
   59.940856218339960     
   57.116674675315771     
   55.097526969706578     
   52.738988024255491     
   1046.4993494716439     
   1008.9712110437006     
   980.11723674477241     
   954.13862997109754     
   929.32351288023301     
   903.62485268981152     
   876.42237204964590     
   851.21814204930445     
   827.84685211231181     
   801.82815633275504     
   776.17784576887971     
   751.68428848657743     
   731.27683636637221     
   708.50882959059345     
   685.63780686723203     
   663.74255149977625     
   643.62028280040931     
   625.06588873874080     
   607.10890109280081     
   588.12337838388873     
   571.28480761317212     
   554.26094393047595     
   538.47697728431069     
   523.49481475757057     
   510.09427220546809     
   494.59819324723674     
   481.43040274931911     
   467.93806651010817     
   456.18392609031645     
   443.36450278111988     
   431.20012293794935     
   420.47384674351383     
   408.67572635986647     
   397.10342854177168     
   386.48477573719367     
   376.33231994692198     
   365.39396466217471     
   355.38582583345328     
   345.89781997521720     
   336.75977867050784     
   328.17580553882692     
   319.06426328821328     
   310.52509070957177     
   302.17539119620295     
   293.56180741674382     
   285.76800346752293     
   278.01713286786719     
   269.73329721863490     
   262.32279947950394     
   255.05315811496655     
   247.65640808655181     
   239.94392849817393     
   232.72181375521427     
   226.35072976270612     
   220.08463655969240     
   213.83468154316753     
   207.48775324335816     
   200.74505658085499     
   195.00174740601798     
   188.47343531696180     
   182.59168585094977     
   176.22965674762662     
   170.32808445738198     
   164.61098120637243     
   159.05051773340796     
   153.78520331312876     
   148.03338897764948     
   143.43164303357656     
   137.91111782577141     
   133.04051162900780     
   128.45092924441215     
   124.22796489434049     
   119.95079724013428     
   115.53338562723238     
   110.74600873710048     
   107.16553261328430     
   103.60519212642565     
   100.33535074199395     
   96.845353713326901     
   93.290921966028606     
   89.768868322048746     
   87.119311634140274     
   84.840357799549764     
   82.300995008450030     
   79.460163887321741     
   77.082878508231047     
   75.307238098586822     
   73.519079470734624     
   71.323723674035350     
   69.577781406791274     
   67.724634018681314     
   66.059484373508056     
   64.327437595868687     
   62.077975380400659     
   60.341820396143845     
   58.373906037793574     
   56.684124613346995     
   54.674036215895271     
   51.984285749660295     
   49.218606474376244     
   1048.0581414333055     
   1012.2776661311190     
   986.41166711131791     
   960.68149024293518     
   932.51873594240851     
   904.09405397598175     
   876.82604651908332     
   848.86383045929438     
   819.71928256059709     
   791.96192553663241     
   766.99463230462629     
   741.57141945954663     
   717.58403436710830     
   695.67226803137021     
   675.76177877316240     
   657.49418228853710     
   637.39665396359067     
   619.41454655712880     
   601.40616727961537     
   582.56707783405511     
   566.73797497625583     
   550.86257068747614     
   535.48016278026444     
   520.19409509626678     
   506.19276738769321     
   492.59885986968607     
   478.49309163490744     
   464.39147323819708     
   450.80084186203635     
   437.60497683375775     
   425.38340627816456     
   413.26878589803181     
   400.73573891801811     
   389.94350385204694     
   379.33505864951752     
   368.53400431611067     
   357.27715989755643     
   347.59532743666097     
   337.93863985111136     
   327.39852221665132     
   316.97488218535722     
   307.78016143062962     
   299.72819695288308     
   290.47452642998599     
   281.47796858529273     
   272.44261617256387     
   263.95802603460294     
   255.75995086744888     
   247.07801692334928     
   238.91243232771146     
   230.91590001038085     
   223.05005630013946     
   215.82884565094233     
   208.41371044442073     
   201.24965401296231     
   193.97853268466679     
   187.50541932416411     
   181.15006309910797     
   174.90076859158086     
   168.55180881202665     
   162.25801396550730     
   155.76769777911886     
   149.67207498646147     
   144.74288301340550     
   139.19820270907474     
   134.53547821827667     
   129.53139344305077     
   124.84877664319788     
   119.92349376321094     
   115.72332178152722     
   112.33142741841873     
   108.93481987165110     
   105.70065771877810     
   102.05824060132669     
   98.675196554803506     
   96.192648046768198     
   92.644488508245246     
   90.273519790954879     
   87.062415279975994     
   84.743519785063910     
   81.984374791073549     
   79.904027861441023     
   78.607576157440405     
   77.007182107666793     
   75.544893239560707     
   73.690665438061046     
   71.478953459473544     
   70.023027881924335     
   68.129941343841963     
   67.062682236679933     
   64.644985327791957     
   63.606992706106546     
   61.576812947057363     
   60.196527649935774     
   58.520692585215762     
   56.650630687420872     
   54.900054314584622     
   52.929566969533909     
   50.481845690760309     
   47.513453064403336     
   1053.9178578677381     
   1019.6756486440489     
   991.76087093755984     
   959.86238539857345     
   929.94996117750270     
   900.84028458275804     
   868.56785771727448     
   838.10876310810659     
   806.73338854000451     
   777.56764378419643     
   751.01296201040645     
   726.04188340356291     
   704.71415128855767     
   683.92417673275747     
   663.62871292095463     
   645.31137497525049     
   626.48357779990329     
   607.90007878520282     
   592.84601196799451     
   576.81516743890052     
   558.73550706750848     
   543.79366330583946     
   527.93320905547841     
   513.13710895249881     
   497.51184974389002     
   483.29893429419189     
   469.05451786335254     
   455.32808080274356     
   441.35052543328544     
   427.96599305656719     
   414.10549247972483     
   400.49903539679730     
   388.53106217485083     
   376.41162697905713     
   364.89022062654180     
   352.39028148385017     
   340.90293716066373     
   328.60997140880789     
   318.55837891556649     
   307.81274319487460     
   296.37706447465206     
   286.50714161274124     
   277.20719342084777     
   267.00545847572442     
   257.74308291686941     
   248.37248939838821     
   239.54674853801080     
   230.69053215341154     
   221.66672235406054     
   213.02612162723719     
   206.00165366212050     
   198.37489117546255     
   190.88427300050532     
   183.40648073878288     
   176.33283150573368     
   169.15671188305464     
   164.20026643867271     
   157.48244047249841     
   152.70071766722370     
   146.98137362946613     
   142.21982916458907     
   135.73347136062492     
   131.47746465254494     
   126.32424611969330     
   123.54711521003348     
   118.88308845814609     
   116.73772052481468     
   112.64199824008838     
   108.69972921316216     
   105.19040314008492     
   102.74427645558055     
   99.852559856392446     
   96.791742109108540     
   94.123152866241369     
   92.651928363528199     
   90.446694241336672     
   87.870046294632147     
   85.513934848199568     
   83.751519800867186     
   81.684784721698094     
   79.284703552703860     
   77.315489965568474     
   74.326862693011890     
   73.991010583746444     
   73.270677419563384     
   71.636062205537002     
   69.160469760058263     
   68.016173267950307     
   66.230055032767041     
   65.365512667052059     
   63.321662154400954     
   61.843178969611323     
   60.622666194005234     
   58.637181076125039     
   57.099791775605361     
   55.243065081849437     
   53.847541751768368     
   51.497127186323375     
   49.268350860944302     
   45.943115061309847     
   1061.1477044535668     
   1028.2596953769989     
   995.21731078370840     
   961.74212191907031     
   926.36087152703738     
   889.21070572986514     
   853.90106795439476     
   820.62552786718220     
   790.25114312314588     
   763.49597605374163     
   735.68575365923812     
   712.02695783095737     
   689.64803711153172     
   669.39339972705568     
   650.55206207128731     
   631.49735992970182     
   613.65817860346465     
   596.10746898716104     
   579.01690845291569     
   562.52867938607028     
   545.72359223049830     
   530.08996724978044     
   513.39066785373018     
   497.23828666802444     
   481.56037429066123     
   466.95654980677978     
   451.28422761446086     
   436.55910263670353     
   423.03319497634743     
   409.20491299581028     
   394.36923211635474     
   380.64238922128482     
   368.00758577749855     
   356.26382569955479     
   341.80932842071786     
   328.82425979341286     
   317.71258161790956     
   305.09430007619608     
   293.17379415323569     
   281.12333626808038     
   269.98647117504402     
   259.05280264939904     
   247.86235041857233     
   238.27064999259778     
   228.96026939241125     
   217.97183711581863     
   210.98956510543584     
   202.76648769419620     
   193.08641020573646     
   185.79146987640286     
   179.80642351005218     
   174.36771757507120     
   168.62004292258700     
   162.07440022589748     
   156.51189847422324     
   150.84621985107805     
   146.50288029050961     
   140.90761662109813     
   136.55603920525269     
   131.54954320430193     
   127.24466981612142     
   123.61131179106927     
   120.88594786975632     
   117.13596744990845     
   113.11757626174159     
   110.85353009058178     
   110.19289499738032     
   105.52858372686403     
   103.51770629122770     
   101.09222487303413     
   98.203282165595880     
   95.144270603993562     
   93.173813567613081     
   91.096603833488388     
   89.508806142779406     
   88.007639181477344     
   84.743694574739180     
   81.802907356370895     
   80.688960451054413     
   78.393514386077157     
   77.119958303129081     
   75.375985766345167     
   73.524649874033315     
   72.470312311063864     
   71.210105021280171     
   69.735796499823238     
   68.224839700786887     
   66.112421561596420     
   64.905457492302901     
   63.082060468669297     
   61.593181158369156     
   60.211642858734919     
   59.024441256351309     
   57.711259893860657     
   55.869050113746511     
   53.813954095432116     
   51.953244977329632     
   49.543085323824997     
   47.909709910985136     
   44.793363013712451     
   1071.0421669043337     
   1033.2281112748892     
   997.20932258622815     
   957.25891236544965     
   913.26566978499625     
   871.46301904442771     
   833.72631036715336     
   799.08014919831498     
   768.95809187215298     
   742.36040760991182     
   717.56283938499530     
   695.30874839429475     
   674.95478508170993     
   653.00973391700973     
   631.80887135652063     
   612.28407604625079     
   594.07273064321271     
   575.62766770739472     
   557.63814459998434     
   541.76243174678370     
   523.71622742768591     
   505.31628499993599     
   487.08211096304609     
   471.38877922262299     
   453.94738316255274     
   438.61960346484898     
   421.58121082573371     
   406.67932613853827     
   389.97012117912726     
   374.05127224869250     
   359.94259696354789     
   344.44077260226709     
   330.80432587986667     
   318.95790188178694     
   304.28369441584488     
   290.46117348989077     
   279.79034443916402     
   268.66945467425057     
   256.36331674185101     
   245.78769400951194     
   237.13700457791373     
   226.53075672777857     
   218.30090149537190     
   208.90489261669600     
   202.34171487218958     
   192.32218674736799     
   187.41147727372120     
   181.11157900155422     
   173.21885125599059     
   166.81802029904128     
   160.99541569547597     
   157.24698982052524     
   152.83346016763437     
   148.34370142302035     
   142.53000782777852     
   140.07991333835713     
   136.91627175562220     
   132.48500669120051     
   128.54691226570952     
   123.77977091144336     
   119.73211230100078     
   118.23943179298550     
   114.99593208843541     
   112.75809681305239     
   108.45015089992994     
   105.91206235738397     
   105.05961252626926     
   102.29134217249666     
   99.355343840895699     
   97.613767268911573     
   95.381130084065788     
   92.562017643710533     
   90.513877445660199     
   88.847208176611957     
   87.572501036401547     
   85.347933554507932     
   82.898881539640257     
   80.257642018378675     
   78.541286980236478     
   76.349953527327358     
   75.603347110654909     
   73.132630881789225     
   72.039605112342215     
   69.930528558848081     
   69.105904862905220     
   68.264000024258038     
   66.071689260412853     
   64.484835048075666     
   62.909650094155140     
   61.619072520912411     
   60.480787207054853     
   58.711085507950116     
   57.452598341719025     
   56.046998753895963     
   54.177745275335376     
   52.738952493371706     
   51.293343665709365     
   48.153929357190492     
   46.266626819226381     
   43.747776497582493     
   1078.8225439628623     
   1039.4677805749163     
   991.77562312603220     
   939.74536498985890     
   885.85564044000137     
   841.79131499700054     
   804.59110431226270     
   771.14526515874559     
   742.68597798027531     
   715.95949950037232     
   690.68553087870691     
   666.25499193199710     
   643.13695318760915     
   621.13841349737550     
   601.40692171559181     
   582.13601663348265     
   562.20339679805602     
   541.96668787901376     
   522.03538228567811     
   504.98959832075599     
   483.73537279179465     
   466.09186195690933     
   447.66092128257043     
   427.36929097611960     
   410.35683566120554     
   391.87927668419900     
   376.10786486000097     
   363.38067722534373     
   347.05931555234395     
   331.24612372805211     
   316.80111857584683     
   304.80735710771137     
   292.50091614298526     
   278.11120818507504     
   267.03375758415751     
   255.27512450400579     
   244.94689002769712     
   237.88114636143138     
   226.21855566730710     
   219.11164058270947     
   212.22892851468137     
   204.16387001258892     
   197.68077256049008     
   188.85255327410218     
   185.55757902678090     
   178.36189816616724     
   173.65966289230022     
   168.76704784454333     
   164.17893883693242     
   157.26266217543230     
   152.19201135692927     
   149.01113684803937     
   145.47887669105580     
   141.68774056014945     
   137.41774633353123     
   135.52771841907250     
   131.71462100986841     
   128.20645394208009     
   124.00026103003231     
   119.73131910827816     
   116.95111372003734     
   114.40050116135136     
   111.70278153802775     
   109.64114257967756     
   105.32497056331343     
   102.66598831858209     
   101.97462886760111     
   99.871409057203110     
   96.913451316964156     
   94.980974258303874     
   91.399689149726072     
   91.036264706461736     
   88.110463558904542     
   86.393160747856143     
   85.454757529626875     
   83.773152782083216     
   81.064550424273079     
   78.535118685587577     
   76.834631436465287     
   75.038205452706379     
   73.645305338880149     
   71.881647092845668     
   69.639545527062523     
   68.919330520287360     
   67.622783932017171     
   65.999923655368491     
   64.785326435966880     
   63.409356651751104     
   62.366705778969802     
   60.252273584291260     
   59.835289982835413     
   57.553141202993800     
   55.916057182999069     
   54.119023168255367     
   52.983941219390196     
   51.617722758027767     
   49.481118450894016     
   47.626526908388747     
   44.754268518019444     
   42.409753182593413     
   1086.9917477430345     
   1036.5684933687103     
   971.43838719856899     
   905.70713556339899     
   848.77355331005413     
   802.54970404846142     
   765.92893210931175     
   731.86413171132108     
   700.36808866549723     
   673.18573998534748     
   644.89311325910865     
   621.75063774023897     
   597.61187563404292     
   574.34229656352090     
   551.35116154094908     
   531.46378107238854     
   512.22849392427986     
   490.70138125421056     
   470.87280481041239     
   450.93265186809367     
   433.97275887939486     
   416.09070195831771     
   398.16313682928910     
   377.28536181820090     
   360.27555621557866     
   344.51083858076055     
   334.47316600481167     
   319.83274357685866     
   307.54576527054928     
   293.01305241333114     
   282.05549388092544     
   271.69682961260719     
   262.02016313882103     
   250.70999035614756     
   244.20298676268814     
   235.02128816707616     
   223.15138953573933     
   219.35195242322015     
   212.55133315819586     
   204.74677794095754     
   198.50012210141182     
   193.92228371031251     
   188.72496996365408     
   180.97892343786418     
   179.14349469107773     
   173.30715601157743     
   166.34618997292387     
   161.68516485467364     
   158.63965310884743     
   152.37035421371576     
   147.48199940023201     
   143.24809239289470     
   139.64185417819141     
   136.76310891713504     
   134.51675213690996     
   131.77524978713723     
   128.56840779658114     
   125.18892128026911     
   121.60419211600357     
   117.50042375345045     
   114.71097508533413     
   111.92415031132693     
   110.56239568034137     
   107.43441493634933     
   102.87511855038346     
   100.18613412595326     
   99.142086274616844     
   97.875999847940562     
   94.773014026360386     
   93.367566280491559     
   90.407932277265488     
   88.449025843379530     
   84.733711531465431     
   83.726322399671389     
   83.569424654980210     
   81.666218365337670     
   78.762687461501272     
   76.595720813284615     
   74.308680939840514     
   73.214821819636740     
   72.945435737062567     
   70.931281409704980     
   68.775665461504701     
   67.402819182692511     
   65.625380579543361     
   65.425096433243709     
   62.804096003541304     
   62.002384115024711     
   61.051561535173605     
   59.196877562599681     
   58.143293938431171     
   55.872572360368125     
   55.072290510514868     
   53.493304175573336     
   51.566324354907223     
   50.135112374448070     
   48.310419494506988     
   46.568623292588107     
   45.056613065611984     
   40.408809956166138     
   1102.4101901396175     
   1022.7532131308319     
   930.28654891922213     
   852.30399854195286     
   796.45252636698660     
   748.65139962622004     
   711.36440164290138     
   676.48112889051436     
   645.14869301257568     
   617.95482134732686     
   589.71043455290351     
   563.61099184651152     
   536.32295029103079     
   517.37071611494980     
   494.92123469359149     
   471.66586797862516     
   453.59456457221972     
   435.49955326085148     
   418.41058924254310     
   403.13562955615174     
   382.66213071817913     
   369.21633298791585     
   358.36432595967995     
   342.78982675899169     
   327.08222060447122     
   313.54870167829654     
   305.06464585151770     
   296.76942976682597     
   283.00692830534922     
   274.16295265902420     
   265.70008582081209     
   255.53940273739144     
   249.04034308664723     
   240.53639435110861     
   233.69361060607190     
   226.34046210163203     
   217.11291950764186     
   212.11628938581038     
   204.21785017662879     
   200.94920046535216     
   192.85683376736827     
   188.99832238817459     
   183.84346552244796     
   177.15839557949320     
   174.73416588761486     
   171.29432589264590     
   164.05911347142370     
   157.13724200420756     
   153.79260402357068     
   146.93528567122584     
   143.24609750965817     
   140.23780623233139     
   137.13552248002367     
   134.01848538143906     
   131.49260249624152     
   127.86808542920627     
   124.62924254395888     
   120.96719950414013     
   117.67563094260240     
   115.81302535171464     
   112.51518342628258     
   110.56268580018408     
   108.68654410834507     
   104.75143204566507     
   101.11516061969816     
   97.626041598065925     
   97.244738986921661     
   95.606340110504917     
   93.142407498492105     
   91.483894159055666     
   90.445270768432096     
   86.883932253548281     
   84.526592983835314     
   82.088101035536980     
   81.831174638221768     
   79.856831499707283     
   77.660552442157126     
   75.813788204234555     
   73.689042178083525     
   71.651651246082338     
   71.014312766949402     
   70.106279381324811     
   68.468206084795895     
   65.728628033440955     
   64.726859007758961     
   64.433591119590005     
   62.126328176214955     
   61.043886800551512     
   60.038730891513978     
   58.661544800042712     
   57.118016882544460     
   55.161168233250919     
   54.214314494414772     
   52.447718035821325     
   50.657207492334429     
   49.103156877434380     
   47.728548709647420     
   45.491063596590045     
   43.701955832291375     
   39.053867570393464     
   1120.0146380658498     
   994.99923810686573     
   876.67392801871461     
   792.38334730724364     
   731.17081042346842     
   684.85531156949867     
   646.16305661149704     
   614.43658230582025     
   585.22365725392433     
   556.48296556398691     
   532.61222639334926     
   511.47101966792667     
   487.01742735864480     
   467.57036391632244     
   452.53325873003018     
   432.13225578421350     
   419.88560998852279     
   402.71034774212353     
   388.94693529045583     
   373.67108373473536     
   361.07867122601937     
   348.89968879123722     
   337.95105140354565     
   327.57273511441406     
   315.94672057454102     
   303.90438959735087     
   290.80555940025243     
   287.45445792639634     
   280.20121772885966     
   266.10439355627506     
   254.30460408704508     
   248.74587447952655     
   245.21303860840658     
   236.96299591631407     
   228.90615977399804     
   221.58552506693235     
   213.44106631199031     
   207.94668779276273     
   203.05964472537107     
   197.25610739573361     
   192.15280790262085     
   187.00101246883852     
   180.77449570464893     
   175.39646034830002     
   173.52640164423357     
   168.81295842030491     
   161.88223741032317     
   155.84044934157663     
   149.57089771178008     
   143.97917401813265     
   141.33584516796444     
   139.86452756245851     
   134.83761924250396     
   129.83494981369964     
   128.44722038999325     
   124.78913913975344     
   122.03284343671372     
   119.21779838445241     
   116.76590032768971     
   112.68146035162678     
   110.97077879985768     
   108.82743787814132     
   107.24007544421688     
   102.30681886808313     
   99.618605303117974     
   95.435398516871871     
   95.379141040964242     
   93.664268582398648     
   91.247840491730628     
   89.789402921552366     
   88.723873128276580     
   86.144487825025180     
   84.191102354612127     
   81.775991657155330     
   80.423480993109337     
   78.402755929086865     
   77.204507747996217     
   74.364617175801300     
   72.912978467891890     
   71.292326335148715     
   70.249281922452482     
   68.151125810945956     
   66.834439080780285     
   64.838728475910287     
   63.962316521177996     
   63.883564885225681     
   61.259408304720139     
   61.187624598241847     
   59.830921949812250     
   57.695723766495888     
   56.317523626661725     
   54.572586040402634     
   53.510014647267397     
   52.044293375723768     
   50.267909562311971     
   48.287482046300845     
   46.892161497405560     
   44.507735843838461     
   42.536458724512308     
   38.814855099584733     
   1140.3732833941865     
   962.02616318666344     
   826.03674428938211     
   741.34260081002128     
   683.08298029489686     
   632.97080310338220     
   601.22301473234177     
   571.51594965405525     
   544.37335004439831     
   520.67848382505576     
   499.96059976447941     
   484.53475705941412     
   464.37912990799953     
   441.35523157766647     
   430.25038206950393     
   411.84360906375218     
   404.37704680558261     
   392.66725210076140     
   379.36122936157847     
   363.86798347677967     
   354.89721934699389     
   340.05826026699424     
   331.72379891064963     
   323.60163750525044     
   312.91857443786262     
   300.61201787438273     
   287.26408535507591     
   282.57798404496367     
   276.15324398941948     
   262.28308154875668     
   254.13747967348201     
   247.24231053002791     
   239.89733188172380     
   232.56213364490316     
   224.36916317491725     
   220.41187966307299     
   209.92279875230477     
   203.70251695237837     
   201.23196404102265     
   198.53007167569001     
   186.55022115644610     
   181.78161986599534     
   179.54722505822687     
   173.77236854084720     
   170.71790804679023     
   163.44789531325253     
   159.95738259257624     
   153.89975079286432     
   145.38771865003835     
   143.06421654418781     
   139.59890595385068     
   136.84286147806452     
   134.19526764018596     
   127.78906093417640     
   127.01503169068553     
   122.32369248968027     
   117.86795367945436     
   117.89344193860290     
   113.41915385134143     
   110.14348299525976     
   109.71757356828846     
   107.22317630044957     
   103.68016887715012     
   101.82314360149803     
   99.184599575963944     
   97.383393081604282     
   94.545651318187510     
   92.952017132604439     
   90.068257427312957     
   88.664210674399868     
   86.635808990108160     
   85.209000748760161     
   83.092359366104347     
   80.673411104649446     
   78.502607440463549     
   77.459872277257176     
   75.642849914722518     
   73.921494575467023     
   71.491421873224908     
   70.187878765208751     
   69.276312213811323     
   67.045692823183472     
   65.971241608731958     
   63.941230003995869     
   63.832907667133092     
   62.791297713314798     
   60.306145404323431     
   60.098580534000682     
   57.903545209998633     
   56.668304132108950     
   54.525485679635061     
   53.224126282118831     
   52.236164844067687     
   50.893732870772844     
   48.895048060169813     
   47.415100119537044     
   46.389397601068225     
   44.287128672209320     
   41.841638116798322     
   38.093972650628501     
   1166.5255092716225     
   953.43812226787668     
   813.18430417391505     
   717.86285607408331     
   659.56490618184057     
   617.06128698514169     
   580.67451907080670     
   555.57224560486952     
   529.59138645072244     
   511.92049416350716     
   496.13732151894675     
   478.84099063872492     
   454.93105244823323     
   439.54866127640639     
   427.52244994553104     
   406.81222665534710     
   400.36930438970739     
   388.85910201727535     
   374.98525192858432     
   360.15086777129835     
   352.02842672852915     
   335.72360822170333     
   329.01936217902073     
   321.98682939978107     
   311.62038392614085     
   298.52111879742279     
   283.06079314691499     
   276.65675250976557     
   269.57805821573265     
   266.47243381395333     
   252.76061754803567     
   243.57593884473468     
   238.71874721943840     
   233.24206603332277     
   220.74458505452890     
   212.65603727828039     
   210.41021514214577     
   202.48218185720557     
   198.48837372418581     
   194.58146824153360     
   186.59238415966095     
   183.74910960630180     
   174.94718817582307     
   170.38597235542292     
   165.09785289460993     
   159.63756668267487     
   156.01391132717589     
   152.50251982722475     
   146.85618227074127     
   144.01461589354670     
   139.59123552472681     
   136.19824497402595     
   132.92801099303071     
   127.82984390590352     
   126.60082166179868     
   121.95195642496971     
   115.57513755300744     
   116.90316162402877     
   112.58785610748492     
   109.30375376753031     
   107.42737651438509     
   105.05417407124739     
   100.56197749838616     
   100.79959665249459     
   97.879090205251771     
   94.672835801240865     
   93.029212402830012     
   91.555597352573329     
   89.232476479310492     
   87.530642012968144     
   85.912239213344989     
   84.753829028965782     
   82.859640664223264     
   80.413814459723980     
   77.273524555748537     
   76.278691463083348     
   74.365303290999108     
   73.648732860565246     
   71.278722490098488     
   69.720593048608336     
   67.864746252194109     
   66.116044133136967     
   65.328067926164209     
   63.675969550470803     
   62.817867524287664     
   62.027198342368777     
   60.538875869552072     
   59.277946035806949     
   56.749236195147454     
   56.662468733518125     
   54.650285321523256     
   53.094938610411873     
   51.172214186650265     
   50.159086378523185     
   48.152785384285984     
   46.911866888250195     
   45.607041611308119     
   43.230048845349401     
   40.916997990792140     
   36.908186577312556     
   1205.0195861915270     
   971.04912132043376     
   824.85129601238361     
   722.88210361196286     
   656.41632924600856     
   613.38903560503161     
   577.73720663988354     
   554.93512908586149     
   528.41431227921373     
   512.67827584906001     
   490.68145561489740     
   475.88885502866873     
   459.93567464147168     
   439.58386692768761     
   420.81247813482935     
   406.09343381490453     
   396.95566239146535     
   383.68313398596956     
   370.60756889637577     
   358.74567428724851     
   352.44306034470515     
   335.66019722136832     
   325.14621280176243     
   319.19553373995632     
   308.18827958447503     
   295.89280721602034     
   280.30754864431725     
   274.46788033009267     
   270.28938307435772     
   266.37185253083231     
   255.30030971384309     
   245.99966253009910     
   239.71272560955759     
   228.46831777769088     
   224.51258514251055     
   211.87096507778864     
   208.20882669400021     
   203.04173698194785     
   196.07132598942337     
   191.22053012618943     
   188.64266027024343     
   180.82038959281093     
   173.43973593293811     
   170.22133491887806     
   162.66598695645880     
   158.19809508822931     
   150.96486208741254     
   148.68550068981574     
   148.59495125195153     
   144.88247471750788     
   137.21223746266037     
   134.71342539047865     
   132.01693635557052     
   128.32651735341304     
   125.09986903482357     
   120.15003350869705     
   114.34248681461995     
   117.05703468775782     
   113.29830261709628     
   108.75133089980780     
   106.58767690285694     
   102.96843693980483     
   98.818714263643571     
   98.687480292069864     
   95.721108087538667     
   94.408216115160386     
   92.323683200861240     
   89.518279908674145     
   88.323657196329734     
   86.624945086351744     
   83.828207440459224     
   82.917110707232467     
   81.218819816976534     
   80.378220608228588     
   76.803895572612106     
   74.744473361783008     
   74.678729296553982     
   72.380598801241987     
   70.533482396402988     
   69.388231429316903     
   67.862393933246054     
   65.656201463189561     
   65.489866016850286     
   63.633824540085364     
   61.917069182040322     
   60.912380502985506     
   60.485571903756451     
   59.145527456559009     
   56.564746227504308     
   55.461233674220125     
   54.377993258910024     
   52.474660854014125     
   50.949893525251468     
   49.091505044767608     
   47.633489630670780     
   46.707343246293618     
   45.387120992847073     
   42.446318383573768     
   39.877434305939147     
   36.655281985673035     
   1242.5007618938721     
   1003.0095894040168     
   847.42619028570061     
   739.86736966229932     
   664.02239631031102     
   617.07342354080436     
   587.04915501670325     
   559.15065639771763     
   526.94804313503812     
   512.41380541532590     
   491.39423018963737     
   477.14975902761853     
   455.61240417544695     
   442.55551676622412     
   424.44637836430354     
   405.59281221933998     
   393.87964178558678     
   386.32402257410604     
   370.99378881939174     
   363.09231315874217     
   354.63772252343063     
   335.48017643927841     
   328.20365351217157     
   317.06898855418342     
   306.48480051332007     
   295.83281851980325     
   281.42965788418985     
   272.43323442381580     
   266.14337707400671     
   263.01006816285269     
   258.11005307090647     
   249.68810057593646     
   238.27808868874126     
   229.10825772741745     
   220.94421455811616     
   213.83982308379171     
   204.59059962931664     
   201.95343703574292     
   192.80837575284374     
   189.42156997440580     
   184.46249872637020     
   180.62511240432019     
   170.64818301446869     
   168.88413694301798     
   160.52720110156034     
   160.03286842006591     
   148.77983025444360     
   150.44376358905487     
   146.89068573077367     
   145.28524003709225     
   140.29358243950787     
   134.79005414569525     
   132.79121077376357     
   128.17983320574697     
   125.01713367911381     
   118.48041258566380     
   112.96306440839868     
   114.55362194612269     
   113.07283745648326     
   109.86676032907044     
   104.44356906396673     
   101.20893011051649     
   99.110803231785738     
   96.751523374118889     
   94.507045762279404     
   94.195493386261205     
   91.719687925324024     
   89.226242474693905     
   88.438488234140479     
   86.024911625511720     
   84.808878031999825     
   82.588122544403461     
   81.140131495410117     
   79.744752032217747     
   76.849191564844034     
   74.125395541928398     
   74.156547452610283     
   72.004022769920041     
   70.613834394164144     
   68.755836068519471     
   66.767362293853495     
   65.080026960084851     
   65.403034552607039     
   63.081563007163851     
   61.190554730359935     
   59.710276580085321     
   60.229302858221793     
   58.449025818682735     
   55.921911785852465     
   55.331450397477177     
   53.160656065953262     
   51.295434454035693     
   50.403776176705833     
   49.731812486184275     
   47.525954350575766     
   46.275728358605988     
   44.804745636615451     
   41.931378833002675     
   39.556872852619890     
   36.319608299998130     
   1277.6350619643099     
   1038.6328356322419     
   869.10636122498136     
   760.81992904258470     
   682.60645305181220     
   626.45633013422287     
   587.33670822382589     
   561.64688195265148     
   524.47005522431084     
   513.34064035774043     
   489.89709485945286     
   472.34613817725210     
   455.36885254275836     
   439.69837483284078     
   424.47929706080436     
   407.49558852248930     
   399.34628665410855     
   382.67390626602048     
   373.45831970233661     
   365.05747737199448     
   356.02665874539775     
   342.60590956945515     
   333.44920871822620     
   316.92648039708183     
   306.92625712774782     
   300.22090976681784     
   280.16375837672933     
   268.66379026235137     
   262.17385638970438     
   260.49788233414176     
   256.33127693741852     
   253.09266370795223     
   237.03891967077752     
   227.99519209928337     
   221.29052280409758     
   209.24638670901305     
   204.27456874176318     
   199.06163053532649     
   190.48770167778073     
   189.99971225614036     
   181.79559064019770     
   177.68347451487767     
   172.42174336856493     
   163.62902039717574     
   157.69591763387109     
   157.26303782159951     
   147.72935195269497     
   153.36720632087452     
   143.22946476060801     
   146.68953493240852     
   139.19744508564315     
   133.92769749213878     
   131.66058451803801     
   129.68513592816478     
   127.53264747516489     
   119.14901928589832     
   114.40952222343884     
   114.47231236242411     
   113.06677406532006     
   108.70099840616290     
   103.51854764114900     
   99.707456495428985     
   97.222211632393083     
   95.814577778123635     
   94.818976408801262     
   93.661423749225392     
   92.263439342128976     
   88.746861365588899     
   89.598204644976931     
   85.310131799864791     
   85.705839231611691     
   84.309199951120959     
   80.525284531645909     
   79.862549585530459     
   76.727146367406078     
   72.624147006235816     
   72.885885703546492     
   71.880735025706954     
   70.467497927303214     
   68.836602735880533     
   66.782601982344701     
   64.154717096399466     
   64.800046874681030     
   63.085072631377244     
   60.830803746282662     
   59.256659134321268     
   58.939936305573724     
   57.527507967299073     
   54.729279626461008     
   54.266334624159121     
   53.029464441238318     
   50.799292939557510     
   50.342919163522772     
   49.989411779279877     
   47.406554485916899     
   46.353078713296057     
   43.881236477634339     
   41.907204944556511     
   39.852381985646304     
   35.481983171304030     
   1299.9874497693547     
   1072.2917052402433     
   904.38368236190070     
   784.65072130005285     
   700.41576905997681     
   647.97665595969227     
   591.78493087520167     
   560.79915079186321     
   535.26886118075868     
   516.54456208033707     
   486.68993560983591     
   461.56599342190538     
   448.65114196453152     
   431.73176404422588     
   418.93968099209206     
   406.59523934711353     
   410.69075151780896     
   383.40073031524321     
   375.46749637700373     
   366.64069914336744     
   351.55390732522983     
   340.68054775168252     
   328.89909549233897     
   317.35628035706645     
   306.82845414613951     
   297.29860990342098     
   285.03787491146147     
   267.65364544514671     
   265.68841216690276     
   265.94349400350171     
   251.96938353179911     
   251.83082662106079     
   241.18735241974835     
   233.25861706866647     
   216.94792430190242     
   205.20965010706652     
   205.53136330669304     
   199.78898357344841     
   188.67380404809654     
   187.06988774851115     
   178.93274692589665     
   172.82097058070013     
   172.40006260004225     
   163.47483068959096     
   161.66191074270668     
   160.16740417750685     
   151.37688112717115     
   148.07728564271002     
   142.77211373543943     
   149.26168846015656     
   142.21464402770684     
   135.58878076733919     
   130.10334883447587     
   130.81964490822864     
   127.00001035285666     
   122.70520667040915     
   115.87558741213770     
   112.55023704197394     
   110.49952060225625     
   107.22173457812040     
   101.70851878261320     
   97.926190445863952     
   97.970313820639603     
   96.239015186725283     
   94.637744459950596     
   92.997737402641789     
   91.388441082784894     
   90.142293551437575     
   89.225843826593817     
   84.677934547927578     
   84.701828562983010     
   83.869964980154620     
   80.039665922156885     
   79.362211391226808     
   77.395983487051453     
   74.063252617835474     
   71.335946221168214     
   71.613760012450172     
   70.440328469461761     
   69.387373878768301     
   67.402507058206012     
   64.134929317276345     
   63.031011708455026     
   62.096369635971314     
   59.527705547836931     
   59.293257197445300     
   58.811135303563049     
   56.642291862647554     
   54.036382426736772     
   53.482896563235521     
   53.057293466663950     
   50.576600835556235     
   49.815843188343621     
   49.262042686628938     
   47.298650951924628     
   46.027783863472443     
   43.793278501149700     
   41.725213942643094     
   39.963821256879889     
   35.333415352657660     
   1318.6303650098657     
   1110.9798771340097     
   934.31233387206544     
   809.48190763101343     
   716.83379744248975     
   657.53614878399321     
   597.10165238870081     
   557.18772018148502     
   530.07375360472111     
   528.76351991953698     
   488.27454431781939     
   482.17932610402926     
   454.29207206069054     
   435.21667962737229     
   413.21706532217729     
   404.74666052289564     
   414.74307744803917     
   388.71276277531564     
   383.18818608580028     
   360.97147664668734     
   352.03288499715035     
   326.71124491823446     
   323.74097296820901     
   308.64110724081559     
   309.23863843546030     
   298.20457797140341     
   281.33733673712118     
   262.28586968254609     
   266.48924524808251     
   263.98657409626986     
   253.90933546015606     
   252.80866419977338     
   247.69734177782456     
   234.14198884908308     
   218.65542396259812     
   207.09480447240225     
   200.14764065831196     
   193.80842100049500     
   188.04456369117980     
   187.01308248906082     
   178.66132263524653     
   171.68299480962611     
   173.18504044095215     
   163.81586494634186     
   161.93377864558354     
   158.07399640852702     
   151.47970438861068     
   151.54137253620337     
   145.38641341245375     
   146.23463319569800     
   141.15621145111942     
   136.67021532880418     
   131.58017053726678     
   130.48840845142712     
   125.85547792750124     
   120.07974209323075     
   113.25873659827673     
   110.72193945464591     
   108.93072892737240     
   112.00366160249968     
   100.67531898388988     
   97.075755717620581     
   98.826115598175605     
   94.908615971254363     
   94.658738381196059     
   92.518042487840219     
   90.670357179486430     
   89.640015606868104     
   89.873665713124893     
   86.439793308025358     
   84.171553388572278     
   83.644415920216034     
   79.713095227316458     
   79.184834502536134     
   77.613763689121257     
   74.611509193475982     
   71.257423319618312     
   71.412992881326232     
   70.201481032379334     
   68.293385735988082     
   66.264269156083685     
   64.999312389857295     
   62.310771389258775     
   61.215467760038337     
   61.017530424935785     
   59.578012804703036     
   57.530434458551056     
   56.334901466424412     
   54.479883881379777     
   53.947684095136054     
   51.769660610959235     
   50.580844342339233     
   49.695540219407349     
   48.837095851990028     
   46.776537234619092     
   45.796393857083203     
   43.362338702493993     
   41.075837375813073     
   39.384118904911730     
   35.481828037043179     
   1339.1510456335579     
   1146.6866149628329     
   979.13613812096082     
   846.66306999000199     
   745.49582024166807     
   677.22747458582467     
   623.73152529461356     
   559.73426694292993     
   527.07629967095795     
   536.54010199382537     
   497.09142450124466     
   495.92732040087378     
   454.31541111609658     
   431.89339079244928     
   417.21548353896844     
   393.80114669415667     
   407.16228552751414     
   387.53938125737886     
   381.18360064112994     
   362.86918940002295     
   351.00940381475834     
   334.17858478678562     
   331.06854639933749     
   316.62266676807633     
   304.14537161347539     
   292.61588133271346     
   283.29907275742931     
   263.11959726544421     
   264.40223585031850     
   259.68556752695480     
   247.70880989275190     
   253.95604176783490     
   247.58390824697184     
   233.44870252782079     
   223.91343080164404     
   203.81508403073954     
   193.99525895000579     
   191.18720370165090     
   194.05238504443369     
   186.29128879816955     
   181.00679030734725     
   171.76389365630777     
   171.31840159788015     
   159.71867789224714     
   162.02280213292215     
   156.11234068724397     
   146.32327208099036     
   151.66305613166978     
   147.39263834190768     
   146.38491208478908     
   136.81754978596990     
   135.28932693869859     
   134.04187862993933     
   130.43521529690688     
   128.64864302602885     
   120.73337462623360     
   115.13901733964617     
   107.05867304092715     
   106.72987025403408     
   109.42181986565245     
   103.12946313232104     
   98.989962891322321     
   97.936546978994471     
   96.561157303736138     
   93.701816905254276     
   92.142339452157543     
   91.974071633523835     
   91.437614777207642     
   90.540587780488721     
   87.174853811030431     
   85.379083838546137     
   82.337241727522155     
   80.077919231819735     
   78.797943219875862     
   77.263282315209722     
   74.677223367058062     
   72.208454781807859     
   71.111900235040267     
   69.459795512845886     
   67.565820390643594     
   65.451825063414489     
   64.646164461148700     
   63.061258956680319     
   61.227386734356870     
   59.694254636635115     
   59.798784059595846     
   57.360751575990150     
   56.235050181949994     
   54.094554321875997     
   54.654002743255909     
   51.107986752458821     
   50.086273527038088     
   50.123427765816778     
   48.253648422082293     
   46.881754120777615     
   45.871807929624509     
   43.037147206131834     
   41.751951910475015     
   38.534943548408030     
   34.585887942694285     
   1333.1222111565608     
   1165.6536976372252     
   999.18324537061835     
   876.67162135857347     
   763.51965016824875     
   680.19336067139568     
   641.77888903525411     
   564.36550756303609     
   535.27275094957918     
   532.68190389257370     
   519.32780119800486     
   520.67279843485869     
   462.03227813251272     
   420.75056703215631     
   420.05547791300557     
   386.36567173875244     
   411.03976568493772     
   399.97295530674728     
   383.06159238282169     
   365.64006594676903     
   343.10014605246943     
   334.72233320260756     
   332.21307149546499     
   310.82039362905419     
   302.72642683309721     
   294.03197189269355     
   292.67452471723050     
   264.49384910942075     
   272.42641428502162     
   259.69821021184828     
   246.49318109648533     
   242.07239869808953     
   253.07631151486817     
   229.18126989295777     
   216.48397037100247     
   195.76355341083183     
   187.85040251935692     
   192.82305389298153     
   192.33554244376990     
   192.71830859086168     
   179.18293656726306     
   177.91989116885702     
   173.98107251393139     
   161.45470630423438     
   159.61672159314710     
   153.45018795225801     
   146.04250176827907     
   148.36619390698920     
   145.55629353767213     
   141.18119560881476     
   134.64661282915188     
   135.02978625895236     
   137.31092794391031     
   130.32372973687399     
   127.38447231553563     
   121.52991936309664     
   112.66258564180090     
   108.04064023108546     
   105.54137069326966     
   107.32365731403988     
   104.07617563535457     
   98.688288948898546     
   94.047635048513754     
   95.879850877411286     
   92.676753492364810     
   93.735581223394945     
   93.649647248082360     
   91.905312351591277     
   89.756522799690629     
   87.145353465563957     
   87.203179787167727     
   82.280643880806011     
   80.340879733101673     
   79.533308195700272     
   77.194428289582405     
   74.510822882658516     
   73.744414332906217     
   71.646409893290127     
   70.025847587990015     
   67.885903383022722     
   65.151080642194586     
   62.710934121808293     
   63.082255476139864     
   60.990464248279203     
   59.525152065617917     
   59.626186683518533     
   57.707755793642590     
   55.173726528304726     
   53.911689495878278     
   54.202863257913307     
   51.819664861267910     
   49.867695445778850     
   49.659000763804826     
   48.402337935764116     
   46.895396121732659     
   46.300226156532474     
   42.995331948949755     
   41.301923149947243     
   38.507338139778824     
   32.895258349778800     
   1329.9985561831727     
   1175.5632445566741     
   1007.7061871984199     
   890.10512408776469     
   787.55574013359956     
   694.08911410715109     
   642.12578022853234     
   552.32906436875919     
   540.01528443530322     
   521.57718452666700     
   521.24800070889933     
   514.69760143653798     
   463.54342630001190     
   402.68519478877010     
   406.98680350458011     
   382.27250176945756     
   394.84593078832586     
   381.99373378807280     
   365.76675614836932     
   353.37434902398581     
   334.80545326884970     
   339.37219124244211     
   339.68750984130997     
   304.16510998493288     
   301.71691716846135     
   300.88540731078473     
   288.65638940828052     
   266.57804631375251     
   268.41997336071842     
   252.73034509416806     
   250.51048889687650     
   245.50523349620880     
   247.90336513016030     
   227.14742138275261     
   199.80963795103662     
   194.94127730463396     
   198.22403717764308     
   196.36785744438265     
   189.54044486781598     
   193.02201939171908     
   176.31002363249428     
   179.23729042386941     
   178.10840351966425     
   164.83661159236877     
   161.96264341445050     
   152.46310573238185     
   150.22447336653104     
   151.24613453491878     
   148.47265647163044     
   139.32498261026927     
   136.47213939670596     
   135.03525818454966     
   133.89031872741276     
   126.28516305808019     
   124.44308877680268     
   120.11809067544255     
   112.72484014459830     
   107.67881317294324     
   106.35629924014324     
   106.95533337832978     
   105.42256526178528     
   98.968836417054888     
   94.440394771297207     
   93.716334576351187     
   91.793918156005731     
   92.160536052405462     
   93.067097264489064     
   90.704279773491564     
   89.763951929103769     
   87.946709732886376     
   85.599422391325760     
   81.613329804632457     
   80.315924482159829     
   79.382905473688140     
   77.927014044039367     
   76.003682226744061     
   72.791844091338888     
   71.581499317392328     
   69.301584324392380     
   68.091623577130662     
   64.404805172835367     
   62.416581079059597     
   62.243878497229204     
   60.074759700901865     
   59.958511656698946     
   60.240698800088630     
   58.234045118622888     
   55.433035526942589     
   54.064587915725191     
   54.140296023690574     
   52.603069239020357     
   49.602612876151397     
   49.476752050447601     
   48.162161307794605     
   46.541732597581685     
   46.377495862498655     
   42.588463602216507     
   39.969960722618787     
   37.494764253623352     
   33.252017163469205     
   1333.1966531585017     
   1183.7787996639604     
   1022.7682381773852     
   891.61536114734236     
   799.61077160657760     
   695.52358845580170     
   636.69569960020362     
   563.41805471575549     
   543.52057119896358     
   513.08809448431930     
   510.09675266526784     
   512.37362038474134     
   448.50088330958465     
   418.28158198083156     
   410.16896987587813     
   387.67038034078786     
   381.87711389905655     
   383.94265483489164     
   358.00262590253533     
   354.72716815152188     
   328.32096257933460     
   334.46800754273903     
   333.97396986251704     
   296.07649420682179     
   299.16410585788560     
   300.91076269796866     
   283.25359699244666     
   268.45211372078927     
   260.71297095151931     
   236.86043396245390     
   255.49100990481980     
   248.48620149101447     
   240.78838640781248     
   216.00957038049597     
   195.51840745470616     
   195.43051187040510     
   196.16031429878950     
   192.02319354955651     
   196.28774452672394     
   194.84373176147128     
   182.56614138454495     
   179.80560628967763     
   182.49174522003523     
   169.25306579669456     
   161.62611114886025     
   149.42443691521356     
   144.93586473378511     
   147.84303423717290     
   145.59142246513437     
   141.74444625136630     
   134.76633588157131     
   136.22304944266952     
   132.66413305064225     
   125.39469551634973     
   124.51864612317505     
   118.34434915774351     
   109.67903421450204     
   108.08442886788649     
   106.64306647357513     
   107.97240222176714     
   104.94164212554978     
   100.10007850597773     
   98.161542589451869     
   91.763741503369744     
   91.149952248738501     
   93.639265353035427     
   91.158622091422870     
   90.202321792139912     
   88.258933395915790     
   87.879528912957682     
   84.512197931689940     
   81.005456740777333     
   80.270351462599649     
   79.887084777504612     
   78.846153639534236     
   74.880255905452231     
   73.275351694139943     
   70.743776212151005     
   68.178459772596312     
   67.264474983329947     
   65.508510006649345     
   63.338609610679335     
   61.790928270066644     
   60.789402715687160     
   59.316088778063175     
   60.136319325326404     
   57.880228359403425     
   56.114335014072779     
   53.927878656800175     
   53.214270405696666     
   52.260364206104839     
   50.273105550677563     
   49.040719049211006     
   48.206827942043915     
   46.067843719096466     
   45.338621571043383     
   42.859738272654837     
   39.880378752313696     
   36.496691011166874     
   33.125748549393812     
   1342.6213579695159     
   1180.6500021077875     
   1034.4438776768441     
   890.23184346100243     
   800.85316849897390     
   702.31130621355817     
   629.52362551099736     
   556.37854715729600     
   530.02665820990512     
   510.67740102204732     
   504.96622527190522     
   497.06570428997935     
   457.90729715742543     
   433.44139017016698     
   414.21024012792680     
   413.55354306431923     
   409.02204039278251     
   380.55068576761818     
   353.28228558443294     
   354.89914330963779     
   334.26730967878092     
   340.21204164775560     
   336.01995072180017     
   292.82231933038508     
   294.07462313530692     
   299.22763725999567     
   278.93495782722647     
   263.47174344805944     
   257.29888691246413     
   238.95884744692276     
   251.66654254499375     
   257.67790575715247     
   242.36261742533131     
   206.49893176925585     
   196.40249327831378     
   204.34868426390355     
   204.84625426243977     
   186.02361790371674     
   194.27371633861651     
   191.46287091447908     
   189.04693755987418     
   184.20978289426176     
   182.74895575048828     
   166.04306058556489     
   151.72445109725638     
   151.65208557443603     
   143.10076647811687     
   140.56657497631267     
   145.75397802466310     
   134.69694589428508     
   136.37517957246260     
   138.73745498363161     
   131.33674407297207     
   126.81940839898311     
   127.49776361099941     
   116.22176956180689     
   109.60292161438619     
   109.02138102368308     
   107.28617895739389     
   108.74975375532291     
   105.20441189679983     
   98.982573459168663     
   95.754243425081910     
   93.583939769764939     
   93.709239879207132     
   93.747600348763726     
   91.974663661439934     
   91.497607633610400     
   86.936143838721264     
   85.992075198414256     
   83.356176097812494     
   80.760719201588728     
   81.542301925333390     
   81.640846021226309     
   76.152066065555530     
   75.795898824875678     
   72.334480540839493     
   72.183351992609005     
   68.959530527836577     
   66.453013932736894     
   66.966327275236381     
   63.877585395476622     
   61.834742281778759     
   60.991767677483963     
   60.615771441736271     
   60.831096869047691     
   58.195503772980373     
   55.935969105313262     
   54.238540699656632     
   52.218043431954356     
   50.861433354310144     
   48.954755377476019     
   48.356431394393169     
   48.061794938378938     
   46.349420102810086     
   45.066774688994776     
   42.679862795074186     
   40.023286885298134     
   35.744847245856434     
   33.477439575239231     
   1345.7691256571472     
   1183.3536838635800     
   1045.5567941493332     
   896.94012211083088     
   776.58739563426013     
   727.25968521340701     
   643.06651863220054     
   560.49637326432003     
   523.97557411109256     
   502.32534942078121     
   504.94679591852645     
   487.69825039554883     
   459.72881037730747     
   440.05744030221615     
   420.28658696841114     
   435.86945768519018     
   435.98150680160938     
   382.72927304263897     
   369.75138313224994     
   349.13780342796730     
   353.26223103992049     
   364.61034671887944     
   341.35398860450317     
   293.08923238197235     
   285.75290351501900     
   309.05633871225507     
   298.61933687870066     
   264.00540135381993     
   256.27522353303124     
   229.47865935871931     
   256.38347827053678     
   250.15162804158564     
   244.90230760312477     
   211.98356562728182     
   202.39583093357268     
   213.77728802523416     
   204.88745644120036     
   181.44300332129501     
   188.43457501753522     
   194.26488186345145     
   190.75794848643594     
   182.28015055335149     
   178.58313266534003     
   171.50613505960803     
   161.15037823448495     
   151.13444412874480     
   139.74518153288722     
   139.27974133925900     
   146.08336451216141     
   130.79326654413723     
   129.20112277765904     
   138.05238122828104     
   132.05622944282575     
   131.60339512623500     
   130.71600064209835     
   120.09324123129103     
   111.08615411315385     
   104.41246677895327     
   108.51980672242934     
   111.37152329734312     
   107.28404250126144     
   99.617897850954989     
   95.392251489095912     
   92.572811214137118     
   90.244386832020496     
   92.287140972356084     
   93.675011073361887     
   89.277655728274908     
   86.558424412197283     
   86.566275313368550     
   83.658276620102029     
   80.629031197060044     
   82.621980209762782     
   79.976114246631468     
   74.994862693254220     
   75.016874638533565     
   73.555040422694532     
   70.993211779810622     
   68.622054928095253     
   66.997598036742247     
   68.072064116272216     
   64.526039305162243     
   62.253999986806399     
   61.431936027507930     
   59.780479439982521     
   59.702174309970971     
   57.002980207799297     
   55.276567184070714     
   54.536180918493464     
   52.085067058697639     
   51.626285524639563     
   48.366130949436652     
   48.372537457165258     
   48.657442223474845     
   47.083888541617299     
   45.189160346736948     
   42.475964061598503     
   39.260556233320607     
   35.966629757584379     
   32.739619935251945     
   1348.2678086908404     
   1178.1561748750044     
   1045.4525513123911     
   911.39832124770646     
   785.01521818783749     
   735.54867992281152     
   662.06510027295246     
   563.63907871712740     
   538.54880704262757     
   517.53435066268958     
   500.12581380411677     
   508.69774640125877     
   460.30034091415280     
   448.49745732093089     
   431.88919487396936     
   434.18231810094409     
   422.52137479674047     
   366.65662603693670     
   350.23043629308768     
   362.51831693314443     
   367.42627072244903     
   362.74771588828588     
   336.41090687064366     
   303.46969883526839     
   290.20944606712436     
   303.93572585112923     
   303.08329580618840     
   253.99785159235626     
   251.18944828759419     
   237.98613519590589     
   255.96555301678092     
   255.04804756180619     
   244.88239156503766     
   220.39938248163440     
   206.29744183838525     
   227.23388480357809     
   187.57217969665382     
   189.32547236411295     
   193.76755229807782     
   191.14274031653383     
   183.32470775640857     
   180.18229796729725     
   177.64442560454793     
   173.76110301595733     
   165.83174494573075     
   151.13201101621871     
   139.44771171450660     
   146.56702128173711     
   145.16958213622704     
   131.72186558014675     
   131.36513038043594     
   139.11820433679486     
   134.82930817786345     
   132.16253168979574     
   136.60118852476438     
   128.37311418120493     
   114.16157838306508     
   107.07253076814463     
   109.90746460602215     
   113.54299458520244     
   106.72186661664989     
   98.006132994213885     
   94.822397165981187     
   90.639179346657940     
   86.936730069393420     
   88.504434125097731     
   94.374800838878741     
   91.022628156571088     
   85.689510859896501     
   85.835305658390411     
   83.105392572145377     
   79.623209302872539     
   83.615011595558698     
   80.148856883047131     
   73.463044886444308     
   75.501290867459772     
   73.783393748743237     
   71.455761023912089     
   67.562088610176161     
   67.839505176650604     
   67.935163561573887     
   63.599008553814706     
   63.171481666470889     
   60.181442126329301     
   60.606484277432919     
   59.462706932624428     
   56.252843174253577     
   55.691397981927508     
   54.218105693290994     
   53.159435010587131     
   51.363857409117742     
   48.054201710021758     
   48.401982980353765     
   48.581566785029210     
   46.904130115502220     
   44.808647600115371     
   42.423229560635306     
   39.013827190507527     
   36.171787555538366     
   32.407171606955409     
