           1
        3200
           1
   967.82061182609721     
   920.85645700622035     
   883.85080435305088     
   857.68848188665095     
   832.45429371755245     
   814.23897584834936     
   795.39979605070812     
   777.53562223067183     
   760.61215257297863     
   742.82025452845619     
   727.99797800109764     
   714.42988440654722     
   702.24462368017771     
   682.71066674907649     
   669.87144711924225     
   654.75582787244650     
   640.67356963102168     
   628.67612785219251     
   616.02658718133750     
   604.49474404905959     
   593.22169283411483     
   580.94798365251108     
   567.85103055743298     
   554.23920653143159     
   542.25674092009797     
   530.61566606072324     
   518.86156736506098     
   508.47205039178488     
   497.99791511217222     
   487.99055589870284     
   477.03527105590024     
   467.80050000719109     
   457.53056842366829     
   447.12228186515341     
   438.20746354999977     
   430.65663918331620     
   421.14104645150496     
   412.41114047430631     
   403.30876825475286     
   394.94363744452016     
   386.68150204538244     
   379.21375537487359     
   371.64288649540566     
   363.97464565775465     
   356.85439337680191     
   348.84050462120348     
   341.21102496962283     
   334.67243141116808     
   328.30337321811567     
   322.25821336943227     
   315.36631911113727     
   308.31620297665137     
   301.60967955363247     
   295.38768944518461     
   289.33362779825262     
   283.46525244279582     
   277.92374049183223     
   272.91559469172927     
   268.04108778901468     
   263.27263824884341     
   257.44683107309515     
   252.52109555848122     
   247.85565775223162     
   242.95556271806697     
   238.20156237575219     
   233.34702471700791     
   229.11869872316868     
   225.02829003770910     
   220.46207818236513     
   216.36938083696049     
   212.39076923663268     
   208.65695422362921     
   204.51195772471470     
   201.08390961238538     
   197.41312703060163     
   193.81725261910270     
   190.30710417842778     
   186.75670504539028     
   183.60809339985940     
   180.30644425880308     
   177.21233445054747     
   173.85440169618983     
   170.77029980787762     
   167.75190481501730     
   164.78045491459847     
   161.95659854705812     
   159.02518834265086     
   156.28407124760076     
   153.54654245880252     
   150.90987739797427     
   148.53761082700584     
   146.06054533405427     
   143.50016358726080     
   140.97036312957223     
   138.61176396033690     
   136.38048439426925     
   134.13097762597960     
   131.96857759193858     
   129.74334648528205     
   127.48448306101263     
   985.67554071113568     
   961.05081379576882     
   927.03324229191321     
   893.67782375021170     
   861.43127645819516     
   837.68237003749164     
   813.82377695101081     
   794.74624213811671     
   776.56416112038755     
   759.87482046357536     
   743.53815088559168     
   729.40037473090979     
   709.89261058872717     
   695.86313774989765     
   682.38782665256542     
   667.58714570444124     
   654.30375219843950     
   638.62245153309050     
   624.51370563513115     
   612.57936108330102     
   598.66533431673224     
   585.64726506463387     
   573.02990072859825     
   560.35017002209088     
   549.02575837707195     
   537.23873338856447     
   525.48394170219649     
   517.27748130128612     
   506.10961782973925     
   494.47846611833819     
   485.53306987326209     
   476.00634081787700     
   466.51527123006042     
   457.26832587888089     
   447.02971545985059     
   436.91506329798642     
   427.14044750289202     
   417.31550875157643     
   408.29204847364576     
   399.94300408145938     
   390.74191192820342     
   382.55168581712138     
   374.43324435122224     
   366.27894400487440     
   357.98742049802615     
   350.90702930963135     
   342.99783004871585     
   335.92890742880712     
   329.91609235908976     
   322.70208121990464     
   315.99687537663607     
   309.42062438772791     
   302.43866131187434     
   296.30283519449648     
   290.58685515344376     
   284.77351822443643     
   278.88928009173230     
   272.86388263891683     
   267.24605262229835     
   261.69407366105770     
   256.32073103520213     
   251.70873998913260     
   246.66329792321039     
   242.02687178768608     
   237.41710708935943     
   232.72043651480050     
   228.09729177514393     
   223.94724803397906     
   220.04846735053320     
   216.07717334951820     
   212.06613492563594     
   208.29125603283558     
   204.66028600678416     
   200.80507956987225     
   196.99024658681338     
   193.41876617511176     
   189.77799079351360     
   186.49570935219720     
   183.64469704950437     
   180.28991828662765     
   177.14725398063422     
   174.25686210695923     
   171.53448838934924     
   168.57500374088153     
   165.54600946488776     
   162.59581124544673     
   159.85271189706006     
   157.20588165142874     
   154.58537395463964     
   151.98707917511334     
   149.29015146866749     
   146.67508638309187     
   144.29404668567295     
   142.02317491907212     
   139.59225684263390     
   137.22753477171207     
   134.89614101901259     
   132.69165664579546     
   130.40326419660246     
   128.17930608850736     
   990.67003568319637     
   962.65328714757879     
   938.35609069171164     
   911.99824476755327     
   885.26329087215220     
   864.42170437804907     
   841.05134779882110     
   819.07973744374567     
   801.23321347577826     
   778.79297027590599     
   759.40045533600914     
   738.94981268941842     
   722.79900388977444     
   706.52360181019856     
   690.32153922846578     
   676.53470856384467     
   661.52640127689074     
   646.26476836329039     
   633.78134791707396     
   620.63034243725986     
   607.53402407215788     
   594.19639606163730     
   582.79176395628087     
   571.36983558779343     
   559.57498153281244     
   547.87280757326198     
   536.78145171668609     
   525.26742709831706     
   514.45500057000811     
   503.36172305664240     
   491.85829283211029     
   480.85389243403284     
   471.16894027984250     
   460.90882967356765     
   449.37572207244375     
   439.77660171626110     
   430.93856749108613     
   421.62741787129846     
   412.26906563533817     
   403.09004062777728     
   394.84012087416698     
   386.41975157011461     
   377.45104556584334     
   367.93773931214230     
   360.28453464777442     
   352.34595611802092     
   345.01270532415253     
   338.05632202674525     
   330.11253960810001     
   322.90193084414909     
   316.20802460380924     
   309.64634752459051     
   303.37605190540455     
   297.21993356559375     
   290.76764882166685     
   284.30190078067915     
   278.69847028971594     
   272.80824702903027     
   267.22293711104658     
   262.24373801175568     
   257.11670957188892     
   251.81556421129733     
   246.86571330509344     
   242.11843573731005     
   237.55968776855562     
   233.05003242839103     
   228.62783383525985     
   224.32040201580242     
   219.90153201565110     
   216.20580366950719     
   212.21098028959213     
   208.29354097410783     
   204.62217429895759     
   200.93223151784554     
   197.17109571932596     
   193.74885501718168     
   190.19242452913369     
   186.75244958737966     
   183.50636578258170     
   180.09477622462845     
   176.60616509067515     
   173.53877763111521     
   170.30045134976021     
   167.30489177222614     
   164.50449195213605     
   161.74240508815137     
   158.94754561923895     
   156.28855633619739     
   153.55170078825188     
   150.94230860764526     
   148.43385998906979     
   145.98884112547785     
   143.42073367438869     
   140.86467261911650     
   138.54066339721737     
   136.26222309430852     
   134.03381769716944     
   131.84561404511948     
   129.60993191635342     
   127.38886704201971     
   993.03208100684310     
   966.45996207550661     
   938.87368891644599     
   919.06345453154017     
   897.72093821883323     
   876.77095422350976     
   855.60765362885422     
   835.32191586609929     
   812.05673571372972     
   791.55855988618077     
   772.21283199054085     
   753.84729572738433     
   734.43462260097169     
   719.69309863482022     
   705.58849834375997     
   690.44337896135039     
   675.05997214742388     
   659.33903922988384     
   645.57086807372821     
   629.98966659762414     
   616.51240574391466     
   604.18071597256653     
   591.67774599825202     
   578.47643507476619     
   565.63157399073157     
   554.08632427401290     
   541.62578981080310     
   530.48199955105554     
   518.55173387615071     
   507.70984829151644     
   496.11136857645243     
   484.82894206667515     
   473.27919759870360     
   462.60854595972307     
   454.03543161020218     
   442.35125598336055     
   431.69233799442065     
   421.48393294850592     
   411.45633027588843     
   401.51018700768213     
   391.92738696152742     
   383.20159506487761     
   373.55818241401352     
   365.62978125704529     
   356.63965563644138     
   348.81035014591714     
   341.53150403758826     
   334.04277379474422     
   327.45457146052263     
   320.69691856210068     
   313.74276743132293     
   306.69938601724863     
   299.62695962404877     
   293.20050812935574     
   287.07094204250996     
   280.97564557219647     
   275.67357267554792     
   270.16349207364124     
   264.69122373229584     
   259.77293558527151     
   254.60700001283521     
   249.73064607609712     
   245.34174269313630     
   240.37208743220987     
   235.66254590710724     
   230.77800820905833     
   226.69950408684215     
   222.79686663684345     
   218.78168552331923     
   214.70418829409087     
   210.66467394204815     
   206.73829348682696     
   202.80499506584795     
   199.07127216513481     
   195.56561622390515     
   191.79166253106521     
   188.57805420638371     
   185.55996499661049     
   182.26485218652434     
   179.24075150994560     
   176.13909851215510     
   172.94621341090235     
   170.06784521599886     
   167.17959602879858     
   164.40842823179571     
   161.49512535409912     
   158.56949524156414     
   155.87389701200721     
   153.06105051843576     
   150.50526721821291     
   148.11403855759738     
   145.51511769467811     
   143.03330165616350     
   140.70957789307920     
   138.33120842110620     
   135.92889120704274     
   133.60294679492011     
   131.35151613301196     
   129.07365025207380     
   126.87289142795379     
   992.29626659494272     
   968.09059398654585     
   943.17665639892471     
   922.87125246252697     
   906.53576150260596     
   886.72321008982192     
   862.70135953420902     
   842.29009262607792     
   822.37030338245006     
   801.98910332477567     
   784.10677498680741     
   765.66685847900271     
   746.21921260485237     
   730.48329539618203     
   714.10136591451726     
   697.98674652844625     
   682.81820890724396     
   668.62538704994131     
   652.42547489711978     
   639.64562662478647     
   625.31558328673839     
   612.47201986030086     
   600.06465963863684     
   586.75953632866208     
   573.18015617966932     
   562.11590708151220     
   549.15812595097282     
   536.31089040299628     
   523.07466633225874     
   511.52640197797791     
   498.84268545593699     
   485.20524715228197     
   474.66005650682860     
   463.40819587132052     
   452.49711306225981     
   442.06259372518286     
   430.74820907244168     
   421.77515667068423     
   411.40502643692355     
   401.73496700909971     
   393.01402526259869     
   383.93544140017838     
   374.70519875387470     
   367.20419349021284     
   359.17001745924591     
   351.51726148264061     
   343.95728222732100     
   335.16900211059192     
   327.97472215660707     
   320.95648291809920     
   314.31052726484114     
   307.29006456066423     
   301.20450592967717     
   295.12426073259371     
   288.68419501186014     
   283.14016714496432     
   277.48479531920685     
   271.82872266113918     
   266.36555814158066     
   261.23330111343955     
   255.85209427996162     
   250.65820759274456     
   245.87939488400633     
   240.93154989079218     
   236.50147107001851     
   231.96664972883411     
   227.99133867472605     
   223.85461062753262     
   219.41620915366423     
   215.19653415900854     
   211.05071172951500     
   207.08994782379855     
   203.35453270805050     
   199.62917089467237     
   195.78313750014490     
   192.69820944077506     
   189.21393675290594     
   185.93745442468617     
   182.55730283921037     
   179.35676417360381     
   176.28301308310981     
   173.38893951975359     
   170.38368335069367     
   167.39550730842706     
   164.37531407822848     
   161.57223594489028     
   158.90190154398940     
   156.19117058801237     
   153.42976484141207     
   150.90274953862840     
   148.35644430601585     
   145.77650655414402     
   143.35042794814524     
   140.85737538505120     
   138.55205082608234     
   136.16257327408181     
   133.89645685484899     
   131.59999197096033     
   129.21390815311693     
   127.10533728042076     
   1001.3861602585110     
   971.66979649483949     
   946.69667803571508     
   927.27110237506724     
   908.72509229491141     
   888.09860121408133     
   869.06019415025844     
   851.95721661418258     
   831.73786394273930     
   812.92977051657624     
   791.20725725957732     
   771.97157616136360     
   755.58594955021817     
   738.65503950788957     
   724.50437780316963     
   707.64150915277139     
   691.22744017126820     
   675.06951091549979     
   660.73590030674222     
   646.73621118934398     
   631.82391823064142     
   618.52125783292479     
   603.40901862785233     
   588.79976363495894     
   575.06807728559011     
   562.98867589633494     
   548.59732066239724     
   535.15054917253201     
   522.64622653844981     
   508.94334437425891     
   496.88958946544290     
   484.81468307941873     
   473.09277662447118     
   461.32338752455132     
   450.80808902832564     
   440.08397393700000     
   430.36261661988345     
   420.85935574978441     
   410.91036868121773     
   401.91433233176531     
   392.42393787697034     
   383.36258700845957     
   374.61090923412587     
   366.71289366333377     
   358.69405402363839     
   350.78891146647595     
   343.30625737883111     
   335.67605273793021     
   327.81773960525572     
   320.42392402304534     
   313.69501533466291     
   307.08326139119885     
   300.63584316785887     
   294.22867625714275     
   288.24463204745678     
   282.73462991203519     
   277.24099157525688     
   272.02845604008508     
   266.99704696111769     
   261.88797790177841     
   256.88067055174940     
   251.64683783277511     
   246.72216841853390     
   241.89253101610768     
   237.10415651779635     
   232.64809669035765     
   228.53870946056750     
   223.95513769202790     
   220.19203860847691     
   215.88173300762077     
   212.02040268021497     
   207.96038169047293     
   204.11243608685561     
   200.49231247730341     
   197.07345372638002     
   193.42717949236049     
   190.01670086290454     
   186.46035849633620     
   183.12868913742557     
   179.73143588060628     
   176.83310018561735     
   173.74213623667015     
   170.78793516242419     
   167.81730108732569     
   165.08297128353848     
   162.12440963772266     
   159.23830901403858     
   156.40917368411897     
   153.73903462899420     
   151.15985302824910     
   148.65590398530884     
   145.96973609715343     
   143.60906930646198     
   141.04597285010885     
   138.71123694466914     
   136.33147067338459     
   134.05838376489689     
   131.82162656051105     
   129.61803975456260     
   127.45931045174144     
   1005.8811694334269     
   977.74368761904100     
   952.45555316298442     
   929.43251215111547     
   909.74646781862407     
   889.20380927934161     
   870.97129857096093     
   854.90616547436912     
   835.23163445986756     
   816.55229849645298     
   798.37146100288874     
   778.68346506789464     
   763.47094508380337     
   745.27763234359850     
   729.22605658349755     
   713.31552009199117     
   699.30021321630829     
   683.10730370215731     
   667.94625949577244     
   651.44157251599211     
   636.37704689247903     
   621.03960718445774     
   606.76450659490774     
   591.37347549889830     
   577.61520590719965     
   561.95775510640215     
   548.81399374434909     
   534.77231966162151     
   521.64955634262401     
   509.42265928432374     
   496.32687115887825     
   484.67241505069865     
   473.28823487068234     
   461.88622772196391     
   450.07460466093090     
   439.46624077943528     
   429.63898266139734     
   418.90921584876833     
   408.62493606901012     
   398.69073931900357     
   389.31132109338580     
   381.05910970847668     
   372.89082404085389     
   364.39500822374521     
   357.48813154889831     
   350.00345194017962     
   341.77900337641341     
   334.15236687911045     
   327.65392941954354     
   321.09063418173901     
   314.39111291179432     
   307.34600209174937     
   300.87453512499917     
   294.26608232137153     
   288.23127377710858     
   282.74314972304097     
   277.10327517769178     
   271.78491016956735     
   266.21888416800766     
   260.48229926744295     
   255.47106286781556     
   250.14078172001621     
   245.61767800660027     
   240.86979003353625     
   236.28279176680792     
   232.18430267084048     
   227.58415532949755     
   223.43551981086966     
   218.97175213083696     
   214.88365370493878     
   211.15065961442937     
   207.16929599902750     
   203.55255938418907     
   199.79289222956737     
   196.21674079918910     
   192.55891046342788     
   189.03077978972684     
   186.03167212007818     
   182.72436845139637     
   179.52144996087469     
   176.29732408004369     
   173.43687725816852     
   170.46648619804338     
   167.42223429193101     
   164.44792242393891     
   161.68899091794680     
   158.90113621336280     
   156.14399720357011     
   153.46224281393802     
   150.78913396176316     
   148.42665349709389     
   145.93195723218358     
   143.42462325140781     
   141.01238540591297     
   138.67929027274818     
   136.31965255853441     
   134.07094135370167     
   131.94354099660831     
   129.64479488007441     
   127.50686924562638     
   1009.8623359734249     
   981.34377086754751     
   958.14336433568349     
   937.77808454101228     
   915.24661539916622     
   893.93669157230772     
   877.99914254795158     
   859.07037143604225     
   839.05260897418566     
   822.88166531410570     
   805.60592928311951     
   788.61408696406659     
   770.09329185752540     
   752.95036695429212     
   736.88753940837410     
   720.23279613073976     
   703.61817149264732     
   687.46768806463103     
   669.85118082738302     
   655.53157970529173     
   637.72763264522814     
   622.30861906928862     
   607.74927627971931     
   591.31811479064629     
   575.56996127292746     
   563.33854219063824     
   549.28232046604023     
   534.79884154075228     
   521.47294077873573     
   507.54084283762933     
   495.42778652482247     
   482.38737184156349     
   470.63533359028816     
   460.21342301563766     
   448.45625167762631     
   437.72987805336561     
   427.61132033664171     
   417.12044846584331     
   407.71599397578336     
   399.03249265264446     
   389.75929474800364     
   380.91292383668787     
   373.01842424986575     
   364.18679887682492     
   356.57217146231790     
   349.45984502848216     
   342.08279070416944     
   334.32076202665132     
   327.01985722384961     
   321.02426533805976     
   314.17501013099485     
   307.49828656989894     
   301.40458013121463     
   295.50224553537339     
   289.47813897240974     
   283.72356245993456     
   278.17906297425827     
   272.24097951908510     
   267.00780276097328     
   261.25877640534452     
   256.81735933073060     
   251.39799409611277     
   246.58529568908747     
   241.91205515803495     
   237.41876512778390     
   232.75711706090664     
   228.54772737796975     
   224.11271237366046     
   219.93417272534819     
   216.02637608649025     
   211.94593557398446     
   208.09594981826092     
   204.46903228930270     
   200.65622800449833     
   197.06443224239624     
   193.47194651543407     
   190.33161929111969     
   186.84216154539337     
   183.41583581967322     
   180.00458725823154     
   176.93074536569907     
   173.86159966846219     
   171.11946093163820     
   168.04168722053674     
   165.35078342483746     
   162.65707756597294     
   159.84998470777364     
   157.13315501211324     
   154.45015648388926     
   151.77162109366606     
   149.04241366061910     
   146.50791006315620     
   144.06893981667261     
   141.68963352735773     
   139.31901540288359     
   136.98942843397708     
   134.71312089800972     
   132.53079974746507     
   130.26957280410852     
   128.07917766010678     
   1018.1703796052490     
   983.97426077766147     
   961.15437927534663     
   939.83012800988581     
   918.42433188110920     
   898.11409417261984     
   878.34285159437832     
   861.25139501675903     
   844.51523744759425     
   824.91502100718276     
   807.91308990724497     
   791.53319611540587     
   776.02978307628143     
   758.80544567267384     
   742.09765901939943     
   724.36233295211446     
   706.38657196069801     
   688.74143716801836     
   670.83473286953665     
   652.38368565377766     
   637.09366306872062     
   620.69320916994025     
   604.53470079469241     
   590.21966767840775     
   574.62038961621442     
   560.81188996133926     
   546.77268374680398     
   532.98515180924926     
   518.95993281745075     
   505.54238841607923     
   492.58767629089982     
   481.01972713323312     
   468.83264368919083     
   457.88735878229602     
   448.38041570142940     
   438.26322127828081     
   429.30101978536550     
   420.00267485351014     
   410.92765471022005     
   400.83723720239755     
   391.74268574163989     
   382.22232884768937     
   374.15085915406223     
   365.13779095318080     
   357.24021686929393     
   348.99202006959473     
   342.26958428580656     
   334.79034059380331     
   327.72209330016597     
   320.05712513583831     
   313.19228969743205     
   306.27152950788332     
   299.76184727288978     
   294.15929635731084     
   288.50688552706276     
   282.66788675495059     
   277.05718218999726     
   271.53601033010011     
   266.65719794520948     
   261.29790280555022     
   256.51262638156254     
   251.26812754796410     
   246.25013752129277     
   241.52089807892099     
   236.83964731621143     
   232.26700840497224     
   228.22103764313619     
   223.64920257648868     
   219.59642109339609     
   215.47074524198069     
   211.50907943060602     
   207.31267342562612     
   203.54117496159566     
   199.97595196101855     
   196.27122762514523     
   192.70523706470883     
   189.32676378194458     
   185.84631442719385     
   182.52350818036516     
   179.31719883362970     
   176.37342145267081     
   172.88655856952053     
   170.10249215437238     
   167.25431079700707     
   164.28130209764208     
   161.39670096125218     
   158.65922729795676     
   155.95632363339601     
   153.12228502073987     
   150.38964020550671     
   147.93467924033374     
   145.36356694548434     
   142.81962014166234     
   140.38313455967184     
   138.10904655021807     
   135.64703545434676     
   133.34612042563597     
   131.06231654276687     
   128.73600633153580     
   126.47974660184219     
   1013.4660316226594     
   985.27007825300416     
   961.40769773728016     
   938.60149159242201     
   917.34526326912999     
   899.75876001936012     
   881.94889186586795     
   859.81364907692125     
   841.95918781193109     
   826.77199364589558     
   808.52663246555221     
   791.22278965193323     
   774.84415229445517     
   756.45473689151868     
   739.42635574255701     
   720.45593947753628     
   701.02921383103467     
   682.15610517919765     
   664.71889242856912     
   648.24867777962027     
   631.25386124625379     
   614.91183527377393     
   600.29008880105368     
   584.22132056151338     
   570.38044003765845     
   554.92930455026271     
   540.31911989491118     
   527.54702712534231     
   515.38527863436173     
   503.85992998318511     
   492.66652332742797     
   481.73513767309510     
   471.50312266213797     
   460.93321747767078     
   450.24745694242381     
   439.23281437496144     
   428.67791671099366     
   418.19652463936666     
   408.51212005290449     
   398.41068172876504     
   389.81299643001483     
   380.82289738789450     
   372.53032817432575     
   364.46586391216312     
   356.54356127601744     
   348.48072695538809     
   340.85824651278483     
   333.70832301320661     
   326.31757890948586     
   320.09978320919777     
   313.73490793261789     
   306.79580010155541     
   300.84142148260526     
   295.37666171214801     
   288.71343175961812     
   283.04874943766487     
   277.26833656103781     
   271.93182551479617     
   266.91931556139593     
   261.57832477257546     
   256.46665017684614     
   251.29054500625688     
   246.32428556740709     
   241.84577276890442     
   237.17931883231262     
   232.34831667533308     
   228.17951085069257     
   223.93212308563091     
   219.76375351840272     
   216.19146162276598     
   211.80960345599232     
   207.88410137126658     
   204.26137111924245     
   200.44838011350879     
   196.98886071819283     
   193.49424223586269     
   189.86025977062451     
   186.34805411161204     
   182.99124287885189     
   179.82568769927371     
   176.73219812557369     
   173.86177835850873     
   171.08469747647732     
   167.97332133524745     
   164.98903682537434     
   162.11586219925630     
   159.33475778145822     
   156.50412445449658     
   153.78847671204969     
   151.01206776183420     
   148.63250107422107     
   146.20744053399801     
   143.45309338763997     
   141.05894467174184     
   138.65389795727202     
   136.10193749699735     
   133.73629138064811     
   131.30549317412451     
   128.87320507898175     
   126.64677806948691     
   1023.8563202074284     
   990.78188350054586     
   969.63693683719680     
   946.90315250041522     
   926.53297376129819     
   905.07778248635032     
   882.70095281256454     
   864.29788528968834     
   846.02348239510115     
   828.77956480962712     
   808.87209946098278     
   790.60988005177614     
   771.58467321070327     
   753.99166671942692     
   734.95394216046134     
   716.33168842978171     
   697.91842023241793     
   680.52132707736757     
   662.74025453756258     
   646.36911972098233     
   629.50919255203826     
   611.98216404951631     
   595.85685679997164     
   581.11993645756831     
   567.09279881629766     
   554.35881851403917     
   540.73385259497934     
   529.58460368065039     
   516.30371464044765     
   502.44466041499015     
   489.80690689130768     
   478.30519839962437     
   466.63486868624057     
   454.73715511097419     
   444.60838811277944     
   433.53026802438131     
   424.78744629330231     
   414.96856745022563     
   405.29746026212013     
   396.54365729100874     
   388.86259117584547     
   379.42534175617880     
   372.11861287059116     
   364.88554863772595     
   356.90620726971139     
   349.08106607953960     
   341.77578319193373     
   334.85696180835083     
   327.35053565910704     
   320.04618526200301     
   314.18381334942552     
   306.82241529709518     
   300.37413499894427     
   294.16821761617280     
   287.54631888385620     
   282.00783316182361     
   276.49452911817150     
   270.69630600846727     
   265.11541172385358     
   260.34959613214733     
   255.43077605795810     
   250.17269711409176     
   244.95595435330142     
   240.08197582940139     
   235.70220950364279     
   231.51151818072455     
   226.74261471663385     
   222.50739076816342     
   218.49688665543468     
   214.40426465124634     
   210.70341033886518     
   206.63951660619901     
   202.83875240556034     
   199.49484925996643     
   196.46511360833449     
   192.92321237068057     
   189.22649077769410     
   185.71425156512606     
   182.58175822014979     
   178.88421690464378     
   175.88905566449881     
   172.78251134975557     
   169.81201686144439     
   166.71161119478546     
   163.73635864735758     
   160.88068086675258     
   158.01748345535825     
   155.20400200281787     
   152.56764453155620     
   149.94764188864531     
   147.53727416030776     
   144.87778206456679     
   142.28115726868873     
   139.79847735587447     
   137.30289899921456     
   134.75314160898807     
   132.43302698138930     
   130.04067245667454     
   127.71244782685157     
   125.27529812149123     
   1029.6247955983445     
   1000.0244462800092     
   975.23830389424393     
   953.85405292251141     
   930.74016473030861     
   907.88888813162134     
   887.74863416367111     
   867.69563291113650     
   846.65453155044133     
   827.53053620815740     
   806.48257276600566     
   785.56958378974718     
   766.73322706362114     
   747.49453579034127     
   727.60219664450472     
   709.48972449108862     
   692.25887415663374     
   672.59967217901522     
   656.44896664368150     
   639.85053709390706     
   625.92821296962609     
   610.46572968968462     
   595.50957189444807     
   580.33619296946142     
   565.11281126446136     
   551.99149816248894     
   538.95199299711953     
   526.03983238522972     
   513.03027967635421     
   501.65874062594895     
   489.35418155397190     
   478.15544990362304     
   467.89323920106608     
   456.50804066729961     
   446.39913729039966     
   435.52791121623312     
   425.88807119631230     
   415.73530614705658     
   406.21073625619715     
   396.67270907614881     
   388.18715982460509     
   379.37390983747048     
   371.43191973209593     
   362.40666131773310     
   355.28926183671746     
   347.33893779265406     
   339.73852014985522     
   332.17721976419676     
   324.17654480313666     
   318.40330169724655     
   311.82642084663337     
   304.64315517144979     
   298.94481924468062     
   292.11086040427705     
   286.73510658889984     
   281.23138377852848     
   275.78704563624672     
   270.40354198028564     
   265.10776985288254     
   259.97223878067166     
   254.73173098825669     
   249.08459571075474     
   244.70026360947116     
   240.26649415513305     
   235.71915839966491     
   231.49311253061978     
   227.23996216617263     
   223.03558333685578     
   218.94583291379683     
   214.70755455792244     
   210.89636433633049     
   206.83753427305112     
   203.00033052093232     
   199.21791645924790     
   195.63565030679052     
   192.08131058140816     
   188.53023457980973     
   185.22820116623805     
   181.78349552443274     
   178.28758587233628     
   174.81925614699847     
   171.47125616468506     
   168.52100033612589     
   165.37027877163271     
   162.22255698603644     
   159.63580727087424     
   156.75362217643556     
   153.80648577983442     
   150.75130003864535     
   147.85912962485622     
   145.19544370394240     
   142.31591508318573     
   139.63629086663676     
   136.85955919906039     
   134.39827974607562     
   131.93971467350389     
   129.43727419128695     
   126.87872063724120     
   124.51861292996945     
   122.19121488138470     
   1033.4260261623033     
   1000.8251208336133     
   979.60793554292945     
   958.21985158587188     
   934.86307990309183     
   912.60607377160204     
   890.24618792540446     
   868.59949024250523     
   846.56913825169238     
   825.90834989044470     
   804.95117109893852     
   783.81365638567399     
   761.68944944763507     
   741.51541896224103     
   718.92574317401431     
   699.83436005098474     
   680.62756474606670     
   663.67161452399046     
   648.06076398691857     
   634.77246660443905     
   619.18309075766263     
   603.64303326040874     
   588.52092554931494     
   574.60007299260531     
   561.03144231416741     
   547.24231449021727     
   533.39566215259526     
   521.47615872872370     
   508.99498645394732     
   495.73663259743017     
   484.16656385409442     
   471.70840074321541     
   460.66913341014333     
   449.65171937633102     
   440.82216383290921     
   432.35829917860497     
   422.97363329890038     
   413.21357784313807     
   405.27148915809971     
   395.91258529479182     
   388.29223303228855     
   379.08646570708436     
   370.86874109982017     
   363.17883768476133     
   355.29021242629733     
   347.91820950015136     
   340.45577490806278     
   333.05119997011383     
   326.61540715016355     
   319.44580430895371     
   312.12973925421312     
   305.44310197497566     
   299.20612103778859     
   293.45208000128321     
   287.52861202923884     
   281.01051226303764     
   275.67218835846143     
   270.04161333513133     
   264.69579520585950     
   259.68306963641203     
   255.24663180680966     
   250.39909350573657     
   245.03763753835244     
   240.04579797514415     
   235.06983041158614     
   230.34743680815660     
   225.99134784204995     
   221.56755436040359     
   217.46043273893574     
   212.88903069826708     
   208.68823961074469     
   204.73253388452719     
   200.51534364679799     
   196.82065249470349     
   193.11961326517866     
   189.31515941468206     
   186.23022854822443     
   182.71772269536962     
   178.88589307596553     
   175.55758001139515     
   172.21626337880224     
   169.34415771899464     
   165.93666057594879     
   162.45214120673401     
   159.17721497368174     
   156.10424130444409     
   153.02086423683400     
   150.06096256250169     
   147.10522205303778     
   144.00107573670573     
   141.10958347213057     
   138.47836856065845     
   135.49425540995966     
   132.62150850866729     
   130.01497576711222     
   127.17984417530904     
   124.59510196777531     
   121.83449538078207     
   119.09317973942673     
   116.44768350415393     
   1036.6067783787998     
   1005.9261928323872     
   981.32994542236372     
   957.49315542913610     
   936.26023182885820     
   912.78163666872047     
   892.61677633595446     
   868.72203098856767     
   847.79865782830041     
   822.12876639814192     
   797.83237319533066     
   772.99345829524100     
   749.95407570862790     
   730.78925348111579     
   712.88004777240371     
   693.23275843997681     
   676.69837689539190     
   659.74842861276625     
   644.11697756458625     
   626.06799271347018     
   610.89829319141108     
   596.46989288086706     
   583.25945922182973     
   567.56093200186081     
   556.89353202412701     
   545.10650214268833     
   533.14750768113947     
   520.22081814741671     
   508.69236522486767     
   496.69099475757793     
   486.04159635068294     
   475.32311398868558     
   464.02680933522981     
   453.65648279218465     
   443.31166888313817     
   432.43497908880295     
   422.06497449501757     
   413.06921610295694     
   403.27654822576108     
   392.99281286582163     
   384.48949861971079     
   375.75242324928479     
   367.90325723673743     
   359.45368463342692     
   351.84605507569597     
   344.34972824665442     
   336.84674618879365     
   330.05892123726579     
   323.29780681767090     
   316.60773739611079     
   309.34319393769704     
   303.16259708970227     
   297.79687620792566     
   291.62533170208872     
   286.25310540713144     
   280.22881554882366     
   273.98028805202978     
   268.72358737550280     
   262.50301991829218     
   257.24258600383712     
   251.35323048245633     
   246.10233047266814     
   241.18756633227230     
   236.27618534615314     
   231.24194907147441     
   226.25432193783493     
   221.70560969778862     
   217.54178586265661     
   212.98398081257639     
   208.81427268873983     
   204.72368399903291     
   200.11996108037829     
   196.03021143082208     
   191.85271650151373     
   188.01784895969368     
   184.25845864925344     
   180.09581577501763     
   176.30102348044943     
   172.46802339640709     
   168.32630743123374     
   164.74122413409384     
   161.25680114874487     
   157.94145876702135     
   154.54039849115088     
   150.81596033769816     
   147.54216907520060     
   144.25755754568064     
   141.05810070051604     
   137.85472227241826     
   134.92929325571123     
   131.97701337997736     
   128.97799930464876     
   126.24192263008648     
   123.42529472151789     
   120.63180311334985     
   117.75048692184184     
   114.96610723059052     
   112.41400113688620     
   109.65833750213910     
   106.80770011534624     
   1042.1272705951978     
   1010.9399080901882     
   986.17855446095223     
   963.00744536079719     
   936.74962671792105     
   910.75930236261854     
   886.93228702808108     
   861.54153545253632     
   835.28535614788120     
   806.62027923441326     
   780.30047229741137     
   756.04753901946515     
   734.69114177141694     
   716.36878550693586     
   697.10881378618183     
   680.65319001132627     
   663.02590761175259     
   648.18917562061051     
   631.27290460405038     
   617.66818159731110     
   603.46258292440473     
   588.87025577133454     
   575.60642412420430     
   561.88464695195705     
   549.32320785063109     
   535.60200000699717     
   524.78056846549157     
   514.56247259901795     
   502.54641483353140     
   490.71060182705969     
   479.53179141617142     
   467.67033821137630     
   458.43164238226473     
   447.37167900519813     
   437.16519162509684     
   426.22686553948131     
   416.91684130587419     
   408.82834182043251     
   399.46767444277828     
   390.89990720800211     
   381.80718925689547     
   373.78090012708469     
   364.78250179589895     
   356.89607363495406     
   347.91746544804346     
   340.41427770226773     
   333.60227048050353     
   325.89878125576507     
   318.50762911740037     
   310.11941986176032     
   303.25930808694505     
   297.03013007487345     
   290.69741888295698     
   283.52040185559389     
   277.08461431121236     
   271.32844356875574     
   266.00760576514028     
   259.92249007347368     
   253.97082935454762     
   248.16726463639270     
   242.78869845839660     
   237.79447825053302     
   232.61704785428296     
   226.63759814334196     
   221.36044347391331     
   216.31701703619220     
   210.87104874946567     
   206.53370243661996     
   201.64830452425224     
   197.67919920777049     
   192.94349927732449     
   188.16975665925492     
   183.50660324313600     
   179.35872122434156     
   174.71983199064110     
   170.52979284383355     
   166.62683019402346     
   163.17293676430774     
   159.39379222842030     
   155.71873161318942     
   151.51953666623814     
   148.08211968316152     
   144.07461667264698     
   140.78671126561846     
   136.93253316957725     
   133.83604301107528     
   130.03402176430103     
   127.18724063647549     
   123.95191837518320     
   120.51143050791931     
   117.07722868730703     
   113.96882359244589     
   110.98678098124373     
   108.62314546693233     
   106.12473664814637     
   102.82840095903869     
   100.00068355561177     
   96.820357337365181     
   94.134125212834007     
   91.153515641951984     
   1045.8151828796233     
   1012.4002110972676     
   988.95916108830625     
   962.36975490409816     
   935.04074506264101     
   906.85105542946280     
   877.71665900451262     
   848.74732466199157     
   823.83082904309242     
   797.35541085627688     
   775.03830762658492     
   754.16987083944332     
   731.93582241319064     
   711.50127500393523     
   692.02293647281124     
   675.16275209757964     
   657.57222184456589     
   640.06155983285691     
   623.36125982146427     
   610.44340314071462     
   594.66373898636596     
   580.86496458850729     
   567.10596572318116     
   555.30588845704960     
   543.39324354977168     
   530.45473621693634     
   518.61057522225133     
   508.08205621075240     
   495.23589262867517     
   482.64028927656580     
   471.76813952382133     
   461.61955129697230     
   451.84419753463288     
   442.15167569291225     
   431.91161074656560     
   421.21756821977021     
   410.71414016483578     
   400.51507005169998     
   392.68026887690826     
   383.05823432051284     
   374.19563920742098     
   365.53180684008748     
   357.27663927437811     
   349.37791963052547     
   341.21713504742490     
   332.87019892040473     
   323.82659687781205     
   316.12626762188881     
   308.39081308315446     
   301.10619276911018     
   294.21774216691102     
   286.98629768747628     
   280.07364363306499     
   272.57328171592178     
   265.59710545031794     
   260.06660520440164     
   253.43359334673181     
   247.10927414102355     
   241.02357513554495     
   234.64074077603411     
   228.64010595964280     
   223.89048613911660     
   216.99747425850111     
   210.82060164167612     
   204.77915226322270     
   199.40264468892002     
   193.76785511457655     
   189.12122200688083     
   183.78574562592200     
   178.88998997452461     
   174.48515476492489     
   169.34783293529051     
   164.79486695156689     
   160.32416338726995     
   156.10856297877342     
   151.92331304792117     
   147.91865483370097     
   143.63605606362876     
   140.06811546046771     
   136.45346162876450     
   132.38530721515622     
   128.52233807994742     
   125.43952130319681     
   121.86032825833036     
   118.19205533108425     
   114.67867852535090     
   111.57858917124524     
   108.02003895183205     
   104.37705777901570     
   101.93510843581622     
   99.234437521250044     
   96.583790291361282     
   93.462474226444584     
   91.415113929253380     
   89.602565025618006     
   86.656439118728642     
   84.348612699334225     
   81.755613075013102     
   78.340335467482248     
   76.335499349621202     
   1050.5661057286070     
   1021.7914460680965     
   995.81185391322947     
   965.27977958372298     
   931.83376818317424     
   895.69527238850299     
   860.97342562720496     
   831.76251410740349     
   804.59208056656644     
   780.98107624045861     
   755.52095935545560     
   735.09509663378822     
   716.15621353659583     
   699.53078065916702     
   682.63103412548469     
   663.60453163062277     
   647.14141422772036     
   630.76444094895191     
   616.66085128892928     
   599.24963144483786     
   584.36279939018527     
   570.28858068574414     
   556.61964119398192     
   540.76091769163554     
   528.49976864334178     
   516.77653944168810     
   503.81043332769514     
   492.20503082043501     
   482.70023725291605     
   470.04927633319255     
   457.72636505904546     
   448.56764451933589     
   438.43457391628692     
   427.18682912779781     
   416.37224685736010     
   405.98330821827801     
   395.00587988219939     
   385.22539512664054     
   375.56036317563604     
   366.32372995011190     
   357.17302639462167     
   347.68112521609049     
   339.32080091440093     
   330.42569759230582     
   321.49457983553430     
   312.72881072803386     
   303.81280907149159     
   297.08495599937703     
   288.57992683490863     
   280.28721828442821     
   272.64833132508102     
   263.45359386935689     
   257.07427884106926     
   251.17924553790792     
   242.28078240244366     
   235.76371526795884     
   228.21668755534947     
   220.20471172890842     
   214.21888390127285     
   209.26433614135922     
   203.13740067428827     
   196.66972659415970     
   191.51024473398815     
   184.94117148350537     
   179.33137442706263     
   174.42981934028467     
   168.65410201503994     
   163.89660858990703     
   159.18593914856876     
   154.53689675489952     
   149.32703186050605     
   144.83406046754999     
   140.35443601253795     
   136.19560736602088     
   131.71641570680714     
   127.34498926477610     
   124.26468683941317     
   120.15383011607031     
   116.18078434359224     
   113.37974570730938     
   109.82712305207758     
   107.71666953881692     
   106.78328556429075     
   102.71639081876324     
   98.887814879959521     
   96.509555094996898     
   93.218484892495511     
   91.577470041018543     
   88.963709762228092     
   85.742104679291259     
   83.250329084952099     
   81.082797314689586     
   77.992891136299747     
   76.943922945900113     
   75.439995502929960     
   73.693038372636678     
   72.330229004778928     
   70.105509411955424     
   66.787426843860928     
   63.159537039184897     
   1061.2820505924601     
   1029.3476671325107     
   994.37141255182541     
   958.74561106540409     
   916.62086588231614     
   877.41888660571135     
   841.24218980620333     
   810.27346734467289     
   788.76326934935787     
   764.52791481859742     
   740.31016466012863     
   720.36425016778207     
   699.43450166954278     
   679.98526035100087     
   662.60605828968073     
   646.98962681397848     
   631.58807864945584     
   615.25775774757744     
   597.94265662402927     
   584.50116829918352     
   568.70642346807631     
   556.24429627532913     
   542.15644581003312     
   526.99646332172892     
   514.28046618507415     
   500.80694579672843     
   487.95508912536155     
   473.49928913040742     
   461.74558277809172     
   448.02177607582593     
   434.56052567522744     
   423.38621045892853     
   411.99074076471646     
   400.36547685314531     
   390.06720963931923     
   379.02267582658641     
   366.91789190520785     
   357.44274672067542     
   345.82567695335058     
   334.10112082247565     
   324.17880451497905     
   314.97048768936918     
   303.58097662269029     
   294.03392315013184     
   283.98169737929720     
   273.69898263715902     
   265.74024639959174     
   258.52945532630940     
   250.97160506254036     
   243.60916164227547     
   236.08120707278036     
   228.14441272740717     
   222.02521471148398     
   214.87278866830508     
   207.83578266048698     
   201.33714743788312     
   194.17072185479566     
   188.29554865672824     
   180.89668450207779     
   175.25798040027698     
   168.58927667318721     
   164.52741227297537     
   159.10091509556881     
   154.53838615244857     
   149.77891461274803     
   147.02102317555756     
   141.72903207333280     
   137.73316932543187     
   130.88950327203912     
   129.15472804908021     
   125.53886046630997     
   122.49855139026532     
   118.74192823873108     
   117.37924356924781     
   112.41415058377582     
   109.61041433689414     
   108.01248968650086     
   103.64374290231461     
   102.27469608586676     
   98.715242022421350     
   95.800298659044344     
   93.020752718090051     
   93.308283018320196     
   89.653402598673438     
   89.661282796605576     
   85.740876340986830     
   84.261395846899973     
   83.581214802738771     
   81.470636198186114     
   80.110005377451841     
   74.980424437529152     
   74.008531171395333     
   70.982799954410794     
   70.891297913624868     
   70.775720714341475     
   69.321894247979159     
   67.965519528610855     
   65.769202461976647     
   61.843179865402632     
   59.841495809356978     
   1069.9912551097239     
   1033.2306512630105     
   984.95307277715415     
   931.42057354910332     
   883.58847120032021     
   844.81462810489961     
   814.41470718698338     
   784.13779221162326     
   757.93794455184343     
   735.39362430494998     
   712.41976185589374     
   691.62181223685457     
   673.86021351645434     
   652.65181556752702     
   634.49549449819801     
   618.23961086971667     
   600.93326805143977     
   583.88941745896204     
   567.00969121047194     
   551.01051121340777     
   537.18263268211388     
   519.39410208127288     
   504.78148041996235     
   488.64133297108276     
   473.52164200676594     
   460.74981229970865     
   445.29988839299142     
   431.69192557894428     
   417.99325215436102     
   403.17446250117581     
   389.68607929626921     
   375.78516314000007     
   361.67087173645740     
   349.69064764855375     
   338.05332440695986     
   325.53355218673721     
   315.32585912732884     
   306.45795184374902     
   296.88124012003266     
   286.11626552791324     
   271.31801499712390     
   265.25963244204348     
   257.71299274550006     
   247.39142985926500     
   239.18012819826242     
   230.55526344256222     
   224.17139965414643     
   218.00637392347508     
   209.75898807239162     
   204.56143298173146     
   198.59563195925341     
   191.82764947047048     
   185.02050558854424     
   179.85596720629093     
   176.02568995828187     
   168.81984200107831     
   166.88767817366090     
   163.21013100953439     
   156.79753661832632     
   151.67156653672407     
   148.15425156511031     
   143.38810827639321     
   138.60660668325588     
   136.84526359613466     
   134.40116410312928     
   129.46983416847561     
   124.83328848340724     
   121.99382977395176     
   120.12928332594970     
   116.21802038848060     
   110.25608282738206     
   111.80394097473072     
   108.37336594853758     
   107.45348611376343     
   104.54654769198550     
   101.46777715223770     
   100.76055359912615     
   98.474050292543566     
   97.517928750580879     
   92.758841986729493     
   91.665924713813610     
   90.675048163673637     
   87.332865804857136     
   84.519153171027909     
   85.709436414296206     
   83.238488032638060     
   81.732431004837167     
   80.563185661198872     
   78.832258170965346     
   75.527943205398657     
   73.363054521260068     
   71.351058819468804     
   68.865391649559712     
   68.094605610966966     
   68.776876685715408     
   66.667062300712516     
   65.465343296749239     
   64.274101810072764     
   61.095123615630349     
   55.566345980361177     
   1082.2093506606584     
   1025.4715156313828     
   951.36831701353321     
   885.55186965244945     
   837.99346058076696     
   800.66127766932811     
   769.64209147483803     
   743.67874729879520     
   715.75728538813564     
   689.71586311780050     
   663.29151894424911     
   643.59071348549412     
   626.47739402277170     
   604.47290254677296     
   584.23302716898752     
   562.06775816358254     
   545.90718306497615     
   528.99884855345772     
   509.55434014842626     
   491.41870051311150     
   477.62216141103170     
   458.76996825618471     
   444.55809116363923     
   428.53216148578616     
   411.11132987065685     
   398.70711840971353     
   381.44837259767723     
   370.63916052751995     
   359.05449735249255     
   343.02590641126517     
   329.33568538809112     
   319.42895053168024     
   307.90500105432352     
   294.30631765243254     
   285.83593217761631     
   275.54850726982238     
   264.44173574752591     
   256.47346259481782     
   249.07840085307564     
   238.32613762430566     
   228.65792430268917     
   222.80421352854592     
   218.98681127707067     
   210.95596287901182     
   204.99628351644611     
   200.56551354513155     
   195.56125623793784     
   192.16316125313506     
   185.49193119272431     
   179.76646982359804     
   173.09841339247419     
   172.39733959064876     
   167.36848064070389     
   163.41792083940743     
   161.61743269347190     
   158.13124032151103     
   151.62344203176639     
   149.32631208061667     
   146.42354492617321     
   143.55303046876855     
   137.57284354786356     
   133.54444135071347     
   130.86448463790549     
   128.79246203425978     
   125.96956921492608     
   121.68450453030356     
   118.16703540060378     
   116.81776818120615     
   111.13666076089117     
   110.65386432120101     
   106.45229317759981     
   106.43774308948531     
   103.59956468461715     
   103.06471381012655     
   100.59530928735728     
   97.610016826521743     
   96.209023123090844     
   95.729004603587768     
   93.354620727032255     
   90.216996709474017     
   88.476183681014660     
   85.117342213085649     
   84.673692081972092     
   82.751282947155474     
   80.895936406980837     
   79.697165982350015     
   78.097413375155739     
   77.233788597842278     
   74.580882975113425     
   72.132890980031817     
   72.529013371295321     
   69.466285970184416     
   66.816768459425617     
   67.191785868507964     
   66.577022590947252     
   63.030847642535335     
   62.745239102773567     
   60.864110569232679     
   58.004343523848966     
   54.226112968472989     
   1099.8127655424746     
   993.11940612452759     
   891.26222673612290     
   817.74428230752835     
   769.09042887348573     
   731.05596400460092     
   704.23384966275410     
   674.37732904742688     
   643.04815766972229     
   618.16932612829476     
   593.99317290013380     
   570.31830919353456     
   546.55230593461465     
   526.93932718219639     
   510.03258170340752     
   488.58223773619557     
   471.74117118575094     
   451.62540729423199     
   435.58185835400565     
   418.59083552741390     
   408.91622222362719     
   389.39180913154439     
   376.61767168359000     
   366.09498190601050     
   353.91234480413948     
   339.20882195597096     
   327.29903602394495     
   320.47255569777832     
   311.48578407300340     
   298.51015854521836     
   284.45485993929049     
   276.72234528091064     
   270.00315002911225     
   264.89484551921032     
   251.48253102193075     
   247.47227130759612     
   234.59536514953152     
   232.86980005378601     
   231.95775763593468     
   223.68852627662224     
   215.56846877730700     
   207.48705149258709     
   205.47774975754396     
   197.80530549970229     
   193.98094429670039     
   191.05337688634313     
   185.15861575666341     
   181.42085228097505     
   175.02558918903645     
   170.28605363004436     
   169.05208792335151     
   167.45621484887880     
   158.85312122486835     
   153.63345531226310     
   154.11570531928174     
   153.48372035924044     
   145.34825655523912     
   142.82348139106563     
   142.27796858177089     
   136.02734406383408     
   131.93746751540158     
   128.66326821704484     
   125.69428051876507     
   123.41629215942299     
   121.87802184993072     
   118.17727067461932     
   114.72917068767762     
   110.14039390520253     
   108.77359692453444     
   106.30771095425848     
   102.07008341958755     
   103.07414583133658     
   100.70796631383661     
   97.900851690749988     
   97.795168706336341     
   95.088885541939888     
   92.776026801339142     
   92.689551146280863     
   91.204955230003264     
   85.913529236362137     
   85.501833734996168     
   83.854393754378052     
   81.189521535133025     
   81.133754955633123     
   79.852467239108890     
   76.613841172970211     
   74.563501875319844     
   74.616668672306901     
   72.282018222323700     
   70.888917501238836     
   68.963929645095007     
   67.462631909681818     
   65.666822122399637     
   65.413394340358039     
   65.241298248913026     
   62.524085753493495     
   59.611494682405052     
   58.468281247915719     
   56.299699204819547     
   52.848769751622910     
   1115.0291341824268     
   939.38748174531383     
   816.20253792624260     
   738.63442689168596     
   685.81516595454173     
   653.95402371390549     
   622.02676215839494     
   597.95560232363448     
   575.27968392315347     
   541.64716758104532     
   526.98611279303907     
   506.35022068398314     
   487.84941647941912     
   465.60923217801792     
   453.35002904416689     
   440.93560927780078     
   425.08300912510492     
   413.32823103111787     
   398.05086918637170     
   381.59154060496473     
   374.89446410439666     
   356.20686027691858     
   350.82379964244706     
   329.65026542626464     
   328.94908964124221     
   318.89884384103937     
   306.41151638881252     
   299.85144988294019     
   295.71699009291626     
   282.81465336232105     
   270.88911264591957     
   264.67113866774957     
   256.14170900579995     
   251.13467791643407     
   242.02809835480383     
   240.25378135786275     
   228.54974903188412     
   227.77719370885276     
   224.27296442348617     
   216.86430021756965     
   211.92129523120244     
   202.50598770840730     
   196.58633501142677     
   190.12357978935606     
   187.42727753072819     
   187.37847995748547     
   179.08796626600389     
   175.14173865432875     
   170.83664009638520     
   166.29434749327763     
   165.26695961760274     
   159.80129384634685     
   155.81425309544517     
   150.76760938759244     
   149.15612154424596     
   143.57098855304406     
   141.92371008050975     
   138.71795406914231     
   137.52084274604977     
   134.09904811822850     
   125.52326818062897     
   123.74551231222551     
   122.14840342067444     
   119.51058784091862     
   117.19569423728089     
   113.63444001703304     
   111.52013249467845     
   107.94736588462990     
   105.64612382515918     
   102.74193658296798     
   100.76138641871498     
   99.419898804940487     
   97.707114559180468     
   95.561279647524202     
   94.471470701531828     
   92.301773962100299     
   91.201750268764215     
   89.386031828318593     
   89.748082411623983     
   83.637553075970942     
   81.233754018228467     
   81.866083518030891     
   80.076552540473671     
   77.803209878920228     
   76.829684646390049     
   74.785542367092944     
   71.776157205936300     
   72.073942676216177     
   70.712313462264930     
   69.488714672995215     
   67.605817642903460     
   63.973407682235162     
   64.022043845925339     
   63.678595331883706     
   62.131092742789548     
   62.060162983020007     
   59.075849143901628     
   56.404815524807219     
   54.851180215366369     
   49.900622203429414     
   1140.9124093572609     
   911.28989943764236     
   773.68038722152301     
   692.92832660102624     
   639.20264232395664     
   610.99657720583605     
   585.60978735794890     
   559.59804603621660     
   531.06285171779064     
   515.30017493773948     
   497.66934339937609     
   473.02901650003594     
   462.60590603776814     
   444.33286268415634     
   433.99255475511154     
   425.55443353065368     
   403.76914851588134     
   405.47307109933473     
   386.38291378716690     
   373.70411894452036     
   364.54820151776238     
   351.27691568992020     
   340.14458416969921     
   327.18957528091988     
   324.94887383693805     
   307.08436121127846     
   299.30636904051903     
   294.55065500241830     
   291.35726532950457     
   277.61554896949201     
   266.71531467863201     
   262.60035429731454     
   253.99572482672522     
   241.53527123645213     
   240.86307659764677     
   224.31825709903330     
   227.19553599054899     
   225.36828362967987     
   224.29697955485520     
   214.64751143655846     
   216.25212620894359     
   200.04643029525909     
   188.05664262766493     
   187.54572915759093     
   188.04321689410861     
   177.56115284829093     
   175.19824596417465     
   168.40506043267442     
   161.88351862961335     
   163.86423623729056     
   162.15017178244159     
   156.42307725734400     
   153.10197500884996     
   149.55037587070635     
   148.32717133345733     
   138.03595356136131     
   139.71777556899255     
   138.78894555229493     
   135.98183794661426     
   132.16920464391563     
   121.91912540569461     
   119.73848092194548     
   120.06022644450323     
   115.23307983366502     
   112.90236014509776     
   113.61886928298233     
   109.90753506801579     
   104.19721289288219     
   103.32780367399344     
   101.66557447297268     
   98.653137688075233     
   97.877347070608550     
   96.408820609507330     
   95.198783142745526     
   91.347577285572513     
   90.798338196717310     
   89.502433496044389     
   87.288916261288847     
   84.759086594044732     
   83.535174931240604     
   80.291705426304333     
   78.418216054905471     
   77.667530640692490     
   77.543505438788358     
   76.389654964971925     
   74.075085237442494     
   72.061848683808776     
   70.261701856753348     
   69.260883077925271     
   67.823820763281475     
   67.435798475388680     
   64.054104241243977     
   61.996833764674150     
   60.486697168689425     
   59.058444999651243     
   59.584062054988124     
   58.264415956205305     
   56.359471690327894     
   52.404754822018020     
   47.806344440479869     
   1187.9032380095950     
   927.42543026572071     
   776.95465491444963     
   693.17616047066156     
   636.48603366555994     
   604.04050939648789     
   566.39569318982205     
   553.72774836777660     
   527.02661666772985     
   501.89581081845063     
   491.63753887867875     
   462.11164234473080     
   460.31916879637038     
   439.62337902606640     
   432.44758204057683     
   424.59632731091023     
   404.62514713431580     
   397.53196351540549     
   387.69166533469922     
   377.09129832792280     
   366.39858439430640     
   350.75096959834269     
   335.73242177331491     
   319.05400233630729     
   322.56622351085883     
   304.98969322944902     
   304.77102002289507     
   285.85057949717640     
   286.92524466660888     
   269.94516038859365     
   262.31032600161780     
   257.40293473876403     
   245.68991460737499     
   241.21403896476579     
   234.53574814330267     
   221.62566859267650     
   226.35501902544860     
   216.19964777879687     
   218.63986214442554     
   211.75315966799781     
   215.34965478593040     
   197.81949987214011     
   188.34015666951029     
   190.57361019388480     
   190.19653742195968     
   179.84735141652948     
   176.45762926880278     
   168.89099916285323     
   158.20904652876038     
   162.67194148700037     
   163.60704358437448     
   152.69088429594697     
   149.70900004036372     
   147.42986614018957     
   146.69238881014590     
   137.69108174060881     
   138.20575415944731     
   135.60596192519569     
   130.67206828026698     
   129.82400236397964     
   120.93644030288417     
   114.61867794230743     
   114.71258343630022     
   115.18582716125658     
   112.16323698289602     
   110.70607081862894     
   107.13114307296757     
   104.01114885466735     
   102.01229611321158     
   100.00687694269055     
   97.482514088069166     
   97.402887034311590     
   94.042485209459898     
   92.752844408199891     
   91.917068418716525     
   87.929326217081211     
   88.218595598872938     
   83.327023655912768     
   82.514574499827376     
   78.278930462987418     
   77.975707483756935     
   76.869266445136788     
   76.234949977868084     
   75.101703974872265     
   73.194921258373782     
   71.661306660521930     
   69.742929693476654     
   69.139669668116696     
   66.952953734194097     
   65.977004026659742     
   66.650416895686973     
   62.359711549217636     
   60.737347404317951     
   60.009774444743783     
   58.998179744010514     
   57.455477349928827     
   55.629648238409104     
   54.588952156331018     
   51.278733059169156     
   47.528317759071250     
   1239.3841767929780     
   963.61186198067821     
   799.35293669396515     
   704.92151703915260     
   643.13997297096307     
   608.59359421289878     
   573.19589552350669     
   547.71259810575168     
   513.49488190947091     
   508.97453269677214     
   485.10672608462482     
   471.45762999639004     
   457.43826521380009     
   440.99867490822419     
   437.01577651385179     
   419.67681785044226     
   408.30298032494647     
   397.22551031293028     
   381.15118559698544     
   384.61787490515673     
   363.02480759494262     
   354.31723004212205     
   340.18782094017627     
   323.45465502336964     
   326.79193172399653     
   307.53334478407885     
   307.81106672705664     
   290.43670070165592     
   278.45751693753959     
   269.28642955531984     
   254.99544093709386     
   252.36767912908647     
   237.64508754528521     
   237.77342302442537     
   228.45192965634186     
   220.57370155329471     
   219.82926084751921     
   210.09452024469454     
   218.62741328568589     
   211.70209080893886     
   208.68560480753456     
   197.28782166129747     
   186.21041923961565     
   190.29751544189693     
   189.92989836958674     
   178.25843925920299     
   172.96899124974951     
   165.37361013894406     
   154.12441231690661     
   153.75954580724655     
   160.75273878664180     
   149.73854601914630     
   142.89868542625032     
   140.93691123200793     
   142.26488884101369     
   135.07650864637884     
   137.67733511353606     
   129.15216313819388     
   126.06016261740102     
   125.70139625867995     
   118.18764849248429     
   116.49831173088540     
   114.32852290030911     
   114.40283854130031     
   110.57342373798208     
   107.81695077754807     
   106.08487003997047     
   103.19388005985900     
   99.236689067653543     
   96.236222972238011     
   95.151781166294171     
   96.236474339371654     
   94.119573304485911     
   93.150482750568273     
   91.056072336182197     
   89.344329370473176     
   86.479893411188471     
   79.939024982086124     
   78.696870484993070     
   78.493416090889966     
   76.065508849241411     
   75.283827116427062     
   73.088915815721450     
   74.049534393187457     
   72.337829568231285     
   69.873469768175340     
   68.045843397090252     
   67.407289814858942     
   65.898836753963707     
   63.516627971257826     
   64.846749161559117     
   62.685973953727562     
   59.033071531134887     
   59.200228388100172     
   57.778647706640243     
   57.700984853732592     
   53.579852637714488     
   53.575864783603294     
   50.309333980837863     
   46.828414767550562     
   1271.6821824556623     
   1003.0119200668980     
   825.99766908848687     
   708.33892762014602     
   634.55210169986299     
   630.04306074040221     
   570.17433786237655     
   551.05510195138754     
   516.44695364867425     
   523.12617628535691     
   497.45985565585306     
   478.47521596515912     
   465.04905144786062     
   435.07398122925684     
   435.56372801122581     
   410.31204477404623     
   398.86701185997720     
   390.43903656788433     
   378.10226830230602     
   400.35291322946227     
   365.11850830786790     
   354.13974586219473     
   343.91337506273970     
   336.94808643700071     
   333.25685277113041     
   317.25493798453488     
   302.78398476555122     
   291.51565895378860     
   273.01730359492041     
   275.47912199973143     
   257.45149002199355     
   250.34215142936381     
   239.27594548772799     
   234.65899406550437     
   234.58637996632905     
   222.11234277784757     
   211.45790607808004     
   207.12809945382810     
   210.74567740412030     
   213.57883846806405     
   212.85860557348582     
   199.86010066138306     
   189.73709459046171     
   192.96248686203501     
   180.85841574955663     
   177.69214929011923     
   172.80521207535759     
   165.88226150493841     
   155.51338953224550     
   152.49548957827298     
   148.93344184070796     
   146.86763674875351     
   137.85488768747408     
   139.84702564925732     
   142.64639395872302     
   133.67835342816960     
   136.79887205514328     
   129.29222147993693     
   125.68132750611213     
   122.61430340136909     
   117.72810959255833     
   118.40807258146212     
   114.65522255938046     
   115.55176940150949     
   110.60537359292310     
   109.54035096131472     
   103.61002527794095     
   107.03637904057700     
   96.801104542795258     
   91.150992636857310     
   91.475371770137500     
   94.968942087891548     
   94.074254294362021     
   92.995908499919835     
   88.346290851138718     
   87.175706624658901     
   82.506718712632392     
   78.471165755694813     
   77.425213733091397     
   78.997815641244756     
   74.441724462478930     
   74.320328452226988     
   72.303048511701377     
   74.555615715456099     
   70.953841116737337     
   70.911669337259127     
   68.431840000688752     
   65.954121144395202     
   65.493862859649681     
   62.750944082784095     
   64.257179392972887     
   62.751705993753447     
   58.162083812382711     
   58.260207921910364     
   56.127902902128270     
   55.328686759970239     
   53.460734876974080     
   52.606903207661958     
   48.929495583883607     
   44.918437459278159     
   1295.8209852982236     
   1063.7318231448467     
   862.88753747609053     
   737.52524862653036     
   661.28972787395219     
   645.67394395648455     
   589.36401813516272     
   564.92067144670102     
   557.90233543718477     
   559.15342202662032     
   518.19775902673757     
   472.34932927881289     
   452.57255654445174     
   437.75065218422412     
   425.58972700733193     
   395.04661096136033     
   396.60651674228768     
   404.78891029413415     
   407.55290210543706     
   409.16388532519983     
   374.13578865688578     
   353.87397524710730     
   358.84915647496598     
   335.56980563652132     
   333.18218001344070     
   310.39470981512784     
   312.51606214463243     
   292.65167496525066     
   275.40562529345840     
   273.09433936798530     
   264.27052659909828     
   262.89347183936178     
   241.98816746951545     
   223.82698087573300     
   236.26575076878385     
   218.98845899988024     
   219.29020305686561     
   200.38583620367532     
   202.85985794169378     
   214.13287266275452     
   209.03858347083604     
   198.33198957642847     
   192.46935750927696     
   190.48077275905970     
   177.53554657821962     
   173.68954698676342     
   161.04694055097971     
   159.08338392638308     
   158.57486025417151     
   154.53588317917081     
   151.03734954529043     
   149.03874662204976     
   143.60814661311991     
   139.38060161011333     
   142.96693702374156     
   132.98599827662213     
   135.14202458773340     
   131.14880738794199     
   123.58931627541497     
   119.73556621799914     
   117.89519699264787     
   119.09999732152392     
   116.46688248938341     
   114.44662062696344     
   109.54093382952578     
   107.07331249357247     
   104.33493614700326     
   105.12342793872733     
   94.185810384881833     
   90.547336712845805     
   90.708847532651490     
   88.853217820292116     
   93.070348486304965     
   92.703767577315872     
   87.193190386269151     
   87.341103257145420     
   81.543575314328166     
   78.603959795910924     
   77.727746686000231     
   79.036678791795737     
   75.839164671303408     
   75.421434269761562     
   72.492139795291394     
   71.680273219859600     
   70.879030105259773     
   68.245758869608764     
   67.127896878408336     
   65.660572865155515     
   64.218742818070197     
   62.446033986910024     
   62.047977722365154     
   62.800278364471730     
   57.332764119609095     
   58.301820566928910     
   54.910184031830411     
   54.494989960199270     
   53.719909036166783     
   51.511478707418107     
   50.008168787213130     
   44.314600752022116     
   1318.8713158756677     
   1092.3567190552101     
   878.33944934183705     
   748.31699388977586     
   689.11171111196904     
   646.89555728403707     
   583.21718283387656     
   590.09057411484207     
   592.29058190797082     
   564.57184251451463     
   501.68797485827997     
   448.59865279417482     
   467.13388559527857     
   447.56154471925754     
   403.63921676253773     
   391.93594405983680     
   382.88875211032195     
   401.33774130441390     
   431.77021003186059     
   405.77786082139028     
   378.82334413358183     
   345.09150666388382     
   337.78181688159344     
   315.29974630320083     
   323.22422871399522     
   309.66845466611437     
   295.52050372000724     
   284.55025971916615     
   268.30469117311782     
   280.96430204770638     
   270.06445668974266     
   281.03557583828581     
   258.80297477648753     
   214.56467398489940     
   239.05327539892644     
   208.67461964560127     
   229.55548605930167     
   208.77969312416201     
   196.87797552077544     
   208.35822482317201     
   206.47176994343857     
   192.59749112196042     
   190.05174890304488     
   181.44249127859683     
   178.76454884184423     
   175.50205709659070     
   161.16398421285569     
   152.88562598772324     
   159.40847096965308     
   159.32039381256669     
   152.58020973641095     
   152.08656801706246     
   147.32207972167612     
   140.37591039671312     
   142.38304706825710     
   130.58621041836699     
   135.06217920983133     
   125.90279591958468     
   123.03830694915686     
   119.92663160936645     
   113.93849636023772     
   120.13886600436780     
   118.06228852075509     
   116.08291572734774     
   106.49127923849946     
   110.20456006393752     
   107.14162567760721     
   104.83348874881645     
   95.402471143574346     
   94.563074621840229     
   93.557780306834758     
   87.507515931521397     
   91.469885039126893     
   91.676665746776720     
   85.852253536289581     
   88.993518070252435     
   83.088968068986077     
   77.167354911789886     
   75.570575434453389     
   77.184346473756435     
   74.962219538513239     
   73.532151538881109     
   72.937826502754461     
   72.851285721155506     
   69.857652939936514     
   67.030380369617504     
   68.593141406241472     
   67.158849530913443     
   65.705835483051629     
   62.606314151825913     
   62.556851121441049     
   61.493925615666875     
   56.528256120933364     
   57.604794257502661     
   53.611502052344356     
   51.881835672150331     
   53.309035151650761     
   49.669160585452133     
   47.527385196987467     
   42.257937842340240     
   1330.9147340440240     
   1108.3031258692538     
   920.05347836689191     
   776.91882582709741     
   717.64577191493458     
   652.33241554969607     
   588.49676596533868     
   600.16537149508360     
   563.27960657807012     
   555.45533741857560     
   486.09395123652104     
   454.78397525590401     
   458.89238167817882     
   474.79723995318557     
   434.29305681106064     
   399.90416646240192     
   391.37404789050026     
   416.29053370603486     
   427.05286175498162     
   426.79624551649863     
   374.00999848149661     
   332.96418227761558     
   332.46207740363707     
   288.21002165821039     
   325.35600737118472     
   307.96862567308051     
   285.66901971489636     
   277.33939930274994     
   293.79345530507601     
   282.54923746585791     
   271.78922286482742     
   275.88097033466511     
   268.93890915902074     
   215.81955459647105     
   234.29320248005746     
   215.35899663279156     
   223.47180032865268     
   225.73163913787428     
   191.06236376093088     
   182.67151162561501     
   200.20415952058073     
   198.04668531048142     
   199.08032377973512     
   186.68626993954530     
   181.47143769839778     
   179.81797809717176     
   174.05913226966578     
   155.89184612438879     
   162.25481250657697     
   162.30699301429735     
   155.24681459799965     
   153.70120094560463     
   150.49993235778015     
   138.85217124932132     
   142.98179018926450     
   134.31327754312107     
   127.52844083888336     
   131.59435168865943     
   119.28999061280987     
   115.76344686921607     
   111.00357620291243     
   114.94611254785568     
   113.93702605007910     
   108.89711507661444     
   104.86062286067173     
   107.79573502702999     
   105.45711252234352     
   102.62822282934897     
   94.217366394956969     
   96.310597761757123     
   91.916601987464460     
   87.904129323204501     
   90.727637873617780     
   87.338669171005733     
   83.410689342591297     
   84.263541280356520     
   82.438057723012577     
   73.351989946813376     
   74.809560165424472     
   74.590097081321034     
   73.480219432979908     
   73.671221244181240     
   72.952725949718513     
   71.904607877151932     
   70.037374521670273     
   69.975536292574887     
   69.041861440367683     
   68.311677595150115     
   65.694608641861052     
   62.783187264650437     
   61.277197862980948     
   59.715481837040024     
   59.335935531761351     
   57.033146906602596     
   53.407412153938040     
   51.984482489309968     
   52.787402855146837     
   47.942187415816733     
   44.939830624314958     
   40.517212672717427     
   1339.2478326526179     
   1126.8091309574738     
   975.70458220632645     
   814.54303033580220     
   708.53002270201773     
   645.53528933517123     
   581.24019755016889     
   608.03826691719769     
   572.49145083604446     
   610.69279561814210     
   514.56985657274890     
   468.34060555692338     
   472.13780171911850     
   471.12901097298271     
   409.78380617137594     
   395.22006877917357     
   418.79346583493418     
   429.21506817983266     
   422.81914516892118     
   427.74223092358034     
   373.84266998082217     
   330.93812055633458     
   335.50155725528714     
   273.68920242640002     
   318.74314827688033     
   294.51217127371683     
   281.37443107368750     
   274.94397369458954     
   304.25370150859703     
   261.64928129903711     
   240.31636240713834     
   270.29378591061720     
   257.59643394315793     
   209.91309215842716     
   200.84787359538413     
   204.78953545791225     
   208.53802406502575     
   214.57747289274127     
   192.62216623983767     
   185.61507480206654     
   191.60773860687863     
   203.99203442049929     
   205.93536747466794     
   181.12288722735718     
   167.63698171554518     
   166.46802385898616     
   173.79303533350006     
   163.13412753806807     
   163.24400010539111     
   162.78948783926404     
   151.94873743988933     
   157.08894984237088     
   154.80167177795596     
   138.75437070227656     
   139.72207303295758     
   135.63213433689077     
   130.25969144226048     
   130.10757511297754     
   114.10558873747924     
   108.59966197245807     
   111.98235670859331     
   116.99344983607594     
   112.94207188342278     
   110.91836958050695     
   108.33511316971519     
   107.70197677835887     
   106.26034970654467     
   95.901258373401220     
   92.512504580361053     
   96.820589949790048     
   92.866229905592562     
   92.091105521542516     
   86.804003310122070     
   83.849301278158137     
   80.009269581417158     
   82.772046678260935     
   81.669514946381312     
   74.343930678476283     
   70.580770037308596     
   72.905807735244807     
   72.920167132429000     
   75.253270734431425     
   72.034551932128807     
   69.582700168258071     
   68.371104160965061     
   71.085662070959174     
   69.614050306550496     
   68.334245497888190     
   64.942884402411977     
   63.170950054997704     
   62.035514116037106     
   60.270621600844350     
   59.510024919879797     
   57.318881964096370     
   54.274118341134880     
   52.627173459699371     
   51.896287696420124     
   47.237568452014223     
   45.420812279199282     
   41.739728604110439     
   1335.4686657348266     
   1153.3459254896413     
   994.29505127057064     
   811.91580035270499     
   682.41087622001226     
   642.05461728129558     
   587.46301184704134     
   601.13038475852829     
   583.06497528858915     
   593.66100927859020     
   521.89944240720433     
   502.00224417824381     
   501.44158330034628     
   497.87530523759506     
   415.85399009764274     
   405.47312061431882     
   449.03766537203228     
   452.96995356490561     
   431.44801740602634     
   392.37341064314199     
   384.94285932857895     
   322.11953576467357     
   326.21573349064988     
   275.53481699665747     
   292.08619146290300     
   260.10681666246751     
   277.69157404995485     
   283.54818892208277     
   294.18607821980299     
   247.67861499345025     
   225.97725815730746     
   253.38178095043918     
   259.40925521331121     
   215.89909043074988     
   196.48963460315690     
   184.37640235062449     
   190.02564336749543     
   201.63111046277987     
   174.70263666892629     
   183.20825698874233     
   175.58945037422126     
   200.94435289154887     
   211.50836443184488     
   174.41950872178950     
   160.19042011663194     
   149.92057591626545     
   175.32582462262505     
   160.00381295032258     
   167.84047472198512     
   157.50869645591533     
   154.12751139464791     
   160.22601961911460     
   154.72025039095880     
   133.20311446534021     
   134.70351841385880     
   138.40755820027596     
   131.42553089700351     
   129.22736691953534     
   105.71835759883643     
   103.77132522533992     
   104.56116711939066     
   116.22397349148613     
   116.16142632551332     
   107.36572205831156     
   106.14836342457048     
   109.87680463388830     
   105.73132709634442     
   96.875986215021641     
   90.084264021004799     
   101.08777746188322     
   93.821127478399575     
   93.361993710881791     
   84.441388832774578     
   81.920380403379028     
   80.226737584667177     
   81.025053584985045     
   82.973049946202750     
   75.031040038452900     
   71.585578335027833     
   74.795295329581322     
   74.933367217333227     
   75.532763320487703     
   72.038668030469339     
   69.356369382311456     
   70.551836195848892     
   69.814478630607979     
   69.905840345521085     
   65.762270656908427     
   63.237060899365062     
   62.632118070488339     
   63.658865594228885     
   60.282101785946580     
   60.829973860051339     
   57.565190901997127     
   53.661786482818670     
   52.619693730807079     
   50.746038971182728     
   47.835874911477887     
   46.197570393901181     
   41.755306675397584     
   1330.5277190554489     
   1158.5840354829220     
   943.09516307540025     
   792.25727858453570     
   676.67202432874330     
   631.84556073437739     
   557.72959092818655     
   570.54656769290273     
   596.34332158911184     
   612.03849968833708     
   497.79764575896559     
   489.43316458426932     
   499.16913916039641     
   467.83260001594346     
   363.98181166270848     
   381.45125865640227     
   469.36808700586539     
   467.53675405555117     
   426.22032563676703     
   374.72718545907918     
   367.50694913670520     
   332.97115152568165     
   326.99576524225944     
   286.68625917496695     
   324.57282179010758     
   291.92618123260365     
   265.32991857028480     
   303.47399747526214     
   298.57583742814165     
   256.98852186463125     
   230.61486438803701     
   263.90492147376784     
   248.60851607631770     
   207.23506074039781     
   198.07191840221691     
   205.14661218101440     
   198.15393647293885     
   209.78504507696175     
   188.18523443731985     
   196.87370997433260     
   182.28905704612146     
   216.13532737548334     
   208.64458231891285     
   157.44380835870496     
   146.86784101784929     
   149.64452813406294     
   161.54648568595533     
   167.67450967985258     
   163.83379293816668     
   149.58944850846191     
   155.10913901338546     
   163.34903995071664     
   154.93016242425108     
   137.77797603865346     
   140.38829190203282     
   140.05543531989321     
   136.97102642384081     
   132.50075000451523     
   102.18119477840843     
   100.35792326427328     
   107.69450936458310     
   113.47424671440871     
   116.91952223678051     
   110.68607857803002     
   106.05570336747309     
   110.70266589911994     
   108.57557411369328     
   97.524299253533655     
   94.539568176974001     
   101.23305842308577     
   91.391859535077330     
   92.198249509646161     
   84.134332676172875     
   81.240160176447901     
   84.337251079703918     
   82.767439771277338     
   82.516173345769118     
   72.793817661407090     
   73.135535322649531     
   75.783486446516051     
   77.450096873060758     
   75.829411367475018     
   71.854393076883994     
   72.179613543669845     
   74.275312517591601     
   69.165707818425361     
   71.188141458279773     
   66.987428360256359     
   62.558661842077370     
   63.089926003537045     
   62.518346107213901     
   60.838594327887016     
   59.658767263139808     
   56.167336440421870     
   54.240826046740153     
   52.006950955276395     
   50.605841270695649     
   47.262396469414611     
   44.252462397871810     
   43.291038095154661     
