           1
        3200
           1
   990.90452271467916     
   940.50455710125493     
   897.43565848928858     
   862.87756596310487     
   839.01339157248458     
   813.21777642880659     
   791.95496392433358     
   769.01124464095233     
   750.93278432019088     
   735.07062592208149     
   716.62246127495109     
   698.84643400000709     
   680.58110276626337     
   659.69569885057547     
   642.59740028960414     
   626.83773190912120     
   611.67527464284672     
   594.41524666621899     
   578.01794459664109     
   562.22521046714212     
   549.82823177149976     
   537.64122590157137     
   524.20910970927139     
   510.39399217228390     
   496.00206045073207     
   481.89783658508759     
   469.05261146794805     
   457.63816900751902     
   445.32723865685654     
   433.12212886562224     
   421.07325549967032     
   411.51409674441152     
   400.99712238365487     
   390.24372955748345     
   381.07210735431664     
   371.39011497458813     
   362.21785424789886     
   353.15223630232771     
   344.80020254212991     
   336.54922801565658     
   329.68284568391584     
   322.52016131666403     
   315.08530246006785     
   307.69897648420954     
   301.34590088815781     
   295.02716340859820     
   288.64057627617535     
   282.53721369768641     
   276.21705968634581     
   270.16041631394432     
   264.28574619046952     
   258.02957036423942     
   252.51574032872912     
   246.44755103206455     
   240.42271654358615     
   234.94459149719947     
   229.74687003578904     
   223.97974776011486     
   219.07619240771601     
   214.19922532790204     
   209.24074584429701     
   204.96346290718128     
   200.56840219853783     
   195.93940422958758     
   191.44808433938903     
   187.72824530504991     
   183.67856083954268     
   179.73059556581092     
   175.95503253774399     
   172.08712388032166     
   168.87842695220581     
   165.37519925101438     
   161.73334618060110     
   158.48384896292350     
   155.08864683084448     
   152.05747140762398     
   148.98722116498118     
   146.08345659448977     
   143.29711404521805     
   140.66298596344592     
   137.80151843268877     
   135.12588832977343     
   132.48591386684100     
   129.97086531326156     
   127.40741477959810     
   125.02786478552443     
   122.44764627710657     
   120.00463162262629     
   117.76580073382415     
   115.45600910894737     
   113.32384612417104     
   111.32903881274930     
   109.22757629003549     
   107.19145597288227     
   105.16902636527803     
   103.21038071047062     
   101.14353300442700     
   99.207409191666386     
   97.299188881965890     
   95.435317692172703     
   1012.5408010762517     
   975.44878585781782     
   932.13095640234030     
   897.34198211074033     
   865.24432270602267     
   838.51316051825893     
   813.06243903049995     
   793.29611258000148     
   774.08100604634274     
   752.91664446986033     
   731.09706544141318     
   710.11076617559490     
   690.49383470328928     
   673.61820344039302     
   656.69763344913019     
   639.25759670799380     
   621.85262051189864     
   605.32890867959009     
   590.77635454431731     
   576.81744742543515     
   560.21618248364007     
   544.56065387188630     
   528.66119233652103     
   514.04521079708275     
   500.63613294640436     
   487.34443541557977     
   474.17855723244440     
   461.10180943808081     
   448.60452254799179     
   436.99465914137795     
   424.79450309470042     
   413.28847066641436     
   402.31697516987509     
   391.53738464315325     
   381.99362116540436     
   371.82864452343404     
   363.06460236101964     
   354.12267157136625     
   345.95228222365307     
   337.86731650900259     
   330.39292678704561     
   323.93837395030243     
   317.42302596584238     
   309.81536485485344     
   302.74302771811483     
   296.61310792881255     
   289.65649240672661     
   283.29880663468111     
   278.01486963120516     
   271.29341325782116     
   265.25487078819430     
   259.44285489761234     
   253.44160631473437     
   247.23096615028447     
   241.26645244848532     
   235.58733463885031     
   230.76398772987608     
   225.94347770522776     
   220.78921828350857     
   215.98365534492820     
   211.16787703477144     
   206.29885352962052     
   202.19583641127679     
   197.87629787974939     
   193.93800244567785     
   189.71982214469202     
   185.64979039453488     
   181.65603089967081     
   178.22267069839091     
   174.43351099640824     
   170.82524580343147     
   167.07558263139842     
   163.89735580068364     
   160.59604739212563     
   157.49591320686929     
   154.41882280699105     
   151.31178905731582     
   148.44254224689425     
   145.32686936999707     
   142.23735839488472     
   139.57948217003170     
   136.96397773961615     
   134.17985705162388     
   131.40074323490231     
   128.92115919079276     
   126.42873904930053     
   124.06592054369813     
   121.55170215137449     
   119.22551276022998     
   117.05698769107424     
   114.80798207955732     
   112.55757134284389     
   110.36850319963182     
   108.28117977137680     
   106.22208660873659     
   104.15942103406647     
   102.14578501045200     
   100.20909004365132     
   98.341793305050999     
   96.451755476948861     
   1014.3315456958447     
   985.89471982332225     
   955.15364432288004     
   919.83298987215130     
   888.00827081461955     
   859.62288773904538     
   834.34593565427474     
   810.86933341282202     
   783.20852627752106     
   760.06158667610202     
   740.71847150744998     
   723.00900740526322     
   704.72353880115963     
   686.48557940505953     
   667.02580532829631     
   649.39370002930161     
   631.87816380823608     
   613.56227205603852     
   597.97816473366015     
   581.25887292685059     
   566.26988773246205     
   549.88775739108610     
   534.46677587310603     
   518.68237325508983     
   503.75866338287523     
   489.37683258169062     
   473.79319659761040     
   460.36543400064568     
   448.24804107297695     
   435.44936587865408     
   423.27801936867490     
   411.73828027119396     
   401.10871665804137     
   390.61494152885649     
   380.23645246276510     
   370.85883528445027     
   361.40439579520449     
   353.60626758784423     
   345.64623045140769     
   336.98280139347276     
   330.07406597234774     
   323.34124558996831     
   316.06060204253032     
   309.08134708130689     
   302.98918610670006     
   296.28684366067807     
   288.99469882682911     
   283.35399576478699     
   277.82431577295705     
   270.99743790882087     
   265.12492706931857     
   258.88819217375971     
   252.71878716936368     
   245.81980681413154     
   240.19329360716191     
   234.64824717791930     
   229.55248040430678     
   224.74008315939585     
   219.87545375057124     
   214.63055621562134     
   209.84313980386293     
   204.98053287518914     
   201.06758893701834     
   196.55752014053303     
   192.28198186610655     
   188.34347770625538     
   184.45364273134760     
   180.70625581033329     
   176.75119731762436     
   173.36873954779506     
   169.64719830185066     
   166.15833788619906     
   162.71294391466321     
   159.48084000043039     
   156.19769025276128     
   152.96141178466340     
   149.98964444107582     
   146.70567003410184     
   143.96188584691799     
   141.07400197989958     
   138.31622199923311     
   135.73021419297777     
   133.17272417070669     
   130.57451980576189     
   127.95280198707866     
   125.53915225380312     
   123.06521178940892     
   120.67677737956370     
   118.32475277021689     
   116.05043579306674     
   113.81555610645691     
   111.54799575598406     
   109.41149611459306     
   107.29088242509863     
   105.24118219997779     
   103.26477664853213     
   101.26967342635395     
   99.229220942405107     
   97.322836929976930     
   95.330653423516850     
   1019.0066418617641     
   988.08127311208909     
   962.90524789978133     
   935.48069162983211     
   909.10420138903908     
   879.11884046018099     
   852.35638798978141     
   821.70766630511423     
   798.29733942594044     
   779.24542222865239     
   756.50671775477883     
   734.75152511794204     
   712.35174843900666     
   692.38322858832430     
   672.93796658061285     
   655.56706721569503     
   637.39855964994877     
   619.17874045723920     
   599.33414413750677     
   582.68499816365636     
   563.55821984442571     
   546.45646676446268     
   529.48808326736798     
   514.72571151100146     
   500.33778237269757     
   484.67332176056823     
   472.30675258086382     
   458.53688841385463     
   446.77904022939208     
   434.44651431103290     
   421.95563843901920     
   411.08380371526846     
   399.24191269211519     
   389.26714628842478     
   379.90526181128723     
   370.27633691732490     
   361.82281294595646     
   352.85475111984931     
   345.16035718552621     
   337.11037508971799     
   330.14422132059548     
   323.23932987842716     
   316.06483191394898     
   309.65852427801866     
   303.05716897592310     
   297.13397748539398     
   290.39215794084652     
   284.62573316308010     
   278.52989189024032     
   272.60983655569663     
   266.44852978458147     
   260.23266644321006     
   254.17529787366493     
   247.57049252978032     
   241.76216140163825     
   236.40668960925913     
   231.11854063560827     
   225.95019111540813     
   220.48090963102618     
   215.65432807513756     
   211.21084353505518     
   206.26996008091507     
   201.95376886988618     
   197.50847197176498     
   193.25035687687418     
   189.00534170188433     
   185.35957820534472     
   181.58957690933019     
   177.52847788769020     
   173.88032579552382     
   170.01041186412931     
   166.81226222019757     
   163.45988690481414     
   159.95136551393770     
   156.54864852268418     
   153.27624524891769     
   150.37140119386345     
   147.47256126558176     
   144.24730920208415     
   141.38540615260308     
   138.57114561171252     
   135.86638478053746     
   133.14995400498444     
   130.21924947067919     
   127.60866318921724     
   125.04072838273058     
   122.64534098651654     
   120.31634747323191     
   117.98486276199903     
   115.63639715395792     
   113.29546615358136     
   111.03621751454122     
   108.87726967720491     
   106.75988076492105     
   104.65548412043665     
   102.69664900299776     
   100.57466569655665     
   98.560910980302694     
   96.509401899361421     
   94.486712685355272     
   1028.4609874235236     
   995.53921680309963     
   962.54148948928776     
   937.04523369448361     
   915.03276507657495     
   889.44124386070496     
   861.15264173519085     
   839.07721041873970     
   812.96378155582352     
   786.26369896072549     
   764.38081633809884     
   741.85504003433903     
   721.94188098175380     
   700.75946539588415     
   680.89214728497552     
   660.49637286752352     
   639.57670424270339     
   618.77724547684238     
   600.76480975274410     
   580.83460631427511     
   563.35454495423937     
   546.59549816144454     
   529.50308997170316     
   512.96499404544170     
   498.48971560155763     
   484.68494639827361     
   470.44252885730799     
   457.14892018466185     
   444.10576372147085     
   432.37181750058647     
   420.57963640278268     
   409.12172467301519     
   399.97673537586661     
   389.44125512732154     
   379.35750810081288     
   370.48270334838111     
   362.27348702411086     
   354.14726597827735     
   345.74226562039860     
   338.34220887876688     
   331.34263086465552     
   324.58342724033957     
   317.36056274849443     
   311.60031824681147     
   305.53956884806411     
   299.62652367297483     
   292.33455118001604     
   286.66842414890345     
   279.83945017870087     
   273.81721252179523     
   266.97573352062943     
   260.81763122458005     
   254.42441861624201     
   247.62595162611086     
   241.55001939000087     
   235.92542222487185     
   230.02308135591079     
   224.96328069624016     
   220.06413287373101     
   215.15843625459328     
   210.34790527274291     
   205.53016899389829     
   201.17770912979972     
   196.89242037494387     
   192.76270986019176     
   188.44838150882873     
   184.69227540769367     
   180.83489167448488     
   176.72032958090168     
   173.11003608379093     
   169.43364821750319     
   166.24184227672083     
   162.34397384211448     
   158.88084830500179     
   155.88569983874305     
   152.82303344616497     
   149.78114105336951     
   146.60469965644384     
   143.40611082701645     
   140.62307008674782     
   137.97995959683703     
   135.16127232338846     
   132.66105481456231     
   129.94892347050177     
   127.21640890770612     
   124.57729609116222     
   121.95758791591030     
   119.49323022131998     
   116.86250523369000     
   114.56716473706038     
   112.20273078790245     
   109.91471963833551     
   107.78495129025809     
   105.48910063845844     
   103.08766494021592     
   100.92865449187650     
   98.695607423835824     
   96.594064646777070     
   94.510532802791204     
   92.518967954225758     
   1027.9892331570559     
   992.36596292512934     
   967.51468989284228     
   942.22194348571998     
   915.90244767469642     
   892.07211099583014     
   871.11609688971384     
   845.81359006217917     
   822.26490307414997     
   799.59159986952056     
   776.03554818504188     
   751.59733014739129     
   728.87537097744314     
   705.11326196046434     
   684.68371006787345     
   663.52004229964564     
   639.94080897478705     
   619.23818486012976     
   598.10837741357807     
   579.43376812419388     
   561.49914139661018     
   543.59500348705558     
   527.53075317684181     
   511.63653402981726     
   496.69909272809400     
   483.22353081637362     
   469.37296422030806     
   456.04048527914682     
   443.62268604577093     
   432.18741775127808     
   420.30613940346723     
   410.08510383969247     
   399.18179516078226     
   387.98072585431180     
   377.74261342198452     
   369.57478223179339     
   360.92999893688483     
   352.16671404025112     
   344.96995943978459     
   336.32914266081360     
   329.23059703207861     
   322.14760318418735     
   315.54175396406526     
   308.41753126674502     
   303.35557193877617     
   297.65138997974077     
   290.85348800862391     
   285.29047156634533     
   279.16942112793174     
   273.16602154691003     
   267.35905447371056     
   260.56063553356267     
   253.49615410967073     
   247.95112544998932     
   241.85633933000796     
   235.89974847309648     
   230.46070860572991     
   225.28359331385923     
   220.54989823998500     
   215.31449134597651     
   210.37506178088324     
   205.81793627561598     
   201.43429694068357     
   197.11023842725646     
   192.93374114662774     
   188.61619963181340     
   183.96627442051113     
   179.96966439403232     
   176.22844306809583     
   172.67563839367440     
   169.13445783474913     
   165.32208027259600     
   161.84878287748074     
   158.34758061208848     
   155.02355869186016     
   151.85622510976077     
   148.52925048465974     
   145.27626593496461     
   142.16550781238232     
   139.46622818731362     
   136.56864998512140     
   133.32794397724811     
   130.69525925585134     
   128.07288099489398     
   125.15557564152175     
   122.36192272777150     
   119.84890083761552     
   117.37910699887985     
   114.78892785527738     
   112.38568009627170     
   109.90800945269343     
   107.67451485388769     
   105.28019954148078     
   102.99596293319914     
   100.68542671641970     
   98.339848695303516     
   96.132381001362802     
   94.141731914500454     
   91.936587283251313     
   89.833091096080636     
   1033.1982708200437     
   1000.4368546823378     
   970.50306362405740     
   943.83951275511026     
   918.86953168935975     
   895.28141375202176     
   871.58651247018281     
   849.57373969960872     
   825.69548158418957     
   801.79636250994440     
   775.43963446986504     
   754.61207253172154     
   731.45635370033153     
   709.97232798025243     
   688.40462679490213     
   664.15336887709464     
   640.76448672760353     
   619.57077311842704     
   600.56180884707931     
   580.81299437303176     
   561.38783068433872     
   544.16882941766971     
   527.60410906057712     
   511.68704582605295     
   496.76919839243112     
   482.75015151538230     
   468.41129451430379     
   454.34403349366647     
   441.05958412485847     
   429.26224444665417     
   417.09656265005668     
   406.17513763364877     
   397.28187364748908     
   387.12029162141238     
   377.32378023027758     
   368.53276982003661     
   359.95371557124292     
   352.02974682805279     
   343.91379447947810     
   336.27036627439850     
   330.73321773540812     
   323.33923615449618     
   316.79832210616962     
   310.67940360962041     
   304.88539707769388     
   300.47685072615076     
   293.80803579061052     
   286.97979267344755     
   281.56352960211211     
   275.42714514281062     
   269.28466880601002     
   262.35047272570307     
   255.79462126758546     
   249.58085124008488     
   243.15973063958677     
   237.05179146219231     
   231.79468386811499     
   226.12039558488675     
   221.17190205658062     
   215.86526932314575     
   210.90650240924523     
   205.99922927758547     
   201.18793519226338     
   196.25268284747611     
   191.70936251999350     
   187.35523578064812     
   183.31462304729337     
   179.58402942168954     
   175.47133640645049     
   171.41596911780834     
   167.65328423074925     
   164.03361833424970     
   160.35113106321927     
   156.71319315311359     
   153.18516257414331     
   149.99075450363367     
   146.65723253520167     
   143.10049377343006     
   139.82800280822849     
   136.82576165235184     
   133.57181084626765     
   130.34870970957002     
   127.43515616248492     
   124.73791595152636     
   121.98667116569230     
   119.18669320214909     
   116.54652921632345     
   113.97778951825613     
   111.15126639767223     
   108.77109583476815     
   106.08870990508635     
   103.68351344666880     
   101.27128256575105     
   98.966715363852884     
   96.608815478415806     
   94.321834803858721     
   92.094862787968452     
   89.835432266395202     
   87.733962031382944     
   85.574714677194507     
   1039.7105692196978     
   1000.9458502361201     
   971.41341287401735     
   948.15803799661148     
   922.88775324024357     
   897.73491820202264     
   872.86590794905101     
   848.37054385033071     
   825.77359153405769     
   803.27427841609995     
   780.78038671838067     
   758.14781736420809     
   734.27374120864465     
   708.70501389896333     
   685.51385512290142     
   661.49982929530495     
   637.71736179444770     
   616.98682519743284     
   595.53372257165756     
   575.88964220704895     
   557.92062057606904     
   541.51695603811936     
   526.19576667339481     
   510.65673611590614     
   495.52166656206379     
   481.79812566052226     
   468.56311221551113     
   455.40135871501161     
   443.46227190061836     
   432.26739829935991     
   421.80899250721427     
   410.47228730902043     
   399.03807016323697     
   389.24020218664646     
   379.19834656046277     
   368.85284559799987     
   360.26284326585790     
   352.32483063275106     
   344.51037732798630     
   336.90957242564951     
   329.61219359416742     
   323.62955889537454     
   315.72175055323595     
   309.98786533238541     
   303.61011205639801     
   299.40429801852002     
   293.40036328301841     
   287.20189025831161     
   281.19216762699256     
   274.95245798944518     
   268.34914978140989     
   260.51364970680407     
   254.05478647844052     
   247.45330759648024     
   240.81156421483973     
   234.99818554045714     
   229.17114176350276     
   224.03101916045836     
   218.61922720120538     
   213.27466463545565     
   207.72369292456148     
   202.50043389646984     
   197.49993838147074     
   192.53313041778293     
   188.16254031321822     
   183.44188783795153     
   179.50487056310158     
   174.90249869864124     
   171.11000533515869     
   166.91699752182134     
   163.18387734317903     
   159.42822622197065     
   155.76221855896847     
   151.99296048045574     
   148.44632797107121     
   145.09082847356723     
   141.49572244435279     
   137.88597572179495     
   134.55264240324021     
   131.44606257809733     
   128.48656055327723     
   125.48294291094165     
   122.32399407980810     
   119.13179698153067     
   116.45327159291406     
   113.58718128026312     
   110.46420514296990     
   107.77412908589723     
   105.13277984489459     
   102.64876291051507     
   100.23554813230812     
   97.825956584740396     
   95.337168299167644     
   92.656665412673959     
   90.285962404078020     
   88.320701258419049     
   86.122381716066513     
   83.782596943493047     
   81.436717452201520     
   79.090588454108683     
   1043.5353525881460     
   1005.9815495535925     
   979.56804178866821     
   952.28392940576759     
   923.47126085942932     
   895.44733960023177     
   871.55574453382508     
   848.25432661172681     
   824.98143306157078     
   802.88429478718945     
   777.88069564707507     
   753.99108956952750     
   727.41948747626702     
   702.74784553320399     
   678.44393879321910     
   654.05306496858725     
   632.37905212721614     
   612.02673143174457     
   592.78759740608621     
   575.48666751996507     
   558.61537324120218     
   541.59471419140141     
   525.50276692744876     
   509.53950711432230     
   493.80633301108003     
   479.78243007559723     
   466.61557562335963     
   453.30023446973064     
   441.31031859382108     
   429.06204840500959     
   416.53012731369904     
   406.31527100093496     
   396.43275815190731     
   387.26325254922125     
   377.62055729812869     
   368.90109447842286     
   358.73231445787087     
   350.80022116479057     
   343.49313093086573     
   336.17399202408399     
   330.20938188459309     
   323.34614292206390     
   317.23730160481944     
   310.81846316386520     
   304.42384653533998     
   300.52727978153325     
   294.93683902513226     
   288.62339653677793     
   282.28303854862281     
   275.13330032048253     
   268.70292765599902     
   260.76059357319576     
   254.00151366067956     
   246.88796578728113     
   239.05253102670002     
   232.82335355880625     
   226.78863942138526     
   220.94535910376280     
   214.85523251741449     
   209.08598643475995     
   203.95006793308161     
   198.22466453481562     
   193.34461903938077     
   188.70900964987078     
   184.10695948807165     
   179.59178116755831     
   174.98754179309026     
   170.41923456203449     
   165.77088814010210     
   160.98909049693034     
   157.03900244099043     
   152.84047450458183     
   149.08089414988086     
   145.08556571068794     
   141.42323243847659     
   137.74364742193313     
   134.09167789335106     
   130.21353329932538     
   127.00283585648384     
   123.44478183051608     
   120.00003732998927     
   116.86074051392583     
   113.32034608856694     
   110.29451659201864     
   107.43392326848308     
   104.47770586832631     
   101.63690707609071     
   98.990834336900903     
   96.125428772622854     
   93.794463703014827     
   91.201519656203743     
   88.951922858641836     
   86.638885565117349     
   84.154727155312969     
   81.542349491850317     
   79.301694272767548     
   77.268972333479212     
   75.529017841897712     
   73.378148564993779     
   70.958651243388445     
   1050.4516927955156     
   1010.0313151760358     
   984.18020009966392     
   953.51698635811101     
   926.54766450765362     
   899.98976873459094     
   876.28942588011091     
   849.94372852069921     
   825.81096251081522     
   798.78923315944121     
   770.04478303009103     
   744.14194401751024     
   720.32670662014959     
   697.41987170715072     
   673.68514802656591     
   649.41416956159514     
   627.20525677030832     
   605.36059774833006     
   585.74776844601536     
   566.90688717795729     
   549.79596523955388     
   534.06447078758720     
   519.15223326409125     
   505.27654632753962     
   490.81513998136199     
   477.07300474978297     
   463.84712085526627     
   450.76833588757938     
   438.22386202795190     
   426.98248063610754     
   416.49192443753111     
   405.52406847936220     
   396.17540845539821     
   386.26363666003186     
   376.95737286219583     
   367.81709831385911     
   360.32945188020528     
   351.50023925167540     
   344.41779132594013     
   336.62973642177923     
   328.76080232109427     
   322.86267353349820     
   316.51401081815351     
   311.66238792659641     
   305.75226814110579     
   301.37569762712900     
   296.28048561601906     
   290.92431121506786     
   282.95521005207081     
   275.58821934669118     
   268.61838776102985     
   259.85969124035347     
   252.35547961033924     
   244.35058606706144     
   237.06679726482122     
   229.97318163612024     
   223.79381031053555     
   216.83177609429646     
   210.15695382727733     
   203.81683575578586     
   198.65740215938132     
   192.90008657011290     
   187.84094182066201     
   181.90712501221648     
   176.89724452313970     
   172.03701042200083     
   166.61416189015580     
   161.76216899028381     
   157.40237347045002     
   152.98522395511296     
   148.18987377250892     
   143.97647413812254     
   139.94690585659944     
   135.74372212634231     
   131.88309823318593     
   128.58595078139055     
   124.71373440264517     
   121.39931417893466     
   117.65348594442968     
   113.94845149682199     
   110.48130348274245     
   107.78429703647765     
   104.42324217470556     
   101.36422357382122     
   98.525246244155085     
   95.322842951618242     
   93.026250965876642     
   89.849511629952175     
   86.703507687346530     
   84.223818891018524     
   81.631766023017150     
   79.090024546818640     
   77.589585384628904     
   75.014770623465537     
   72.771815732881393     
   70.602923260021214     
   68.711350387750102     
   66.520666233116671     
   64.252451545586538     
   62.314413014695447     
   1053.7623704189946     
   1017.4367115878183     
   986.69254698022792     
   955.43146411754878     
   929.76503135220878     
   901.17357376408029     
   871.11974703951603     
   842.99281768051424     
   810.97970474506042     
   782.23536639906001     
   756.88381122761916     
   732.64665464441487     
   710.73546469407074     
   686.87978420159152     
   665.59531677525513     
   642.13168817386565     
   621.76909425315262     
   601.39014950945341     
   581.50572100347688     
   563.74526713942305     
   546.58535154263700     
   530.45695109686415     
   514.54063135758304     
   499.85757284824786     
   485.27931485754686     
   471.78980769230378     
   459.19640436722841     
   448.51802197276754     
   435.95847683461329     
   424.15502665239904     
   414.42433259589654     
   404.27892634948961     
   395.44291449501264     
   386.10231228308828     
   376.67186773414460     
   367.62317918139581     
   359.32046040079746     
   351.20384724995779     
   343.14002096723613     
   335.09538514472996     
   328.87653487967384     
   323.52166798924674     
   316.86035839612896     
   311.73931603807898     
   306.74515852191394     
   302.40656667221208     
   298.30491063062760     
   293.29724485626105     
   285.73498600580422     
   275.58712121144879     
   266.42979182270028     
   257.36814130843788     
   248.08699571434528     
   238.97855820990003     
   231.70570916873390     
   222.68263597666117     
   215.33532851184228     
   207.00709392686730     
   200.45003268740444     
   194.33723953302365     
   187.05768858081285     
   180.75096195449410     
   174.87616821303860     
   169.69014007828096     
   164.25243505029263     
   158.83247766767801     
   153.76129635061065     
   148.43448012931790     
   144.43470592622288     
   140.28935253133744     
   136.05614100803444     
   131.03493535772918     
   127.11798603281423     
   122.53469041567337     
   118.51882433709770     
   114.41390602134150     
   110.28852447678936     
   107.88840695588492     
   104.38195829675648     
   100.80685523570182     
   98.057387208935154     
   95.019875128683822     
   91.752554248588098     
   89.097882795932776     
   86.970922165005717     
   84.046162233004850     
   81.247821586488811     
   78.645487084542410     
   76.761599206460261     
   74.869415484057924     
   72.317130464950836     
   70.443739323787000     
   68.410955700589511     
   66.161317557483812     
   64.717373051110243     
   62.687933899902177     
   61.512767825400267     
   59.320311896838021     
   57.428131317622586     
   54.940059368952305     
   1061.1422619386283     
   1022.6866136258217     
   989.53376728134106     
   960.21438623492793     
   928.48760112800744     
   893.80900388364012     
   861.37828187083915     
   827.94470559368369     
   797.64697543797752     
   770.20823735412728     
   744.65332577027652     
   720.17864360278952     
   696.97052374884743     
   677.17731858366290     
   655.69152478827584     
   632.76713564372074     
   609.94696781723837     
   589.67622471289269     
   572.26837099328225     
   555.35046380704784     
   538.55439957009742     
   522.47162087841446     
   507.15129705567836     
   492.43834721290091     
   479.46971010608479     
   466.90299569096328     
   454.96000341955784     
   442.95758800751327     
   430.86198695046153     
   419.26134311448277     
   408.09340954327058     
   398.53520560148013     
   387.67780661258428     
   379.23107730436396     
   370.85511734981020     
   362.06897935194854     
   354.86989555679065     
   346.59214223545638     
   340.13388619033867     
   332.36150526191159     
   326.01717927303923     
   320.52324911817942     
   315.25246595840451     
   310.44988835164679     
   305.95409832134084     
   302.06719526682548     
   298.55465978370739     
   294.46453949893413     
   285.19651903658246     
   272.07205818180250     
   260.92027890658289     
   249.49722933333481     
   238.13850224308982     
   229.71292939916495     
   219.54437255399193     
   209.58091221299924     
   201.32843980275169     
   193.45853669121090     
   185.46849367494067     
   178.64388474101656     
   172.80011933225236     
   166.48010443693079     
   159.88331789284885     
   154.39415012425650     
   149.13444816865535     
   143.01211373353456     
   138.70337801048751     
   132.70105965694290     
   127.77610147802149     
   123.65955940041729     
   120.01838380696668     
   115.64652222335101     
   111.78456538454731     
   108.18744391450292     
   104.17026069024774     
   100.29322993771430     
   97.419014869708221     
   95.193980834016273     
   91.606861842844040     
   87.680507286388490     
   85.359828897772331     
   83.076891793280936     
   81.090089930457594     
   79.749355577565737     
   77.011639430223937     
   75.144032647768881     
   73.274963122846671     
   72.088515752484284     
   68.906947498712526     
   67.820373009861555     
   66.409815405076586     
   63.436260715288185     
   61.932557012027843     
   60.949526125490920     
   59.067748779247573     
   57.728424935325464     
   55.839995290913457     
   54.529185600003331     
   52.500178991192364     
   50.513336957171802     
   1064.3517667991239     
   1026.0766943968065     
   994.76817826935644     
   959.87457510034801     
   920.15179907418383     
   884.74493100813174     
   848.84013208074168     
   812.12325308115999     
   781.89678142178127     
   754.58698944763773     
   729.13729495263010     
   705.93088288356864     
   681.99381412739524     
   658.47754889587964     
   636.48404433956671     
   615.30032958118932     
   594.69245357064403     
   575.26413584811189     
   558.07216149691453     
   541.12532029606598     
   525.58712959778768     
   510.49629174179665     
   496.37392749294963     
   484.93621372146890     
   473.43322519128787     
   459.25164745790210     
   446.47339818620520     
   434.75074367237198     
   424.01452302611972     
   414.75989170008756     
   404.35510619710351     
   394.53520340583464     
   384.99201936605033     
   375.60313129357479     
   366.36816302728067     
   357.70947419724041     
   349.66721631373161     
   342.30754944026791     
   334.81799968309201     
   328.07707341588741     
   321.24651447019164     
   315.80011622812566     
   311.01941927468488     
   306.16984260528830     
   302.96573766821882     
   299.75089717849352     
   298.31585415017378     
   293.73197787124622     
   280.47374237534160     
   264.38860277610792     
   250.18969269881430     
   235.81839032700171     
   224.58181483781081     
   213.36607183789999     
   202.80575121320186     
   192.66201795181649     
   182.99114760150445     
   175.44018136594514     
   167.00719529435707     
   159.74508009588141     
   154.17364120780707     
   147.64520275425420     
   142.24806869280920     
   137.18078439809926     
   131.38779273432934     
   126.55086602516940     
   121.72841225330356     
   118.20841883013912     
   114.67611051674822     
   111.23469775225317     
   107.78906250934952     
   103.65291780604963     
   99.847584211137175     
   97.076215977714980     
   93.831976693771651     
   90.548891682272100     
   88.633853735807932     
   86.525450806759352     
   84.074383220564854     
   82.075589327402312     
   79.862317107096246     
   77.728372373238102     
   76.694156311536176     
   74.551586793991930     
   71.829093665422619     
   70.718168375586686     
   69.659997358724780     
   67.656390001708928     
   65.354896917889505     
   63.847783045148120     
   63.569717133960950     
   61.455011964887376     
   59.499313945167273     
   58.029789708692597     
   57.777335839725112     
   56.157328101324815     
   54.588356013880940     
   52.880456937886223     
   50.594837987812788     
   48.898896875505770     
   1072.7162989503422     
   1036.4767655786061     
   996.62289969269614     
   949.72004787167521     
   904.72543452050581     
   861.96767844782130     
   823.54235206162161     
   792.87585846875970     
   764.15025702383900     
   733.23592331935083     
   709.59024658756266     
   686.14616425769771     
   664.87084679386430     
   640.26083513437175     
   617.25143762913535     
   589.72736944148039     
   562.83517451717262     
   545.81943693397091     
   531.43543446796775     
   518.52603594572577     
   506.52762102635006     
   496.29617043548103     
   484.22944735208421     
   471.93950971544638     
   458.10288267012407     
   446.70917963356754     
   436.36450828223087     
   426.35567343415818     
   415.76140170709061     
   405.58332375710353     
   396.11375845869287     
   386.68488215952033     
   377.63853165724032     
   368.89561890545883     
   361.54321202423148     
   352.58845356427582     
   345.75281405403609     
   338.74601684093079     
   330.79464538656151     
   325.06599798510899     
   318.60420736411334     
   313.42300570560263     
   308.16398352251713     
   303.37363589068758     
   300.66957311602022     
   300.46273770643955     
   297.89714531699974     
   284.23425130282436     
   267.87284137431482     
   248.60849802358527     
   232.28543411440754     
   217.26798850523818     
   206.06249668189014     
   193.34526091847391     
   182.56170976811677     
   173.99515640775962     
   164.53744598373234     
   155.66098716808139     
   150.53858801075410     
   144.35278316846896     
   138.20694295010753     
   133.19934403745214     
   129.81357890882450     
   124.83246622698826     
   120.46548684179643     
   114.62396089974146     
   113.06872922742045     
   109.25178209249189     
   106.26316139602250     
   103.34175124347209     
   99.818428242843154     
   96.296516992148128     
   93.329714572447585     
   91.561852420252208     
   88.467356646118191     
   86.202456585458023     
   84.699393078984386     
   82.650346120301919     
   79.968391667107923     
   78.005158375197766     
   76.239511464788706     
   75.146652784262258     
   72.780706239353961     
   70.938566723165692     
   70.273287549181518     
   69.233474637652535     
   66.862531516681514     
   64.827271480548504     
   63.061378985823275     
   62.441559621341085     
   60.748499224386826     
   58.963603393352756     
   58.119819533022202     
   56.657001978131781     
   55.347337102230071     
   54.464016026197868     
   53.556737714561940     
   51.096864967538281     
   49.120327410001210     
   47.469111043908498     
   1084.5579195860437     
   1038.6438176954657     
   986.28067162543061     
   928.67373705095940     
   874.73148742875480     
   831.86429293527613     
   792.54289748785368     
   758.33244795382655     
   730.29916215981029     
   703.05000913973424     
   679.32636013298315     
   651.45112101632662     
   629.55659539246540     
   607.49200222663342     
   583.41162263707531     
   554.69750879086030     
   524.80307173053120     
   511.30199838868072     
   500.31947152206220     
   489.72088671728591     
   479.89320288796250     
   468.73013424537851     
   458.34123106167425     
   448.12529544268358     
   439.90939891173542     
   430.11437614994384     
   421.69403593015079     
   412.89045672778553     
   403.70314249189937     
   394.18433466437205     
   385.09065108176276     
   377.58014929997626     
   369.34553209322621     
   361.41253877915506     
   353.82101428682029     
   346.54976722951562     
   339.56032825974859     
   332.80821157994160     
   326.09703101597495     
   320.71567880314313     
   314.67660446111694     
   308.95385680281669     
   304.33527191319530     
   299.59120322411945     
   298.10704425620565     
   299.44487946248330     
   297.57083968373018     
   279.74033473534234     
   256.69328402368342     
   236.98508637245283     
   218.40036874350272     
   202.54484467648507     
   188.98662204093739     
   178.29641470129437     
   167.87323996119412     
   157.98056572392076     
   151.14510517835774     
   144.25565095120538     
   138.77978531500503     
   134.22452601891990     
   128.69452897287002     
   125.91668665805258     
   122.07729120309241     
   115.63857383191268     
   112.04616335739881     
   109.90697155852286     
   106.36518824852521     
   103.04679107259059     
   101.41998519488102     
   98.395633917305645     
   97.135538088225161     
   92.567018354289488     
   90.755806347728637     
   87.926043174516707     
   85.337896651624618     
   82.316130363751341     
   82.959329436816688     
   80.358529980242508     
   77.873892934182493     
   75.418103325446651     
   74.310451300417554     
   73.504180382666334     
   70.871505984184893     
   70.141886921137981     
   69.064288591548333     
   67.189976643897737     
   66.299624609738771     
   62.862755412842219     
   61.704355232100227     
   60.372376877527749     
   58.975163165108356     
   58.522647893344271     
   57.416935847844869     
   54.887467704314716     
   54.120932307118643     
   52.605198549390252     
   51.790455055341326     
   49.951693197207788     
   47.483577203814789     
   45.024113875190388     
   1094.6275953711990     
   1034.3635686060479     
   960.73417409735157     
   890.33854480116531     
   833.46133150983439     
   786.50306245192223     
   749.58136298113504     
   714.01472019568939     
   688.62248072690352     
   660.87777272417782     
   636.22155376359785     
   608.67451642325341     
   585.10207885395187     
   556.41340392876805     
   528.23956091274192     
   496.13141684848659     
   466.21517903851225     
   459.85847095575468     
   454.58046877337654     
   447.92388832574511     
   443.43764566140106     
   438.79002610220078     
   432.19905417938924     
   426.28269911232690     
   418.91216719077136     
   409.81582515351937     
   399.49861757406967     
   391.80898237365170     
   382.81872561418129     
   374.92377023374343     
   368.13046352914085     
   362.17276591791881     
   355.56536521857936     
   347.60612923982870     
   342.35956608651202     
   336.26513041496491     
   329.99165046708077     
   323.96870544958847     
   318.30046122080967     
   312.65322610342832     
   306.65911503448638     
   301.84468096578104     
   298.40610138395391     
   295.16513763098379     
   294.78953673352032     
   297.07508774520284     
   298.72976449743987     
   274.13319515557146     
   246.81962903284375     
   226.53942759323519     
   207.10608864109631     
   191.78798840902201     
   178.55769786308352     
   171.19542320727277     
   161.02759055363197     
   151.41596073508646     
   143.97949951243646     
   140.41004468296165     
   133.09821869589510     
   128.79448746385248     
   125.23990451387357     
   120.67286386198735     
   116.10630494437169     
   111.80661131532985     
   108.64439006747290     
   106.70852117472160     
   103.80059052562100     
   100.45550426397560     
   97.442038061029649     
   96.202135791398632     
   93.674184455655663     
   91.570483075398911     
   87.941279392544772     
   86.413558243502990     
   84.124410710878308     
   80.321845096085227     
   80.206903241821550     
   78.283241771781775     
   76.604874506895740     
   73.283697532048961     
   72.869137767209708     
   71.057980022436254     
   70.143831562666890     
   68.382823538465999     
   66.893173913358325     
   66.344883666559397     
   64.330832405119750     
   63.159746536958465     
   60.143955884585857     
   59.537016459080284     
   57.993511987289239     
   57.935248570335254     
   56.397575564441141     
   55.140185448611113     
   52.936445520066343     
   52.276966209502191     
   50.763992104545494     
   48.909674389807392     
   45.495887828903228     
   44.177891897802219     
   1110.3039568538190     
   1015.5181950142095     
   915.58221986603439     
   835.31662178781653     
   776.31011712353347     
   732.48892533938522     
   692.65508736799620     
   655.70163251025110     
   629.56503738858248     
   601.87800321386283     
   577.27576752283107     
   549.52664164318628     
   525.10349161688589     
   498.59674562053294     
   467.78739660208669     
   425.44059889317293     
   377.84488145457658     
   383.13456456661777     
   390.34376837175546     
   397.18013436728563     
   397.34045730572501     
   397.05974381634951     
   392.83412515608580     
   389.77272659042490     
   385.73152745711457     
   382.02053559375622     
   380.54546415715436     
   374.62243982128427     
   368.17958726969619     
   361.97884807245396     
   355.47419296530131     
   347.72972040118890     
   342.83718251733603     
   334.67815825228422     
   328.73398470037085     
   323.77524007365844     
   318.34177787182591     
   311.78734326277868     
   307.85998304324744     
   302.76911237884531     
   297.38891919095170     
   293.14507857242575     
   291.62979237272509     
   289.22767190542424     
   290.28077566331268     
   294.05107202209547     
   298.13558290725541     
   269.92124689952783     
   241.00826743753402     
   220.28365255740871     
   201.07702219109922     
   187.12458101600629     
   175.98338864208077     
   165.42523852761607     
   155.96872485706439     
   148.25309919548667     
   141.02450891494379     
   134.91452780633568     
   129.29193508488663     
   126.14442787124931     
   121.82354289454190     
   118.44213645334440     
   112.64241516495598     
   109.38212779347242     
   105.99808756420489     
   103.75878464702562     
   101.19711512810663     
   98.085657360914524     
   95.803690318453491     
   94.161769963255310     
   91.749740489561390     
   89.394238840693376     
   85.717431188998390     
   85.426394048107426     
   82.595178223338209     
   78.023090013915038     
   78.282538951483957     
   76.075814190486312     
   75.222930874965783     
   72.040472095033323     
   70.446530291133783     
   68.668867832250953     
   69.093435375403601     
   67.747919228259278     
   66.096070334031495     
   65.112740636233667     
   63.755757128091545     
   61.835229758050502     
   60.036820161311702     
   58.362242809576756     
   57.493033497706065     
   56.744003693264204     
   55.463784752525740     
   54.623064442393925     
   52.383583282320714     
   50.943537134241460     
   49.828163253208551     
   47.548630674706516     
   44.699263909617862     
   41.451090272556890     
   1124.2508125585650     
   982.59631411765031     
   854.48498073243093     
   772.86550540142184     
   712.45764731621693     
   665.64113025006679     
   631.58572239877276     
   596.58568695886424     
   566.83072700036917     
   540.78526072624686     
   522.79038313061869     
   495.22644358507091     
   476.02540542516670     
   451.81403780923836     
   421.45182497249061     
   373.21794066043094     
   315.22187577718597     
   310.91359514533889     
   315.38132324250694     
   325.96390600855312     
   336.19926158676844     
   344.16148398709049     
   348.41718570227351     
   349.76481132207027     
   349.68780862353265     
   350.77422841975670     
   345.67305298037536     
   343.56459298040204     
   342.36662468763956     
   338.76638268919976     
   335.78204151916077     
   331.65517205208010     
   325.88575672105310     
   321.07789819640868     
   314.58557825697881     
   309.30611211944802     
   305.31776410395759     
   300.74940067472198     
   296.08346511126206     
   292.23451316670798     
   289.07190622592356     
   286.17825063594216     
   285.04352075846793     
   284.22842717411282     
   284.80478272519849     
   289.15887974699996     
   297.68673872992179     
   267.30606759632923     
   236.86932720776781     
   215.29604773851736     
   198.00744489970529     
   184.96836569933348     
   170.96327906591179     
   163.28967902010146     
   154.49233564719057     
   148.63408047485973     
   139.91254176428390     
   132.57838741148578     
   127.94162153027470     
   123.24323829413504     
   119.38552540461293     
   117.38751258787227     
   109.64983091229078     
   107.15576414960856     
   104.94751091622413     
   100.79271036504957     
   98.467900011223776     
   95.073601796944189     
   93.630254613610589     
   91.889189099348627     
   89.278670549515383     
   86.669051669315422     
   83.765997129217496     
   83.416922468467789     
   80.985784760815918     
   77.919974944252857     
   75.930832934831699     
   74.915880370260837     
   74.496294206652010     
   70.750456936670417     
   69.910314316124285     
   69.438068047136767     
   66.829871991107936     
   65.518994273842125     
   64.240830921170271     
   63.003491207724863     
   61.558849385577076     
   59.983238047056624     
   58.735032211927539     
   57.834654806960017     
   55.988618857739198     
   55.373661068864024     
   54.210057208005139     
   52.365271510312823     
   51.075726918296674     
   49.986879584790017     
   48.716276640066695     
   46.930419118488381     
   44.905121049484869     
   41.590321590236243     
   1146.2383470087220     
   952.27425428887727     
   808.41028567018407     
   721.30491173260327     
   661.84987555239547     
   618.52412303198810     
   586.33107418193708     
   554.09556670793449     
   520.22830878149489     
   512.23432647003358     
   494.59131914844647     
   476.76300811757085     
   453.50202016358537     
   429.51835898024825     
   400.82961250834813     
   342.46467648520502     
   277.45994174437095     
   268.71472642401369     
   265.86745821381606     
   265.38447073200552     
   276.80766212642072     
   286.33187764023461     
   293.03117610936022     
   300.51652432628259     
   307.76658558859441     
   313.19636173599326     
   312.70700047901943     
   313.47897189846941     
   312.13638221585762     
   309.22186634666639     
   306.58268285893263     
   305.48634356354086     
   303.06371895417817     
   301.55988333590574     
   301.09648316403513     
   297.97133004290981     
   294.50632363975865     
   290.70359435960290     
   287.30947634185861     
   284.20014157298289     
   281.06511588323343     
   276.34036542138796     
   273.78751131220542     
   274.77715647462765     
   276.84568050869029     
   283.10889717446378     
   294.27846509784490     
   263.92516187790136     
   236.46424264398473     
   214.87771848198923     
   196.08685920988444     
   182.54115063528300     
   170.08090326572449     
   162.62053410428413     
   154.92143671048086     
   145.34262084901761     
   139.04574307729524     
   130.60824359935444     
   125.52626342626975     
   122.30480302972745     
   117.42943881714797     
   114.37330392842723     
   110.47378656963934     
   105.75418168874084     
   101.91905928657900     
   98.323517638607072     
   96.080747839692492     
   92.302102228733389     
   91.607972325783138     
   89.518486020556509     
   87.753513969420467     
   85.309226850375893     
   83.870318811629460     
   82.434677106901844     
   78.636469586028085     
   76.432350057235212     
   74.175802812622734     
   73.014275685211288     
   72.626375339739766     
   69.841116259090768     
   67.972361855489709     
   67.106323225426323     
   65.267166034417585     
   64.774770431420251     
   62.876356568403324     
   61.280359310559234     
   59.353275025620604     
   60.004422780388694     
   56.989543245032216     
   56.715562828007847     
   55.541152715855972     
   54.518519099971130     
   53.466914633177041     
   51.485240914643839     
   50.542496453968141     
   49.228383603300784     
   47.177592060403036     
   46.219595379014237     
   43.913526568320748     
   40.641509797982479     
   1178.6350730015381     
   948.44471241767860     
   801.10605105784794     
   713.09277227172709     
   645.29498650989967     
   603.51336544355809     
   570.33210779427850     
   544.97997821573381     
   515.30978826983971     
   497.44089619708990     
   487.55898933394502     
   473.64977084729702     
   446.48529911457592     
   421.27117723308078     
   399.59527094633313     
   332.09322223947112     
   261.57981578267470     
   255.41931761407554     
   246.53148900609807     
   236.30226422936755     
   239.31607377268699     
   242.68273532925915     
   252.79817719444759     
   257.17702696037156     
   260.67971975077586     
   268.11686611540216     
   273.80505092776872     
   276.96826947546595     
   281.01501442535675     
   282.06727860024921     
   281.77777781988738     
   280.64808243082280     
   279.72968662371045     
   278.17217580310682     
   274.78843290559684     
   273.00671680658604     
   272.12036166773544     
   270.58494988232724     
   271.60856834112047     
   270.09768444358900     
   267.51813150288336     
   266.17251157227838     
   265.49644518897708     
   267.53313263670384     
   269.59979601983781     
   277.41051316435198     
   289.94085970799006     
   260.42935948379198     
   235.80451686517574     
   215.10789603051336     
   197.65066419681011     
   181.59050109075250     
   170.82308376105215     
   162.73539546643849     
   152.27600955165235     
   144.96470378706394     
   137.34199027699518     
   129.07574485193760     
   122.68771139534911     
   120.12320098153070     
   115.26566054240554     
   113.73190747658049     
   110.43045321628277     
   103.81160531281134     
   100.45451903357336     
   98.412655905711304     
   94.502626110559788     
   92.987902808033340     
   89.154966842254993     
   86.869588307849497     
   87.833207597742344     
   84.188942968574793     
   82.274790731563982     
   79.377114304447758     
   76.706655323826851     
   76.297852397374555     
   72.150791461110998     
   71.211220841061660     
   70.774808441376194     
   68.771354274689472     
   66.385569012408936     
   66.368146784293501     
   66.045102360053960     
   63.653680731534060     
   61.682276357748243     
   61.097086468296119     
   59.109323546858533     
   58.886045800513905     
   56.881375074595837     
   55.067274617930394     
   54.131541838631463     
   52.783182217678679     
   52.187038784444091     
   50.640405677065978     
   50.190002599267928     
   47.979071758254740     
   46.756409414853522     
   45.811322463611056     
   42.430911768209747     
   39.680318858476376     
   1221.2306769165762     
   975.08165708727347     
   817.29595776341921     
   721.49354469665377     
   656.07578752606673     
   605.53765327050940     
   575.04888670434207     
   542.38390610698184     
   517.28678085870570     
   501.29710583046062     
   490.50266815858038     
   473.94452745863703     
   442.78380721454346     
   422.97428276156387     
   390.91773815198462     
   323.24928690344944     
   244.46130805500775     
   244.39300004062872     
   235.37569098195934     
   234.27668015188243     
   224.34596107149110     
   221.36947596715106     
   227.98431580889223     
   228.81598701087123     
   234.30826511394235     
   240.57848113801998     
   244.21639887185870     
   242.59511321964791     
   247.53614210655718     
   251.61769758561573     
   252.49484244103539     
   255.51766581044458     
   258.45146347701984     
   256.84799080756278     
   255.39822994962427     
   253.79064209052433     
   253.28926422927816     
   253.08836714207854     
   253.62408038675977     
   251.80593798735481     
   253.61785232750708     
   251.70011581989581     
   252.83538241206696     
   252.91556025696414     
   258.26202652225851     
   266.88923004678020     
   283.74361228177412     
   260.11516146315950     
   236.55564366610460     
   214.55308583260387     
   196.36431829768495     
   181.13912953192207     
   168.72551342962285     
   162.77471842869642     
   153.45042819591313     
   144.24965966826687     
   134.74436876050612     
   130.00828467404642     
   122.99014494992178     
   119.37514759263908     
   114.29649690465837     
   111.51088405245908     
   108.54050190100487     
   103.59346918048961     
   99.453891039686567     
   97.166317366152029     
   93.507334427586827     
   90.521846664573857     
   89.129346261291147     
   87.341284590574929     
   85.978926308735055     
   83.084485819644570     
   80.083459955318887     
   79.344771244002871     
   76.998081252226697     
   75.182887609241732     
   71.063917302453007     
   70.310230247475374     
   68.319079587088112     
   66.992943805889894     
   65.992384022668787     
   65.849561861966237     
   64.966924381282595     
   61.980922775516873     
   61.988366537794974     
   61.667659119940922     
   58.864323666008772     
   57.133612478529990     
   55.046716035687382     
   55.087252892576338     
   54.249479797660250     
   52.607747650910568     
   50.898324655186478     
   50.142912717782991     
   49.512185568798870     
   47.623925834982224     
   45.567078117276012     
   44.115743123447061     
   42.357062254746026     
   38.417233196110345     
   1259.2019194605839     
   1015.0220496709281     
   841.35270012190449     
   734.72307907950199     
   667.30199589547919     
   613.08775265365477     
   573.28950294555648     
   539.04738545462249     
   513.73225562006382     
   496.83333330479752     
   491.03428852526054     
   484.96351457720186     
   435.81081858710593     
   407.54107700350676     
   382.10418534978237     
   318.52606850863373     
   231.93700555963503     
   236.84138940700279     
   229.40720751495974     
   222.21711430034975     
   218.42852516103042     
   219.88146812841455     
   214.96643351526680     
   217.93359849932136     
   217.60965376130906     
   214.91995510484028     
   218.50691866940286     
   221.44568192921508     
   224.68316875732867     
   227.89373564869248     
   228.31841041196111     
   230.17582588273410     
   234.72640612869975     
   237.06876447556036     
   237.38484710065697     
   239.69591816304629     
   240.11229736426600     
   239.54084649268890     
   239.16881533767804     
   239.03355857122884     
   240.14386626094279     
   238.20140464897744     
   240.05016275206023     
   240.41772951223123     
   245.85638386346099     
   253.38254827305133     
   272.61017853806027     
   256.87990935582718     
   235.78143822472134     
   214.61690588412998     
   194.89703588107244     
   182.66764266801525     
   167.94012176736007     
   162.37836794279224     
   153.28593705110731     
   140.02561974590864     
   133.50296324246349     
   129.58129683219477     
   121.05171352541518     
   117.71624231169754     
   112.20549633193833     
   109.00512655891467     
   108.18684234638533     
   102.01249011549301     
   95.680919083991810     
   95.937557713480800     
   93.450278235268698     
   86.966381021313936     
   88.256445744205266     
   86.184166117818052     
   83.986948364244867     
   82.224120469756741     
   77.742582420821464     
   76.311476595689300     
   76.019315561380736     
   73.339336435024762     
   70.476062290130159     
   69.202756159489468     
   67.843255622030156     
   66.345066902663206     
   64.391753637436437     
   64.205131039759806     
   62.739910954854793     
   62.055691993371781     
   61.473516905414186     
   59.948609228458764     
   58.816652209316786     
   56.815723519717068     
   54.737926308648227     
   54.459044722076911     
   53.008036056236236     
   51.966949111754971     
   50.654503327682683     
   49.007866022892209     
   49.080825807510180     
   46.071686024686230     
   45.047960076165154     
   43.891041088578874     
   42.259201727834110     
   37.811717204414798     
   1285.2260068124415     
   1053.9874101094026     
   874.78062541421957     
   761.12548378735892     
   687.80160527333101     
   619.27095992172156     
   581.10630743285071     
   557.12252188968546     
   514.37842873028887     
   502.19358136528734     
   498.59125783014815     
   475.41264739684914     
   433.01829963956840     
   409.62203443371357     
   371.06155103004596     
   311.61018716078939     
   222.39282752358795     
   230.04367841178538     
   228.09922113026121     
   224.88201680787029     
   219.86029357094159     
   220.64123825973377     
   205.27366989314095     
   211.58145803301491     
   215.20035201086978     
   215.87176033327796     
   209.63703651020774     
   213.76543811413922     
   209.87041036219361     
   211.48177134000474     
   208.78603500003004     
   213.16514440728474     
   219.38735573683152     
   220.33251278009541     
   219.32027931173823     
   221.52801939892072     
   222.22844697588545     
   223.38340213632983     
   227.40977815651726     
   231.06897103654640     
   231.53573859593888     
   231.63907989867175     
   232.39169335171042     
   233.80512242504696     
   237.77353893842337     
   241.72437423454775     
   261.29140431699915     
   250.55854345399052     
   235.37753193214826     
   215.89129176930865     
   195.49399671446963     
   181.39123182935393     
   168.83816337035191     
   160.34192071663961     
   151.87770648017067     
   139.23852156215631     
   134.74204031684400     
   132.04288292306700     
   122.39173938199903     
   116.27724800086584     
   113.11860726149926     
   108.75440074970116     
   107.98176577296533     
   102.96709808635026     
   95.893598953219779     
   93.453071653417425     
   90.852917626971873     
   86.913399423422987     
   87.810043473930904     
   86.376464581780908     
   83.481909850181580     
   81.813482478752988     
   77.366268962091326     
   75.103770451778814     
   74.788464994608006     
   73.234117282750020     
   70.827982713075556     
   67.639206284243784     
   66.449121533759467     
   64.805942078697029     
   64.454847705621660     
   63.435159267681016     
   61.254648087270709     
   61.678532925574224     
   60.320568309074893     
   59.430469331801298     
   58.533066915434787     
   55.752122752746857     
   53.764693877305213     
   53.392980564389610     
   52.990871195194700     
   50.886574511606284     
   50.406420217262713     
   49.051368057751077     
   47.269426835101825     
   45.617552929927086     
   43.582746620781947     
   42.413980968666607     
   41.111448678979144     
   38.165314955644178     
   1323.0410812976991     
   1088.6598379820155     
   900.04298784373248     
   780.50741786784806     
   709.15537249114527     
   633.55483533444260     
   590.22919415526849     
   562.36724031854919     
   522.85281363599745     
   499.57005270943785     
   491.04747534267250     
   482.78256593437061     
   435.51712809526322     
   393.94275318878806     
   361.92982758579910     
   297.98845746117894     
   219.12052527191025     
   226.48621385990458     
   228.72909898956689     
   217.42670712198219     
   216.85210609876896     
   213.59186616024101     
   212.69963104477290     
   211.37619124064781     
   210.93885845217167     
   207.07154767201496     
   213.78136566095435     
   212.12615401437893     
   198.14278755266031     
   198.03878768956577     
   207.01017426699192     
   210.21468546005977     
   212.31265933990971     
   208.49403621482227     
   211.43585710399381     
   213.59281213150317     
   212.38394026974254     
   213.62220766489281     
   218.97536437877361     
   219.46062873510101     
   222.31224732372024     
   225.55276561883764     
   224.64939565452789     
   225.09239394270105     
   228.43802437039946     
   231.64250444587714     
   251.13631116873538     
   247.78719400564526     
   233.82190377548284     
   217.10922509529360     
   196.65382950303712     
   183.19099611564167     
   168.18419024852540     
   160.79568172009945     
   151.33619062720851     
   136.86197550423930     
   136.46752981141015     
   132.94302868336547     
   125.12658294177541     
   116.34931976880185     
   112.83604695030775     
   106.53319729355368     
   105.48234279291744     
   100.77253328820595     
   95.576135874499755     
   91.881096200128070     
   90.794691655448460     
   87.650309711236844     
   87.238039663036119     
   85.384342894921332     
   82.820919267461150     
   80.915399265958754     
   77.760147109436815     
   74.442737649459886     
   75.123053021173675     
   72.439143229262982     
   70.135485348541806     
   66.997367538275597     
   65.952563486272865     
   64.646608774575441     
   63.735688465101354     
   63.411357457529192     
   60.253040381121778     
   58.909134311317196     
   60.577699822844622     
   59.292500331995683     
   58.382506520215642     
   55.827828425596223     
   52.860702878027496     
   53.028733679982949     
   52.227464762354032     
   51.190065176208407     
   49.640106909834735     
   49.293352893602226     
   47.334031262601734     
   45.399590705591777     
   42.776530055869891     
   41.886644841352869     
   40.742244171639484     
   38.815773115927236     
   1340.4966631192738     
   1124.8266330309946     
   932.86545089555511     
   803.92874967764953     
   719.41122952096828     
   656.37783254237797     
   594.40197963088622     
   551.48087348794388     
   523.96044440129674     
   515.78005780881301     
   480.91274907147840     
   490.37479213999836     
   426.07244191337253     
   408.78745758279018     
   356.66071119113127     
   285.87467270512161     
   209.99378219873458     
   216.88704341536641     
   220.05084435096083     
   213.46416058338346     
   212.07672873681528     
   211.31449979769536     
   214.94324166601996     
   210.79472806492748     
   211.45964455130900     
   209.00244077490407     
   209.14504857188831     
   210.40718453666335     
   199.95006534690430     
   200.50100404980509     
   202.57388527159492     
   204.86410744404373     
   202.98452955906964     
   205.51495841799030     
   208.49709613780794     
   208.88842464390328     
   210.09276008949271     
   208.39784086627901     
   214.64333759154135     
   216.00235154997424     
   216.70794155350083     
   219.62493744182808     
   216.65715903369835     
   219.51058037551326     
   221.64530537789170     
   220.66106459893263     
   239.81175764046566     
   243.78146104119978     
   231.19891105008998     
   214.96278393546464     
   199.01703602086155     
   184.44410006730291     
   173.19370457943239     
   163.60213779169430     
   150.38976183784646     
   140.68045147717967     
   133.65189941379361     
   132.31389039700005     
   125.91247545402783     
   112.82121651970621     
   112.30301452830354     
   107.85236260680560     
   106.10000006036529     
   100.94385366709510     
   94.774618790807182     
   90.391465335904186     
   89.245748846479216     
   89.816381407755330     
   87.959003075080048     
   87.179000997814484     
   81.565367744306940     
   80.724230367365607     
   75.650082606624920     
   73.942611783191992     
   74.609938364815093     
   72.020813122606484     
   70.335793343325790     
   66.257101979757238     
   65.501523989633611     
   63.989999198270745     
   62.991179628739275     
   61.748858486314191     
   59.925025954070655     
   59.309042058075086     
   59.310012429304550     
   58.383433657776663     
   57.229654401227783     
   54.707013587408099     
   52.213854235656541     
   51.967704707953303     
   51.237508154611604     
   51.401410643882855     
   50.275112875147080     
   47.951590223650456     
   46.803164941180668     
   45.361223656354667     
   43.120151364131303     
   41.130463944066648     
   40.395990276127051     
   39.323717706091202     
   1349.3894328663825     
   1146.0164677959515     
   957.10772153714061     
   827.28745284394881     
   723.95792848331700     
   670.08522305086012     
   609.57161221317619     
   572.10590434024743     
   541.40882837968047     
   531.42510646078642     
   492.78921188469826     
   479.18871568039316     
   437.26169639746331     
   426.94062446417024     
   364.46516884746615     
   261.97198922411809     
   202.72978554990667     
   207.99863479257766     
   213.56642108156333     
   213.74698090931960     
   209.65738098985321     
   209.88578735895430     
   213.26109168112959     
   211.58987783356986     
   213.15530434070453     
   210.73564884156514     
   203.75874633956275     
   202.93859374125464     
   202.47328079971999     
   199.58434754773049     
   197.73663728559634     
   201.80799274128384     
   202.61778855405203     
   200.77811527193947     
   208.68683697250597     
   203.91814020265565     
   204.79332347857780     
   207.79795853258562     
   210.30021887200084     
   211.71247277613216     
   213.41706607810661     
   213.12991855086347     
   214.86163733689961     
   216.00817356756392     
   218.14837901501852     
   214.32475943526029     
   228.90652191350972     
   243.90053323598801     
   225.44132607825114     
   212.67815703064508     
   198.71178542674400     
   186.57751167728861     
   176.95696674875131     
   161.95366997456242     
   151.51887393979152     
   140.37591587265408     
   132.60400970115586     
   131.45714176143503     
   127.44997980346085     
   115.47329062467887     
   110.06838189726524     
   108.34922286461575     
   106.49728446859164     
   100.10444597028746     
   95.074841080477029     
   91.584158804291405     
   88.725115590059374     
   87.500336869794779     
   87.669202000364066     
   85.350113875270679     
   79.531045787319329     
   80.342218736660584     
   74.716527342616999     
   73.537320937855043     
   73.207399414619630     
   69.832471340188079     
   68.084824583048601     
   65.399497757724077     
   65.240041818447523     
   64.621985908619706     
   62.876700485862287     
   61.450645038926353     
   59.939756437125581     
   59.908281873412704     
   59.688341892536272     
   58.626781540575152     
   56.982842666010441     
   55.294899982027630     
   52.082527004652420     
   52.376813881747957     
   49.966101303116901     
   50.938384483286519     
   48.926345800609276     
   47.487631182051572     
   46.682484970745890     
   44.572229060355795     
   43.292918099124257     
   41.211570105694825     
   38.996705165255385     
   37.866014219341778     
   1347.4708090719951     
   1164.4751372587241     
   984.59675089010705     
   868.55252554791036     
   726.81066882337075     
   667.31195402333458     
   594.49723259286259     
   553.54490839251605     
   541.41921425430928     
   528.53207981412879     
   510.69237378263227     
   480.72529775987903     
   457.63841801882722     
   413.66116252030429     
   358.58257140431556     
   247.48009817446248     
   204.55966223331200     
   206.15012846804569     
   211.18225599292174     
   209.46994536693424     
   211.13949079435940     
   207.49349089231717     
   214.51709941077456     
   210.23074798680224     
   203.17240991085424     
   206.67380149690362     
   201.77871003014758     
   200.92027919281927     
   197.55689540636263     
   195.65128728304853     
   193.23172386886597     
   205.30959608512654     
   203.78605495263295     
   203.53605559857871     
   211.61850478219458     
   201.45110583717519     
   203.47841041250169     
   206.76439606925999     
   207.86853002032620     
   211.62770820880490     
   211.77661661420331     
   212.02153470855399     
   216.59704748569780     
   215.61926509833611     
   215.23099771678807     
   207.39921723288626     
   220.97633892859625     
   237.46800280951535     
   224.16029093105476     
   212.11708613492263     
   200.86609732279399     
   188.20263598280573     
   176.52770866789206     
   162.08015721904303     
   149.37012645988943     
   141.83598295770469     
   135.81391355735104     
   127.80136004850461     
   126.56649829255456     
   117.68946007668733     
   110.04812309028431     
   107.88804651900287     
   106.87333947753673     
   97.676871052432460     
   96.096184959295556     
   91.943173310895418     
   89.576322413200657     
   89.680076509327975     
   85.305608152367924     
   85.739311942697341     
   81.118833859194325     
   79.574335569976014     
   73.455778638131761     
   72.585944336135356     
   71.522772179607884     
   69.785587881966194     
   66.626742112218551     
   66.294391469566108     
   66.113461192457905     
   65.340176929144604     
   63.476167577667297     
   62.545804554102801     
   59.925142110032120     
   60.376994826880818     
   58.595225566997613     
   57.962942058768625     
   54.714991310244450     
   53.497172898161217     
   51.684603148352920     
   51.572813134771806     
   50.092822556503648     
   51.120196937480358     
   48.053255069044958     
   46.827645709358485     
   45.218880729329300     
   44.387740824312282     
   42.598634222093771     
   41.212558834100072     
   38.397300585664091     
   36.904782345331533     
   1353.1828454271190     
   1193.3834933065407     
   998.30356166690763     
   888.62981940097325     
   754.28779629750898     
   682.18435409399740     
   604.34874092451776     
   569.31107099348037     
   530.44118874923856     
   505.56642088864243     
   497.09440804324572     
   489.11259046144784     
   449.87847603824008     
   422.58126651746932     
   356.87802823423550     
   237.22097544761226     
   205.93196981686657     
   205.69815355183079     
   205.06932370108558     
   217.71199901075497     
   206.57752744493132     
   212.22994796342766     
   207.46661332969350     
   207.70919905202123     
   200.36976139845251     
   203.03652716764961     
   204.63334147097822     
   207.37816220831471     
   203.33822816731347     
   195.47509217195375     
   201.38672483122039     
   204.22373482500714     
   202.60981927242835     
   202.80109405757719     
   203.45368464111166     
   203.46561927452206     
   206.88341825458593     
   206.21121945973874     
   205.13402365847617     
   208.68983009122655     
   208.97826551167560     
   212.52934351568075     
   214.08143599113785     
   214.52671684609467     
   210.43721033387993     
   204.75274121035898     
   214.84054905291839     
   230.57748901193872     
   219.29860645008972     
   211.03864026967966     
   198.17511515170881     
   188.20900175013008     
   174.50187137709057     
   158.93567584456650     
   149.30074674467002     
   142.58430576290246     
   138.27295443850323     
   130.39710892486585     
   122.29512376586958     
   114.11684452756563     
   110.18136461313335     
   109.76029208989829     
   105.60365050167314     
   94.387979342772468     
   96.574338815076530     
   92.577215588544917     
   90.896600715099126     
   87.223696270738429     
   84.185038720716051     
   85.848460148721131     
   79.994197737471040     
   77.844516536656172     
   73.159190587638193     
   73.623710080018782     
   72.135636747695315     
   70.370378506072626     
   67.746545213271162     
   67.223068709888921     
   66.222105191959642     
   65.376056866587760     
   64.285041854379585     
   62.862709268876273     
   59.646390471153396     
   58.990447284743482     
   57.883440220751801     
   56.953852521756460     
   53.472324542784769     
   52.973967295396029     
   52.008189221466210     
   50.053552066077749     
   50.098559718429065     
   50.688394176137294     
   48.208712218129421     
   46.297161608162114     
   45.009028473398615     
   44.152835516043446     
   42.211080779008796     
   40.319423642750493     
   38.543713153661166     
   37.145168944139471     
   1349.4728900404320     
   1205.2596738702757     
   1022.2694025081322     
   901.51023752729725     
   776.81118485188892     
   721.45161384917174     
   632.75697010633212     
   565.98743606575124     
   517.57002299382248     
   518.70369807710676     
   478.49759739459199     
   464.57152096592074     
   449.63577420978714     
   430.80249613719332     
   357.76505467814894     
   258.72353420354943     
   206.40674921478629     
   205.88183859949015     
   205.53564430757990     
   209.72676912255710     
   214.46191967262388     
   211.23013080725025     
   210.67836729561864     
   207.76340046586694     
   202.10715864106629     
   204.84458836183541     
   199.46040500483201     
   198.21144809572402     
   198.19112234912245     
   202.17524823834501     
   202.64755813776486     
   203.12515539901011     
   202.72365627030871     
   201.99538275327399     
   201.33790830426923     
   203.33788377093126     
   205.04378803739161     
   208.69346480353335     
   206.65629990818354     
   208.05034241831521     
   209.15224536101715     
   211.23511041813111     
   212.63450845261593     
   211.75124791998897     
   209.53717351943067     
   200.54958231089904     
   203.54448384303851     
   224.20386390475946     
   220.21656937373461     
   211.01186350833530     
   197.53873780145628     
   188.18460409673148     
   172.68918986027495     
   155.31337413970218     
   148.30451874238759     
   144.51101754617713     
   138.77066401752037     
   129.59525002058024     
   116.98672531933644     
   111.68309857368551     
   106.98163212180521     
   107.12953809225687     
   103.84081708507586     
   95.506753369251484     
   98.554059534006598     
   92.853520484936467     
   93.899284304730145     
   87.948380422223778     
   82.498045846879876     
   84.920503573816887     
   79.448949482110862     
   75.491527491000255     
   73.670965395536456     
   70.357940149101054     
   72.534254113525094     
   69.590858412799449     
   68.935061690362943     
   66.709646830570847     
   65.565508150412001     
   64.083974873868954     
   63.314349905111769     
   61.266669367288742     
   59.443625555601713     
   57.852968785242005     
   57.872541070988028     
   56.208875979380302     
   54.055465843544908     
   53.102796795443247     
   52.141907918078978     
   49.527678232798394     
   50.207848737365417     
   50.210771537792517     
   47.250148433352976     
   45.871183801625754     
   44.388666280104104     
   43.679565261589168     
   41.744498134441258     
   40.129049080607963     
   38.645456338033171     
   36.755680854932997     
   1336.4942589599618     
   1187.9809018537394     
   1034.8441206718223     
   932.94389112949841     
   803.63037300367841     
   749.18726707755638     
   651.99398975538725     
   554.55957030486900     
   526.66172139434309     
   526.22302969081522     
   466.52195379664204     
   455.19607080267758     
   460.43017160351383     
   444.99748692937612     
   350.11332534018447     
   251.73123570379752     
   188.09873695486286     
   204.12524612124571     
   205.92339731706943     
   206.71905836046002     
   207.67454329694598     
   206.39273264308093     
   201.34606415524297     
   203.22528513462629     
   204.64567783705951     
   199.99115600744020     
   202.38704167817497     
   196.56467601613437     
   197.09961841127804     
   198.07999148590520     
   198.76126339047295     
   201.16147225511892     
   204.49972957648657     
   204.99460191388064     
   202.04555706280979     
   200.76238548423854     
   205.78251543004933     
   206.09026864379052     
   206.45903557298024     
   208.81351713005824     
   210.04324468283505     
   211.25093067456950     
   212.39836386237261     
   211.44281528140283     
   208.09654835121219     
   200.22217640329282     
   199.16679438899661     
   218.05452338763794     
   217.18672259725003     
   205.89154076224793     
   195.77892524882316     
   187.20310073232429     
   174.93505236285009     
   156.83996119713720     
   150.68193436840176     
   144.92834156119449     
   134.45184691701337     
   125.38587988945248     
   115.94223910388462     
   111.18835269881822     
   104.26074408612052     
   101.47482867270696     
   102.93181375206561     
   97.660853200389667     
   95.619507768016916     
   90.971957909452797     
   94.968751402482042     
   89.046086604893361     
   83.617502823323875     
   83.956435680036790     
   81.522391984136590     
   76.353451504749628     
   74.208600758984261     
   71.354636835905140     
   71.812208565952147     
   70.433136500334854     
   69.208129454942991     
   67.654524672768275     
   64.127147080748529     
   62.661992962899383     
   62.401007090446981     
   60.229409571415403     
   60.151521228868368     
   57.686102109212868     
   57.699046705043727     
   53.936968871088681     
   52.834978040153004     
   53.115210763661217     
   53.015968234655730     
   50.341686947520657     
   49.581804974880768     
   48.697633044504514     
   48.778751837504117     
   46.663488693311933     
   44.549529242787777     
   44.004665671735900     
   42.080694474974351     
   40.366554281206994     
   38.639231525243275     
   36.468736653518199     
   1361.4340929474017     
   1181.3722538708739     
   1021.2381795930314     
   935.95856668832357     
   809.27522640481743     
   756.11977688690979     
   677.11961135642116     
   587.15207490755870     
   526.72400660159076     
   498.58986577765222     
   475.42016284523561     
   462.91529042689922     
   467.46361842581200     
   446.79798846883352     
   336.42308958728438     
   218.46208771530152     
   197.42153595485948     
   199.79396424721534     
   209.81515742134889     
   204.07808468268189     
   206.58512603963268     
   206.58791052822232     
   201.94298212705985     
   201.32971292296935     
   205.79252013783383     
   198.56442188310905     
   195.90830849520719     
   197.89849709167902     
   199.94333925419764     
   200.36939196090685     
   198.32173050976016     
   199.00848965412064     
   200.40321839245405     
   200.66376853065105     
   201.49693538376954     
   204.50061518596129     
   204.91809971977199     
   203.50556056121337     
   207.45360107537056     
   208.19601974307261     
   211.31041908869764     
   211.29971746783721     
   210.48197883155646     
   209.71011432404705     
   206.21075887929871     
   198.71763090157327     
   196.37850385391297     
   215.01664325711610     
   213.26846954225627     
   201.96550379065982     
   193.20313910249200     
   186.80360016323215     
   175.73430209458871     
   158.09552564817150     
   151.69163071722332     
   145.98761763499297     
   135.69151346888975     
   129.72697326539259     
   118.15722917998397     
   112.42050335256970     
   100.38884683700878     
   103.53632998885581     
   104.56716053042125     
   99.192034038558219     
   97.149851404364298     
   91.724172356083358     
   96.260099250510820     
   88.634947722371066     
   84.343852764347005     
   82.671598498311752     
   81.013686186272182     
   77.029442452175743     
   73.224623918518716     
   71.582010404932177     
   72.776642418337275     
   71.528505846061492     
   69.924853400225999     
   67.998327245516464     
   63.108273346885667     
   64.246787022518134     
   62.609203302174066     
   61.093221256258971     
   58.953947274854883     
   58.403062002715103     
   57.680606796500172     
   54.892600289133398     
   51.942810607235749     
   52.640091266099837     
   52.924632689181720     
   50.988062180969109     
   49.883863746642156     
   49.245882569233579     
   47.466461939646166     
   46.658624227874050     
   43.506785577462885     
   43.106689741829612     
   42.239086764782286     
   39.715921740652412     
   38.513777472122285     
   35.538342710680574     
   1350.8196318235377     
   1160.9330820928817     
   1046.4829461943564     
   942.92604307798638     
   809.48270795638552     
   747.24360869758902     
   662.76882633688524     
   571.58710550766625     
   531.51127057881513     
   490.99941739823225     
   488.90767500384413     
   485.70681397103556     
   495.41989261135234     
   447.07309035658034     
   343.97730410534837     
   224.55153089671271     
   206.33221022482141     
   203.90912261422122     
   201.04647097729375     
   198.05545840196825     
   209.75989032801829     
   204.15575793385605     
   202.95051385617455     
   199.71796058780535     
   204.88027272305368     
   193.71001914402436     
   195.97830833980925     
   199.80399331628402     
   195.51926542144162     
   197.54172227322570     
   197.30041645610544     
   199.42363074713538     
   198.67752572101449     
   196.16670265739612     
   203.31563561310230     
   206.41711398986297     
   201.39314515286446     
   202.70632303051940     
   205.28782227857113     
   206.38207722539926     
   209.55522150592972     
   211.55943191115779     
   209.88800644185733     
   210.08190538861879     
   206.68551874538500     
   199.09384226230108     
   198.49719967641715     
   211.59685240733083     
   214.28569551997390     
   201.65201093515572     
   195.22709417291949     
   183.44011134645436     
   174.11157969190356     
   163.25055574568597     
   150.58939523717652     
   143.40189600537363     
   140.52654416190634     
   134.85618468593677     
   118.49104989783450     
   112.84866374597510     
   99.292885900583158     
   104.33342606171911     
   102.78626696684719     
   99.778025737700702     
   95.958707170455483     
   90.246147480740461     
   94.770351687262675     
   87.630099856095711     
   82.662650435903529     
   79.726925061895443     
   79.354937182162047     
   76.862220394733015     
   72.842280765748711     
   72.218673251647843     
   74.735721056486980     
   70.563332140821487     
   68.495358206846433     
   67.561808438185352     
   64.625676284779018     
   64.037564323555813     
   62.212476895989759     
   59.435335773962116     
   59.211766955976657     
   59.015652045254328     
   57.660228821389943     
   54.242139539716277     
   52.915657979854927     
   53.365847223727357     
   51.356261877099115     
   50.767810500184964     
   50.748778382860166     
   49.239253469545986     
   48.451985364303290     
   46.854611254965072     
   43.273517195909804     
   43.237126773254154     
   42.843545180318408     
   39.283114513207671     
   39.085411829673632     
   35.934963169403666     
