           1
        3200
           1
   932.39811900888515     
   883.49164247109343     
   848.81144466452429     
   820.25675770170369     
   797.41484544802370     
   778.21410589502796     
   758.63390719995220     
   741.61164231616920     
   724.03977375379623     
   707.50067912191776     
   690.37547511716127     
   674.81958255995914     
   658.26487100121324     
   645.40336416807850     
   630.44577009651198     
   615.24037789256272     
   599.03665905041123     
   585.76077338395658     
   573.39608482706876     
   559.37444179648367     
   547.34460977163280     
   534.26851374817716     
   521.10988822486433     
   509.17476944277166     
   496.63204431305098     
   485.13854886788658     
   472.81514255390152     
   461.34080957592005     
   450.10224153828369     
   438.16169998015971     
   428.18635430526314     
   417.63493985899424     
   407.54264912509734     
   398.45511147335901     
   388.95062699327366     
   379.87124798951942     
   370.82004340036394     
   362.54678852275833     
   353.95302051399142     
   345.78357636016483     
   337.88555724535644     
   330.87178778283561     
   323.56550140749971     
   316.25746905080752     
   309.08350576555972     
   301.73569294287847     
   294.87963153093534     
   288.27519130407768     
   282.02373192690692     
   275.81366888274658     
   269.51597785233832     
   263.62927453311579     
   257.85246775427265     
   252.01951362460971     
   246.60790980537075     
   241.55985889315480     
   236.53519104570654     
   231.54967319398469     
   226.69899673815775     
   221.78490607774643     
   217.23410270131617     
   213.04250520950615     
   208.87134971120469     
   204.75313677254144     
   200.71726814716433     
   196.66154998173090     
   192.68799145028527     
   188.83184867023488     
   185.20397014918950     
   181.49437370291864     
   177.77946493874040     
   174.33220716731728     
   170.89774226965312     
   167.61345589018143     
   164.28664063037914     
   161.19885652751037     
   158.19621381437443     
   155.12447575055714     
   152.20224165513960     
   149.34675125683415     
   146.49902575271562     
   143.65083550705302     
   140.86139925283410     
   138.22844327941596     
   135.54731742266821     
   132.97595504182499     
   130.50718836669466     
   128.11412830971605     
   125.77769254537765     
   123.41345324730388     
   121.14635777525025     
   118.94378144899034     
   116.70857428262474     
   114.53301666051946     
   112.39821209231248     
   110.30415746667352     
   108.29697162137037     
   106.28768418110887     
   104.30353367749311     
   102.39867652964544     
   949.97848398849283     
   922.45130277887620     
   886.87521393200461     
   852.55981299202131     
   823.70009621286658     
   799.98292893084795     
   779.55016249426194     
   759.68654767628800     
   740.97922321603244     
   722.75309407544978     
   705.60699978131504     
   689.64754329660957     
   673.83233976137933     
   657.29916458553453     
   640.16409981858840     
   624.95604099737523     
   611.53779100224858     
   597.40653573944564     
   581.16162680296418     
   567.66889362473307     
   553.62695615971245     
   539.39798499592666     
   527.43857355216880     
   515.38591433854708     
   502.04994846768528     
   489.82469661358698     
   478.43129729840012     
   467.32669801839950     
   456.16129132782959     
   444.62948606471127     
   433.46339607666044     
   424.30724582685036     
   414.76832913606989     
   404.36353613448392     
   395.44245097865621     
   386.36968772439570     
   377.55453570907207     
   368.17444266906784     
   359.45008327675407     
   351.11135919299250     
   342.51807478741819     
   334.58295260922046     
   326.79671911598172     
   319.19006551114990     
   311.77856623136040     
   304.68092226317845     
   298.25191164416503     
   291.71095061106564     
   285.03012391488784     
   278.39766789967490     
   272.69719201202355     
   266.53305938065813     
   260.45017987770785     
   255.10770263261401     
   249.58794778029534     
   244.40889460284603     
   239.17906727919615     
   233.98598670107168     
   229.09107352565718     
   224.49395635077101     
   219.90582970263665     
   215.42348744886829     
   210.95531513790522     
   206.47110978119906     
   202.20367657974825     
   198.16782580206504     
   194.12359818929565     
   190.32305524162112     
   186.50359722545750     
   182.83186204482871     
   179.24424501727401     
   175.65412172362807     
   172.20174933667568     
   168.81316147260324     
   165.49947841608568     
   162.39669444532777     
   159.25554820280519     
   156.10045199442479     
   153.05186644780738     
   150.16784364889895     
   147.24355304203831     
   144.42122928637593     
   141.66242363208670     
   138.99372261977152     
   136.33216969997375     
   133.74377017562662     
   131.14542539487499     
   128.69775270431796     
   126.26282292171052     
   123.83408217480019     
   121.47881609166086     
   119.17923251141018     
   116.95203374048347     
   114.75257185302809     
   112.63048016697206     
   110.53140051896398     
   108.50955656672252     
   106.46810671604518     
   104.50881620233075     
   102.61190243608061     
   954.29597279168502     
   929.99682877822681     
   903.53782340304110     
   875.40418543468900     
   847.13408878427458     
   823.05161610170353     
   797.61635971470082     
   775.98534507131137     
   756.44477774894597     
   737.10953350268983     
   718.19508801504094     
   699.20898440611734     
   681.92423913351172     
   665.69910780945042     
   649.64549024274470     
   633.77807552614865     
   618.91964141021094     
   604.18621069458584     
   590.87294097811127     
   577.62595047823436     
   563.19388668087072     
   548.52872586605679     
   534.71442616295951     
   522.01058846292881     
   509.18308482677560     
   496.29580157110951     
   484.25358586381446     
   472.33534776927416     
   461.76212938930894     
   450.55145661238214     
   439.72805631787946     
   428.62671498564373     
   418.38851689587642     
   408.39324945133365     
   397.89406067619115     
   388.04622923509464     
   379.19681464847480     
   370.59725927943271     
   361.74876583341847     
   353.06178927964044     
   345.14480698300190     
   336.95081197602906     
   329.19298270170339     
   321.40238632571101     
   314.19733175878963     
   306.74504473411957     
   299.76127477497346     
   293.03391529897488     
   287.01829073227151     
   280.78560961885063     
   274.75540272297189     
   268.71768498455282     
   262.71391161504584     
   256.85431325120766     
   251.40664674065903     
   245.93170840609440     
   240.72197576757981     
   235.59583891776919     
   230.54588446216150     
   225.42452487160159     
   220.62458750855325     
   215.99595181186459     
   211.51249204707759     
   207.10487442100134     
   202.94658993291293     
   198.64948950294018     
   194.62144996262785     
   190.72162452997230     
   186.78862242250361     
   183.02137451014556     
   179.29080088808817     
   175.81338070535310     
   172.28776575839859     
   168.91602834795736     
   165.63087516436329     
   162.41811196858728     
   159.18799909838731     
   156.05834748931255     
   153.06131972845677     
   150.14373950000862     
   147.15279250848425     
   144.32806311093037     
   141.59254510581735     
   138.94556312833299     
   136.31874531643817     
   133.71205111593846     
   131.19763021936043     
   128.67920419721491     
   126.19883967485629     
   123.91765462619136     
   121.67201749052256     
   119.37336816677639     
   117.15270812091526     
   114.95756566608966     
   112.82842501857459     
   110.71044549832513     
   108.68378627830857     
   106.67776429687946     
   104.71064221133931     
   102.73949429462745     
   960.50522638142809     
   934.81315855555351     
   909.65837423966263     
   886.03824184369330     
   863.35022895647637     
   837.68135082309777     
   814.71632216843432     
   791.23526565257930     
   767.97748124100156     
   748.29792193666390     
   729.52114139128969     
   711.11286147761655     
   692.27997676312111     
   674.58854928737901     
   659.10691068276094     
   643.17127493518683     
   628.44168793616097     
   612.22189653145426     
   597.50352954293510     
   581.27850485676254     
   566.42612910901119     
   553.01569814735012     
   540.63821989449252     
   527.02239267181335     
   513.96350909998750     
   501.93645429601577     
   490.05242215237570     
   477.84890060076441     
   466.17609089095089     
   455.80449212146027     
   445.19856660280675     
   434.45326675935559     
   423.12183847960426     
   412.39447986801440     
   402.18119739662023     
   392.82466730718613     
   383.69443313699679     
   374.66873639601454     
   365.99923636253482     
   357.88005005482660     
   349.67517080637685     
   341.17723902382909     
   332.99902380150684     
   324.79086168493779     
   316.75822423430390     
   309.65592741854181     
   302.47231520428147     
   295.46597714497443     
   288.40232555474870     
   281.79836751668557     
   275.23670657168316     
   268.99722656197486     
   263.15092950572853     
   257.09013378757709     
   251.35227987273723     
   246.08106659337295     
   240.56345281870182     
   235.61938846956102     
   230.53516255674754     
   225.67405480542220     
   221.04429613190445     
   216.32285123179634     
   211.86848226714523     
   207.46508717615330     
   203.09769686030467     
   198.88463988267804     
   194.88303569443858     
   190.74815038868965     
   186.78335779576139     
   183.08659507669276     
   179.49596739396915     
   175.91207533266777     
   172.37189025873366     
   168.92637558472109     
   165.59393679579131     
   162.38494568780703     
   159.19055266808158     
   156.07577810439142     
   153.12155056390307     
   150.20157832189238     
   147.35736110652340     
   144.52954787601550     
   141.70681186181559     
   138.98575469048103     
   136.38997714899105     
   133.73682449208744     
   131.22540466493086     
   128.71540458739003     
   126.28884073533973     
   123.90521179122361     
   121.52611317559878     
   119.21471681793795     
   116.91713082543518     
   114.68142725577729     
   112.56507629683358     
   110.51353829752496     
   108.46148269381366     
   106.45299736384258     
   104.54946922854080     
   102.62047152957317     
   964.02002839862098     
   937.92417407373773     
   912.91548309959785     
   890.39353995926263     
   868.53492002609119     
   847.48723106740772     
   824.07264133654098     
   802.24191079205877     
   781.28321497156776     
   759.92111099181841     
   737.53224707847562     
   718.89322931342497     
   702.53959138658513     
   685.24026571237857     
   668.10901585421880     
   650.83281493374602     
   632.65762311975777     
   616.60950479469113     
   602.01972690240211     
   587.31092963919821     
   573.59483910154052     
   559.94286816402916     
   545.95486569747868     
   533.13137693758290     
   520.33561603037219     
   507.97658108825158     
   495.78396767457190     
   483.65956087471648     
   471.39355193398723     
   459.98734804538589     
   448.70934276556989     
   438.63364716792148     
   427.78496787956999     
   417.11394125843560     
   407.39749857018109     
   397.04205327946920     
   387.18747749244278     
   377.59749332019709     
   368.51740938747702     
   359.41765647334148     
   350.78697734862760     
   342.26970154541203     
   333.79658033699747     
   325.62604845295954     
   318.22990229063379     
   310.63450344183514     
   303.03308432396864     
   295.74032199823000     
   288.76800237273358     
   281.86507335146746     
   275.18895520518913     
   268.62283293276846     
   262.57658607904193     
   256.67539875740420     
   251.15092228488680     
   245.46871704979861     
   240.33093102274321     
   235.15065870595600     
   230.00820153434978     
   225.03079180788404     
   219.93925509579859     
   215.43279922188660     
   210.96810756472570     
   206.66580004795205     
   202.21614766813985     
   198.18352929491746     
   194.10758544026726     
   190.11758458520234     
   186.21368465140145     
   182.45325918801197     
   178.83990782081918     
   175.32561027047041     
   171.92163628575585     
   168.48618985096448     
   165.21226420042740     
   162.08308774941989     
   158.84516173493475     
   155.79622775299481     
   152.84757448921104     
   149.91506855462347     
   146.88531131660142     
   144.07610586461340     
   141.33733482718895     
   138.66619133995059     
   136.04135206183190     
   133.48533939600807     
   130.98984551887659     
   128.52347605595665     
   126.10213599834030     
   123.71783101915086     
   121.42681279776762     
   119.14967604403542     
   116.91241568529870     
   114.70800410811808     
   112.59733997122346     
   110.50637306973074     
   108.47379125280729     
   106.44326122743654     
   104.42313309327723     
   102.48395954943118     
   967.44639937358909     
   940.93493335960716     
   915.40185635690636     
   893.68405711564651     
   872.94005598099159     
   854.14394463837937     
   834.54561837068002     
   811.82204714092654     
   790.34904345850055     
   769.50725061231890     
   749.88679733317349     
   731.03452849976225     
   711.87574807501255     
   691.93981053556786     
   670.50635431821854     
   653.40404602882165     
   637.73698619304162     
   623.72029091458830     
   608.85737334607620     
   594.00138266912336     
   579.92083974175330     
   565.30498289202865     
   551.82874780687507     
   538.06046467398437     
   524.90928158951851     
   512.20537301541151     
   500.42138650889939     
   487.81402929686487     
   476.24508560012509     
   464.18857742620457     
   452.39529515540903     
   440.89621583564849     
   430.55783972884535     
   419.51371431726324     
   408.78943932659570     
   399.16065371606027     
   388.97630916481143     
   378.75561800958508     
   368.69724802143753     
   359.13481483817588     
   349.93879202785132     
   341.05352464605767     
   332.56238150266296     
   324.57071931749351     
   316.95148087295178     
   309.09981820310486     
   301.75789028744919     
   294.47626064661154     
   287.69251599564143     
   281.37378727767253     
   275.11102016112574     
   269.17631469890119     
   262.98537644587685     
   256.98051260958988     
   251.29329441770608     
   246.03097862042750     
   240.75033485261895     
   235.41732691458103     
   230.15091439624291     
   225.11614838627423     
   220.26132682157402     
   215.70038186952232     
   211.16716102814610     
   206.68658720064190     
   202.39562276149246     
   198.21079082744876     
   194.18988556149853     
   190.25330007805044     
   186.42856741243071     
   182.74932273838363     
   179.00852035820247     
   175.45392790622381     
   171.99107654760280     
   168.63611436679989     
   165.35591348831016     
   162.00282794751581     
   158.70596768210021     
   155.56952416078644     
   152.56708656392985     
   149.60744175481486     
   146.69724783268128     
   143.87803091322476     
   141.08126626067701     
   138.36574158864292     
   135.75174912540393     
   133.13940718280128     
   130.58710511587842     
   128.15833702578897     
   125.73156203564153     
   123.34791137824077     
   121.04268182358848     
   118.72525377239639     
   116.49578923235731     
   114.36394685948360     
   112.27201526369700     
   110.18185214119617     
   108.09115450717567     
   106.06877542165519     
   104.09381369782471     
   102.16494677753845     
   971.44284434071392     
   943.59164275207922     
   918.17139999726714     
   896.45163279310714     
   876.84440098260529     
   857.43480382796520     
   834.67031263696811     
   814.51346011244300     
   795.27520815829598     
   774.45964326427884     
   754.95588420964521     
   734.88860362218611     
   714.73514056737827     
   697.03643848884417     
   682.91645875716517     
   665.58649240743944     
   648.78671700804273     
   633.43633367973723     
   616.52690557125504     
   601.85848063032984     
   587.35899959058361     
   572.07318365319668     
   557.19690396718067     
   544.22447390473076     
   530.34976106751026     
   517.50221820411139     
   504.38424555883438     
   491.65901937125182     
   478.85926087389225     
   466.65014721108571     
   454.78488366657217     
   442.10918921088165     
   429.67692352739004     
   418.44332954329866     
   407.76097425622669     
   396.59788859719066     
   385.92473463328997     
   376.50796968123592     
   367.21295616720846     
   358.60998056559623     
   349.84385669101755     
   341.04646440432691     
   332.42774770173389     
   324.20877976107607     
   316.13270152641707     
   308.41381521664624     
   301.16752784759512     
   294.37479863366104     
   287.45769621533225     
   280.63292998930649     
   274.06935603897728     
   267.91108774395758     
   261.88951878637783     
   255.91231058400450     
   250.00323789736558     
   244.56851207113152     
   239.23220364593021     
   233.74285142833594     
   228.71331652524759     
   223.89654432811562     
   219.10575166119565     
   214.56822117014923     
   210.08088031584998     
   205.67511997449373     
   201.40175858915831     
   197.47898007376585     
   193.24705874699606     
   189.21474264856499     
   185.46468666612327     
   181.81238765186217     
   178.23574592356414     
   174.68237051543633     
   171.21224047967758     
   167.68299034163508     
   164.34202878503618     
   161.14176878243893     
   158.07856498162550     
   155.06613191253186     
   152.07905641634380     
   149.19049535636969     
   146.31977269864345     
   143.51968355003643     
   140.80545387143141     
   138.16010114891799     
   135.50927379230114     
   132.97286062263998     
   130.52876589047463     
   128.03473634887976     
   125.59552818411895     
   123.20811021468116     
   120.93804124976586     
   118.72135856763364     
   116.49421585392565     
   114.34095135111119     
   112.21410491038537     
   110.09788159713821     
   108.01796632450363     
   106.04612054302993     
   104.07039725253497     
   102.17475277296393     
   976.15529263735266     
   947.61985072108007     
   923.41541988041308     
   902.29013746186388     
   879.79331804310027     
   857.78519436155671     
   837.63795317257302     
   818.16929242408651     
   799.77556095937575     
   780.53147140988199     
   760.34619696839195     
   741.41797719279634     
   723.79408403347361     
   706.37823019751784     
   687.69058399082940     
   671.19637782543759     
   654.55522159926409     
   637.80992431151276     
   622.36068821996810     
   606.70454657309369     
   590.79959636270803     
   576.01833074282399     
   562.08595366229406     
   547.67809963656828     
   534.42103389767681     
   520.04532110735533     
   506.34730251703058     
   492.60018937513172     
   479.27922573442476     
   466.69052304286964     
   453.75684286835860     
   442.28005114937429     
   430.67309981813918     
   419.56483675861034     
   408.39915029573490     
   396.98917173908978     
   386.76939223367640     
   377.11017200900085     
   367.17696098259751     
   357.22972134658471     
   347.95225975517889     
   339.10085433285212     
   330.65703331002044     
   322.35553903540659     
   314.69739438612316     
   307.23847353781309     
   300.13748206497564     
   293.15602270310603     
   286.47763018760133     
   280.10396167045775     
   273.76638524481871     
   267.58386529175107     
   261.42971536541472     
   255.53525273972849     
   249.97776970230544     
   244.66914763897876     
   239.40152062419415     
   233.96963881358030     
   229.24461477621296     
   224.40811871499770     
   219.69422629023984     
   215.10003103667842     
   210.57846357936552     
   206.28961158283144     
   202.02189709258386     
   197.76814052856133     
   193.88841324767367     
   189.99818300630486     
   186.26277088013703     
   182.51117410205433     
   178.83685746075821     
   175.22813930572704     
   171.75414988707931     
   168.37315314306528     
   165.07441868599068     
   161.92711790130062     
   158.78741806879589     
   155.53467135004135     
   152.50149987069813     
   149.55231925284670     
   146.61554894310922     
   143.78943564647926     
   141.01458096186875     
   138.37939808499419     
   135.72407645948820     
   133.11280052626211     
   130.57150938103928     
   128.07133529271107     
   125.66131078418975     
   123.27423892370024     
   120.97567192700150     
   118.67998865238408     
   116.45428897997645     
   114.26404278272187     
   112.09691082763761     
   110.00922130490918     
   108.00046303217763     
   106.02439814393742     
   104.06957689371399     
   102.18038324250750     
   979.01071265522364     
   949.79969625588069     
   925.33194014145056     
   902.23424035647940     
   883.50705236713816     
   863.20527623851353     
   841.95537362134496     
   820.01999265542349     
   800.21702649448139     
   779.94082834224366     
   763.82912397272685     
   746.61206787820265     
   730.03295473114144     
   712.09716316483275     
   694.39523050998946     
   676.75899477376674     
   660.54524251126259     
   643.33681139185001     
   627.54964175102236     
   611.52222656829815     
   595.01531368044402     
   580.11447978810577     
   566.01740261210932     
   550.66982722821183     
   535.57069331435059     
   521.16092581067130     
   506.30586265202004     
   492.41705562525647     
   478.81263817868057     
   465.39383982591647     
   452.90669808257167     
   440.99975599866366     
   428.82334069690626     
   416.79530355021825     
   406.22514090620155     
   395.74855467437305     
   385.73525154889239     
   376.10173593674028     
   366.90432646360603     
   357.15099779984132     
   348.60795375487476     
   339.86365537397523     
   331.39093190350184     
   323.57466292300120     
   315.54757101995608     
   307.96981118706719     
   300.68295899692049     
   293.30570399476619     
   286.49552587075590     
   279.60392098078779     
   273.18572251969249     
   266.92317649344193     
   260.70891985609717     
   254.99490847309588     
   249.27298229315488     
   243.62566114899982     
   238.39253582371788     
   233.20724721666420     
   228.21861900198564     
   223.39161986625197     
   218.43837852326112     
   213.91273809563893     
   209.45995085862313     
   205.06916112135235     
   200.80692988735433     
   196.66938838115780     
   192.68954930264550     
   188.69131277412313     
   184.81822845813315     
   181.10011080100253     
   177.49776986470312     
   173.89880370772187     
   170.50470196250450     
   167.10740704522661     
   163.90450211167416     
   160.71627105704965     
   157.54564333751608     
   154.38940346424232     
   151.55877828184859     
   148.60240452528251     
   145.75488433275476     
   142.99664781755726     
   140.36851593756859     
   137.57315594364678     
   134.96686763795771     
   132.44404666412990     
   129.96256265118100     
   127.50848714828690     
   125.12524343444845     
   122.79813561863799     
   120.51488185328412     
   118.24985208749830     
   116.00428788772139     
   113.86450175258308     
   111.76115791708898     
   109.73884033130213     
   107.69180480219573     
   105.74305385649548     
   103.74985244823181     
   101.80948587490133     
   982.21090647855158     
   954.72343524515315     
   930.79185802179200     
   908.97676724622477     
   887.07691708978518     
   864.48433814410396     
   843.42788449441514     
   825.05424638105274     
   806.13444751906593     
   787.54896608695492     
   769.97464996318740     
   751.93938346240736     
   733.12165972745288     
   714.77618147014027     
   696.62876987351706     
   678.55178289447440     
   661.96698342978914     
   645.48401018239008     
   630.63760363691870     
   614.47381666537137     
   599.89351682462541     
   583.85276239222526     
   567.30917002101125     
   550.98719639838237     
   535.73496708406481     
   520.03605725668262     
   505.39952844292225     
   491.35328211646328     
   477.66786990827683     
   464.46473614154183     
   451.60304475426841     
   439.15795043075371     
   427.16756322915137     
   416.16604804923674     
   404.97327767231917     
   394.64040770394820     
   384.50225058683907     
   374.16015046081463     
   364.07556814360697     
   354.99810832733374     
   345.97623474204090     
   337.41974897350559     
   328.99600716960543     
   320.85445433993175     
   313.34178940485288     
   306.02017368728866     
   298.91564159186953     
   291.47566471953888     
   285.11492176909815     
   278.62047829848774     
   272.49361633645242     
   266.27865875416990     
   260.38199303727060     
   255.26312079257755     
   249.49597011233607     
   244.08491901332394     
   238.90785885582258     
   233.55031110784375     
   228.52414385210670     
   223.60251387633463     
   218.76776316833474     
   214.30954336309085     
   209.75695843801748     
   205.47047447495049     
   201.33872478410984     
   197.17829978441648     
   193.24880478376537     
   189.18248053810581     
   185.40761050624198     
   181.63637005030728     
   178.04558452005131     
   174.45874765935622     
   171.06594334695302     
   167.71892075956083     
   164.39495308530564     
   161.19391527217113     
   158.05188305564275     
   154.96208371537486     
   151.93291507758400     
   148.99959761572205     
   146.06269403012411     
   143.25155216389771     
   140.52325145960987     
   137.86666645520731     
   135.21650085274666     
   132.62605366649447     
   130.09822627260280     
   127.61774879496186     
   125.18162134715664     
   122.86175693455151     
   120.58297075130679     
   118.30077012022088     
   116.05617379823573     
   113.86115493385631     
   111.73751500736135     
   109.67817563084544     
   107.63142894161689     
   105.60916117406049     
   103.65945932890996     
   101.76746696624156     
   988.73835208451214     
   960.01478672095413     
   935.97074582696678     
   910.75712568151903     
   890.53508212956854     
   868.77908169030707     
   846.01860663283355     
   826.17741138012570     
   808.49635221506014     
   790.39077601582767     
   771.81961410083079     
   754.21083354179746     
   735.70579735792955     
   714.93455564961812     
   697.35141499793690     
   680.94464071108928     
   664.41637801144509     
   648.22652801825666     
   631.37845314935419     
   613.26770151926621     
   595.57757319832695     
   578.43152747373165     
   560.97638937395629     
   544.81513944626147     
   529.72051516538443     
   514.50732373314656     
   499.85113229808996     
   487.00269481330992     
   473.36393702357793     
   461.20558016472933     
   448.24965688777860     
   436.37247255211287     
   424.79380340630854     
   413.48567613489826     
   402.90716085979830     
   392.74685460356210     
   383.23768991713899     
   373.49360381918808     
   363.88633523100998     
   355.51330869900846     
   346.61229752257907     
   337.97070130449754     
   329.46798808771592     
   321.62622655281012     
   313.77717108110051     
   306.62645468970527     
   299.34773552297406     
   292.03430298106105     
   285.28681102644788     
   278.53030735843231     
   272.20803558605888     
   266.00771970875155     
   260.20012788200108     
   254.26988075332156     
   248.70496351727701     
   243.15173716506271     
   237.85062260708236     
   232.58171376318970     
   227.75805847306745     
   222.93585952587017     
   218.17576108733755     
   213.59931546431503     
   209.11424847039910     
   204.65376979097493     
   200.42006012998695     
   196.39877757634383     
   192.58177854525118     
   188.62194532317923     
   184.75052351584912     
   181.10580859304002     
   177.45504935676865     
   173.95787355258608     
   170.36592708288725     
   167.06939398608569     
   163.87585039672240     
   160.62123961516323     
   157.40924174178491     
   154.32794320812806     
   151.36785595418439     
   148.56778139704119     
   145.77227898326979     
   142.93496238779449     
   140.13626938288937     
   137.44724984729203     
   134.83143195115207     
   132.34055847835879     
   129.80510911731503     
   127.34906610726169     
   124.96617082746747     
   122.66606408708294     
   120.29960430250043     
   118.05467411534674     
   115.84489486043735     
   113.65955604417903     
   111.56324783896123     
   109.49241671970064     
   107.47335738821417     
   105.50328869455804     
   103.62595785334115     
   101.63772059446538     
   995.86106317714962     
   965.05668721609163     
   939.51421722342809     
   916.75948898718241     
   893.68318329520935     
   871.40233821907213     
   850.84342958575542     
   831.11482159034017     
   809.68279120040143     
   790.56996701320679     
   770.92485343651435     
   750.88088920779660     
   734.15599317192459     
   717.22897165836150     
   700.58983951860273     
   683.09062042592723     
   664.03492922370924     
   644.20605876861987     
   625.12061176909447     
   607.07749606524942     
   590.44666944303549     
   572.77546910556669     
   557.25349233141696     
   541.81857904135518     
   527.08994311887932     
   512.52894770356511     
   498.64757834405191     
   484.22143235138424     
   471.46635532342322     
   459.64299016175408     
   448.01331967830049     
   436.56304134698320     
   424.56867729473566     
   413.61279815026353     
   403.37844108614007     
   393.33104426412348     
   383.11557582487694     
   373.52958776964863     
   364.38933270786214     
   355.25160859287746     
   345.88943880530934     
   337.08795870646594     
   328.99142485752373     
   320.98969054945604     
   313.14060747283338     
   305.76573675907792     
   298.45261219762602     
   291.67547832573337     
   285.13898395033237     
   278.77486835010052     
   272.42954300639150     
   266.33740402568526     
   260.17125785708834     
   254.44669425841965     
   248.71964289042080     
   243.10377425506960     
   237.77369794721295     
   232.25119718234555     
   227.28974951252366     
   222.40501466990642     
   217.88074807249319     
   213.33214474265694     
   208.91989942794618     
   204.67132678173644     
   200.64127142377686     
   196.37064319500843     
   192.28074161297374     
   188.38286218486695     
   184.49801971159280     
   180.80103048841676     
   177.28293622419304     
   173.86813115938367     
   170.40766055882452     
   167.05382152259125     
   163.77393871257891     
   160.56696903773133     
   157.43692441762579     
   154.28571915423203     
   151.31409845568737     
   148.27215444198799     
   145.33615775424474     
   142.50016164834398     
   139.69020451300372     
   137.08759966503868     
   134.50855947813227     
   131.95579904912330     
   129.43582731156422     
   127.04228236749313     
   124.63158257039443     
   122.30953435564977     
   120.00177945964047     
   117.78400814553683     
   115.55706795676412     
   113.39183919016170     
   111.34604199898868     
   109.25286780417326     
   107.21914338872173     
   105.24078606824253     
   103.24002149719809     
   101.32617917926576     
   994.15252078168169     
   965.13483477753527     
   941.93450207999956     
   920.07856372616152     
   897.86317323799688     
   876.69086978929897     
   855.00817776894007     
   833.38121397389943     
   812.13324627109091     
   791.78615207017151     
   772.50010566245737     
   753.83528338501173     
   734.23744517236253     
   716.65449057698629     
   698.27087843407094     
   678.02138972754142     
   659.51352824566607     
   639.95328273227608     
   621.37186361015858     
   603.48109483394023     
   585.76134832724119     
   569.60416193423225     
   553.00674042913295     
   537.95012570402616     
   523.07324002983478     
   509.28411626265711     
   495.36407018978832     
   482.92938305001837     
   470.84699759407016     
   458.81810438156128     
   446.03448067109565     
   434.79984290527716     
   423.37219368332080     
   412.61065616253018     
   401.45908670991230     
   390.61517681602197     
   380.88915969927803     
   371.26008855866439     
   361.92819678163340     
   353.12001187809176     
   344.30718720389251     
   335.72051292654135     
   327.66852796101534     
   319.64943732458204     
   312.14491990294925     
   304.75226939633097     
   297.87893571496295     
   291.25983160570223     
   284.41131730172390     
   277.93047038158306     
   271.71473600135693     
   265.41885556099334     
   259.34214975617385     
   253.67785557929793     
   248.03084860205070     
   242.55858980254510     
   237.30898794483790     
   232.35617450045038     
   227.66425139656394     
   222.78777359847913     
   218.02022258449898     
   213.48334693911357     
   208.88149886446774     
   204.62390680269010     
   200.51850630497222     
   196.27127664523709     
   192.34042090933872     
   188.47710296679620     
   184.71205755555752     
   180.92108947499287     
   177.28498495663749     
   173.66452715996550     
   170.30817222199448     
   166.92137821456836     
   163.66971556389342     
   160.43765049742689     
   157.14784063942756     
   154.08167872705627     
   151.12362851926531     
   148.21438784825023     
   145.38612322570879     
   142.55934782904237     
   139.88624211528986     
   137.16255904794269     
   134.64581715511628     
   132.10826885434051     
   129.58533581606375     
   127.06400416022133     
   124.68270755906043     
   122.45513627751674     
   120.17143410878478     
   117.90909393507238     
   115.63962821963361     
   113.51713145623883     
   111.37966677830195     
   109.29969846267431     
   107.28624293305721     
   105.28348103954255     
   103.33984207111934     
   101.43164441191334     
   998.79404549640140     
   969.42455351894046     
   946.35463265292003     
   921.57081404347514     
   899.57056960995919     
   877.81600374232471     
   853.37989745243306     
   833.19874481490410     
   811.88723508756175     
   792.86497511935374     
   774.94739328829928     
   756.04304296892565     
   735.73444703355369     
   713.74097723306841     
   691.81302670332275     
   670.53028843518314     
   651.90264370921670     
   633.09134391491943     
   615.74589821361292     
   599.52035323260952     
   583.57482745503876     
   568.33186167088706     
   551.99594712344174     
   537.22383099206013     
   522.16350697622238     
   508.20072902424408     
   493.68128791666277     
   480.18640771956939     
   467.08930396911285     
   454.94664993386817     
   442.46626631391825     
   431.03198414003953     
   420.50601515727334     
   410.18088038073182     
   400.09639519552161     
   390.41957718803269     
   380.16666587997224     
   370.52795969737872     
   361.54930275851518     
   352.69564910178099     
   344.25112970948749     
   335.96412976917634     
   327.21972633529356     
   319.58669354237770     
   312.16157583556782     
   304.94387614535452     
   297.65808215973107     
   290.44019910917280     
   283.39040422082599     
   277.03415494168377     
   270.87550052869244     
   265.05743770399573     
   259.39009812980396     
   253.48308799253601     
   247.84822674752104     
   242.30700827434293     
   237.23810930096471     
   232.35813864639732     
   227.50136719330391     
   222.70921081505844     
   217.86667004196369     
   213.29844937222072     
   209.02336092424491     
   204.53542950074348     
   200.27234303085967     
   196.30051269613870     
   192.34892567306491     
   188.34456610813064     
   184.51271097563358     
   180.82735236226415     
   177.31128782383163     
   173.80175766001480     
   170.26010015128622     
   166.94195037500702     
   163.56779020248638     
   160.50734668244627     
   157.48210862373213     
   154.50627438264257     
   151.54785181626673     
   148.68049250057862     
   145.66899454412533     
   142.97435746498158     
   140.13147197231797     
   137.50158597270965     
   134.86509700380535     
   132.27171082248196     
   129.75831229292078     
   127.35713300490183     
   124.92842494287763     
   122.55996711404416     
   120.27608492012136     
   118.04325850079175     
   115.88026499331880     
   113.71294668698273     
   111.56680177511535     
   109.51406404601282     
   107.47660826403745     
   105.50683395001930     
   103.54999648916512     
   101.57627463347765     
   1003.7288761009332     
   971.16004873202837     
   947.51239088778630     
   923.96113759623745     
   901.92957912100132     
   877.02191455620186     
   855.01564763799615     
   832.31449957700397     
   813.89992674506539     
   793.90767305418535     
   772.52718838732494     
   750.63338195799543     
   728.35962395082686     
   704.92388698267303     
   684.04148228601662     
   663.65139331078535     
   645.75009494771064     
   628.37061807799364     
   610.39830923042905     
   593.94038069895362     
   578.64088555342471     
   562.71050636881796     
   547.47161946257188     
   533.26675587038039     
   518.62027224327551     
   504.19174664432569     
   490.57974344027775     
   478.47131031912829     
   466.18070019002494     
   454.23009360955234     
   442.31122901250706     
   430.71258720804803     
   418.91473313895790     
   407.93769354845239     
   397.36253696084316     
   387.19316656520334     
   377.80866049478709     
   368.07802723049895     
   358.87588478729759     
   350.11979236855763     
   341.64048821091643     
   333.01091029706697     
   325.49204516391393     
   317.95689778302824     
   310.55970151333213     
   303.11349783786665     
   296.24892071396289     
   289.39393858762685     
   283.09872283083428     
   276.77668620394729     
   270.26708656148310     
   264.03669859315369     
   258.33750021089799     
   252.81095624330214     
   247.29444920648902     
   242.06744295678931     
   236.50475585569467     
   231.50855790962606     
   226.61893746217419     
   221.78604342330320     
   217.02653814175048     
   212.63746816645607     
   208.09557283636178     
   203.96883221417181     
   199.88768215459669     
   195.85148777814254     
   191.98341073617200     
   188.07251089468329     
   184.43526801186914     
   180.79457877436576     
   177.24306348280109     
   173.62587734309167     
   170.07515150861454     
   166.68592136079667     
   163.47541697277379     
   160.29323458402320     
   157.26904637198021     
   154.11519697150655     
   151.20567756343399     
   148.30320541168760     
   145.52815762117228     
   142.63813925135170     
   139.92401101672976     
   137.28972472016071     
   134.69624211849236     
   132.09554964894483     
   129.70358799394285     
   127.21771553572378     
   124.75699460968684     
   122.41110284458267     
   120.12474276872032     
   117.86271578945410     
   115.61617723627288     
   113.50720517724157     
   111.35813785769813     
   109.23517856521211     
   107.18080683622622     
   105.18981430300744     
   103.19955815685918     
   101.27677515027520     
   1004.0337483134249     
   974.82396601641778     
   950.03408944034663     
   926.01522277735478     
   904.10570516820371     
   880.22351283948092     
   856.45430557729753     
   835.54041640588366     
   816.00417725581315     
   792.01744280230400     
   768.80224776863543     
   743.36647872924482     
   719.45678995664264     
   697.87994622655845     
   677.35886783304557     
   657.94023616425238     
   640.51794327534333     
   621.68205859931197     
   603.45880161383616     
   587.55350704358341     
   570.89215366946587     
   556.35407579707248     
   542.17452810657824     
   527.07118111872830     
   512.84953021081583     
   499.85830948018634     
   486.68717625263508     
   474.06023708930098     
   462.01472187672960     
   450.08605169003636     
   438.27606354365361     
   427.23407701789421     
   415.76391700625368     
   405.53865181435663     
   394.89110907383235     
   384.79106342591007     
   375.36979583956929     
   366.62700364460972     
   357.08428742900799     
   348.49462774328686     
   339.79552019397062     
   331.71309147582633     
   323.84330309165000     
   316.11069146238560     
   308.63875137919513     
   301.22899621895436     
   294.21786935447051     
   287.31877411072594     
   280.17006383163357     
   273.97732300804000     
   267.98560529505011     
   261.81429993500632     
   256.16505108808735     
   250.26081564349812     
   244.89646761624800     
   239.55086583786385     
   234.47331521999490     
   229.79717143958911     
   225.05967185870728     
   220.28388834221494     
   215.58442752324839     
   211.33474633818616     
   206.97697949198553     
   202.61517000301990     
   198.30155526287717     
   194.51434882672442     
   190.46984001873849     
   186.59622281349627     
   182.86119112479903     
   179.20019236566674     
   175.62357015839601     
   172.17718793723060     
   168.83973950913816     
   165.65627751015879     
   162.38318872157745     
   159.14507731118493     
   156.02293076111516     
   152.97442304419982     
   150.09034319427738     
   147.16612073254205     
   144.38471251184481     
   141.66106330552768     
   139.01247875482019     
   136.34912872965700     
   133.72912316294850     
   131.17048784053213     
   128.74209658188579     
   126.23631347248741     
   123.92259138152197     
   121.58134988424399     
   119.28726846155644     
   117.07135553048229     
   114.86104559753845     
   112.62989793711060     
   110.52400601037124     
   108.42560938759019     
   106.40166230306647     
   104.41096405585370     
   102.48304417462782     
   100.49784926957985     
   1005.7174763816880     
   979.52441614818099     
   954.66959593403851     
   928.43664474077934     
   902.16391181544918     
   879.92337297430549     
   858.61753271749967     
   836.50763577182261     
   812.53437363674823     
   785.60783600413924     
   758.12180045660534     
   735.24668671869370     
   712.54262993499219     
   691.87885643706807     
   670.46741622053310     
   650.64983893593194     
   632.18722052986675     
   615.40275209696586     
   598.78563185995279     
   582.57783933585222     
   566.33572081135685     
   552.15505542499159     
   536.52958496876568     
   523.29096072657285     
   510.39081102997085     
   498.21777908630088     
   484.38933381163338     
   472.15264670416121     
   459.59124110069877     
   447.27248974078873     
   436.20227586824308     
   425.04426877664991     
   414.44821596895537     
   404.26853721490090     
   394.05203455423958     
   383.98785118279227     
   373.95979422979673     
   364.47141278579267     
   355.25000855200113     
   346.28685611827024     
   338.07745512280644     
   330.56358010661540     
   322.28492342955656     
   314.55343373416315     
   306.90614559989808     
   299.98918446392196     
   292.83287053155766     
   286.32325177930113     
   280.04976493108268     
   273.68328034608948     
   267.56084456462821     
   261.89333208295142     
   255.97617690774860     
   250.55579677991619     
   244.89164505284660     
   239.49445636482048     
   234.65523840515812     
   229.45104724102748     
   224.50588649990138     
   219.63325533729494     
   215.24790376760154     
   210.61307690077518     
   206.27819084361732     
   202.07853377864990     
   197.94160503451545     
   193.94003038542058     
   190.05744927945150     
   186.24286590496615     
   182.46938817829994     
   178.60515304938588     
   175.13040354847971     
   171.70987003355910     
   168.34230767205761     
   165.05675138922913     
   161.81281387287109     
   158.66484358831485     
   155.58290997014069     
   152.75118893697226     
   149.64141067175873     
   146.71431494621598     
   143.87821125589221     
   141.09050719735470     
   138.32193955792221     
   135.54971321792883     
   132.99572639205647     
   130.39734143580816     
   127.86461815036765     
   125.49525290710575     
   123.12077159287267     
   120.73573229663631     
   118.42038600586842     
   116.12687792978247     
   113.89910849853149     
   111.73124162840953     
   109.57138585912527     
   107.47993339242350     
   105.38448264800579     
   103.34752331652706     
   101.26540191530864     
   99.249126061534881     
   1016.0554210525311     
   984.83915302962396     
   958.12038546683971     
   932.64335423613693     
   908.35170374887718     
   882.25293246462593     
   859.82957764922025     
   832.35125980967177     
   801.03099978314572     
   774.47600503432568     
   749.73493508472097     
   725.44186327350144     
   703.29149346814347     
   682.99548189910070     
   665.38273889251764     
   646.26731745949473     
   627.30379486906054     
   610.55810605830175     
   593.42973982237402     
   577.38552439847558     
   562.01478243479687     
   547.11375622094329     
   533.15739045004045     
   519.91243734761235     
   506.36779331383730     
   492.30056286743286     
   479.11654100278508     
   467.40762993058854     
   455.10659945598746     
   442.82237669215976     
   432.59247228498509     
   421.70832870432662     
   411.07341039510868     
   400.18718534961215     
   390.73260853843044     
   380.48412192521016     
   371.07428525155711     
   361.96827296745818     
   353.27143852461933     
   344.84438108824793     
   336.54274711768255     
   327.87716824776669     
   320.09376311067484     
   312.48202559090328     
   305.52145828602187     
   298.74297083664737     
   291.58435239530945     
   284.59552618064743     
   278.44985456204626     
   272.27694553492893     
   265.99735761681973     
   259.87926317783166     
   254.04313439832259     
   248.44687194633445     
   243.21964279509862     
   237.96419514077792     
   232.75083424741845     
   227.92210120595877     
   223.00445632508263     
   218.28644169247525     
   213.74495898533920     
   209.24406020175729     
   204.81864475939938     
   200.73332110136184     
   196.77622351194447     
   192.77995488782238     
   188.98926995786834     
   185.07847001598660     
   181.30375607667753     
   177.53840822147356     
   174.08951254209845     
   170.70018038826819     
   167.20805731850066     
   163.89996577220430     
   160.73524431881299     
   157.52261095469217     
   154.36638862937070     
   151.24890425995540     
   148.22659868370994     
   145.24098231875195     
   142.18350914183804     
   139.50462627308673     
   136.88524114050097     
   134.21786038400774     
   131.56223805323728     
   128.88734320403552     
   126.34109014019353     
   123.73931283204215     
   121.31270141253808     
   118.90198422058447     
   116.44592290100199     
   114.14874902797389     
   111.78442396550817     
   109.52911974487147     
   107.31246824084167     
   105.09195722314706     
   102.91264592909566     
   100.72227842517663     
   98.590335306996124     
   96.421707025860854     
   1017.3090466490100     
   988.50718851293868     
   959.41475149827920     
   934.96230184268143     
   910.07700175723312     
   885.99198849877916     
   854.03322678812367     
   821.33095376218057     
   792.28071615889360     
   765.57864092421471     
   741.45738409696582     
   717.42212813995855     
   696.58086476663334     
   676.20417457327630     
   657.05812622315807     
   638.93517725736183     
   622.52442205568570     
   604.91505119798171     
   588.52270729283657     
   571.86404317132110     
   556.88015136111869     
   541.07149889997822     
   526.07409812196602     
   513.20015232368132     
   499.42310279431541     
   486.96217460930387     
   473.46387896507855     
   461.75550395221376     
   449.87211332899335     
   439.37152355573676     
   428.27446997053369     
   417.64479589867881     
   406.82020666528109     
   397.11529324504056     
   386.72450975836489     
   377.19376781444942     
   368.02046391332829     
   359.32029871941944     
   351.09813723575178     
   343.01111665892608     
   334.80620601180783     
   326.66083857327624     
   318.88599086294738     
   310.95932057782761     
   303.44013769793753     
   296.65450315297306     
   289.55615307745836     
   283.02021180934258     
   276.75097180870466     
   270.53948725690435     
   264.53410742244984     
   259.00014363216087     
   253.25232960896966     
   247.95348318381971     
   242.40088402051265     
   237.30579104556722     
   232.49899934149451     
   227.45309212545479     
   222.68991543601214     
   217.87437683583590     
   213.08419572430341     
   208.59389690795240     
   204.13720909645906     
   199.86649222870332     
   195.72388259004225     
   191.60363661549576     
   187.62813276834638     
   183.73781265274388     
   179.96898034988118     
   176.26057676816353     
   172.53508965272582     
   169.08314060506933     
   165.46640888975139     
   161.95529260808848     
   158.36186055917034     
   155.03592736589792     
   151.77080710272620     
   148.65465167153758     
   145.50916512377671     
   142.36777475616532     
   139.21967276469206     
   136.32062835576417     
   133.24290775249420     
   130.23075626177192     
   127.37436551826585     
   124.66621168197278     
   121.92162101701120     
   119.24548027409158     
   116.70548622607679     
   114.19336824943429     
   111.58609178373607     
   109.03025591376127     
   106.50491362572359     
   103.93293557857848     
   101.59223230749254     
   99.169597437383004     
   96.836448770547292     
   94.581305481638267     
   92.275618859141716     
   90.010444760627763     
   1021.4045238820930     
   991.09916240751693     
   963.13027524954634     
   934.80183990565627     
   908.92867303182038     
   876.29356190705289     
   842.39833028552937     
   811.43176011695277     
   783.45442199279216     
   759.14815953388256     
   733.86722611354162     
   712.39692366599184     
   691.67357369198442     
   669.61058279511462     
   650.85358011078563     
   632.15486773948192     
   615.10462783009586     
   599.40776055983918     
   584.33859902407710     
   569.70528934904257     
   555.47175457543312     
   540.86796147861969     
   526.01648095012126     
   512.66358911900306     
   499.06334247277999     
   485.43719016384318     
   473.06071138136377     
   460.45015459084050     
   448.90380747117933     
   436.75094917981312     
   425.76321401183304     
   415.58986712556612     
   404.79578900422501     
   394.69047052473758     
   384.74460627532522     
   375.60432131391968     
   366.91551123963075     
   358.09066796175733     
   349.38972728749110     
   340.70874360796614     
   332.19354650179486     
   324.32198220035389     
   316.63944159831834     
   309.65760104313762     
   302.32147848537329     
   295.74309816318970     
   289.03733725343801     
   282.07706119430702     
   275.62332232520959     
   269.34408671634731     
   262.99498030195269     
   256.97024063214371     
   250.66852923308792     
   245.10039205455411     
   239.26933944447288     
   234.09229824320695     
   228.79951915737178     
   223.82388519357050     
   218.47109067091657     
   213.38700537935364     
   208.46641855853483     
   203.79075323063236     
   199.16078321039890     
   194.61706609232408     
   190.20028176803896     
   186.19308982610039     
   181.96612766292944     
   177.64673069243827     
   173.46969866290334     
   169.95523708230454     
   165.92871280087115     
   162.12243457805491     
   158.48044904026665     
   154.74709182682167     
   150.87111033105293     
   147.16159757621685     
   143.74628914465777     
   139.94942019992510     
   136.59739387373463     
   133.24991133467847     
   129.86054552009455     
   126.65174952613016     
   123.41394770768612     
   120.38550949152591     
   117.40707562652230     
   114.42028549954028     
   111.41963890082016     
   108.32248033138600     
   105.39395747261382     
   102.66730621839545     
   99.863234159727099     
   97.093603790207993     
   94.473251705642141     
   91.698864457833423     
   89.133632162217282     
   86.641500936505608     
   84.236255877886634     
   81.978505174065816     
   79.473863144884163     
   77.116179685675363     
   1027.7019645866735     
   995.61594200029344     
   965.57709816202464     
   936.02466785964225     
   898.62116470981607     
   859.58414877273185     
   825.15374177932654     
   796.02269280526707     
   768.01364462915694     
   744.83650329928719     
   722.38046376157217     
   701.90986237492234     
   681.25037362102034     
   663.79615705665901     
   645.55897734865721     
   627.78538131387040     
   609.74871672390896     
   592.70800806170917     
   577.13576635239122     
   560.48717543775285     
   546.73474554130144     
   532.88125708599364     
   518.82722932787522     
   505.70199462854600     
   493.01940851574795     
   480.67579033424153     
   466.97729665633449     
   455.32982293146642     
   444.04694887212634     
   433.72027390845415     
   421.92728053029606     
   410.76271919063043     
   400.65202295510284     
   390.53792146867426     
   380.71537029325998     
   371.42615637161191     
   362.36301464468954     
   353.69384689575463     
   345.06691764830919     
   335.98143175477765     
   327.94813402287264     
   320.02369736275722     
   311.84912933670915     
   303.97095826644437     
   296.51820905028262     
   288.79960371680613     
   281.93388397147612     
   275.02664172127186     
   268.29611067139507     
   261.81204807754432     
   255.40344645837197     
   249.57745905347875     
   243.32476892871384     
   237.14520142873829     
   231.35529946505241     
   225.68167198958628     
   219.93224529528715     
   214.50845510475187     
   208.98310449662188     
   203.34528863929381     
   197.73654810731566     
   192.85439208972133     
   187.71075882322498     
   182.66427865114062     
   177.55383310000167     
   172.75391791888592     
   168.19177968267647     
   163.43249385080691     
   158.66979395125162     
   154.00761522112447     
   149.36156474684933     
   145.24276742856642     
   141.07896765803798     
   136.95478702529101     
   132.69120752270126     
   128.67701539733906     
   124.84637022152350     
   121.10371579155054     
   117.45469233299056     
   113.61688435576451     
   110.21249331053970     
   106.69928089111599     
   103.40861856909667     
   100.48486984516137     
   97.214402183503523     
   94.252539890769043     
   91.167648148771178     
   87.766456705772612     
   84.975736740549848     
   82.427702106303144     
   80.090037592639305     
   77.759723701130412     
   75.200355414340720     
   73.113576622982436     
   70.775531448542949     
   68.477516000083583     
   66.164551715226651     
   64.000843340301927     
   62.004804271498195     
   59.773578738785453     
   1031.7496724916996     
   1003.2114510639580     
   966.16622721197632     
   922.24158785315035     
   879.13315748495847     
   841.03939104724464     
   808.41272711610691     
   781.56908777226897     
   758.18312376214215     
   735.54032803829341     
   713.54057222082179     
   690.66978442089805     
   670.09150879472941     
   650.68941518697090     
   632.77991237828110     
   615.60201996782030     
   599.46517230102359     
   584.19699943161868     
   568.36221579379992     
   553.41198298833865     
   538.64151419925554     
   524.13866405394174     
   510.09617714747526     
   496.69350958701347     
   484.08790077349568     
   471.95998521831132     
   459.45202142500489     
   447.13514269220912     
   434.83913074708687     
   422.85267383104735     
   411.90608372627310     
   400.64968021658609     
   388.81095925390531     
   378.92575105818543     
   368.21379340358692     
   358.96262120915776     
   349.61615367684510     
   339.73785584036108     
   330.21345295851501     
   320.71666194221001     
   312.27956215176448     
   304.21496112637647     
   295.19241330545339     
   286.73350814781742     
   278.48227720958812     
   270.76442267880122     
   262.95966685781099     
   255.04318778557536     
   247.47704515096387     
   240.24781123458740     
   232.93077747911289     
   226.08166961899491     
   218.35794047104909     
   211.63444314879422     
   205.41652694050993     
   199.16174903599438     
   192.38344489000400     
   186.76391171330354     
   181.09873762918133     
   175.18275155150747     
   168.55971290385506     
   162.51203053055548     
   156.92961431064367     
   151.30618500676883     
   145.89977260912696     
   140.90249042154801     
   135.87377538827769     
   131.28074291992084     
   127.39743347399215     
   123.13201320993358     
   118.61697466856732     
   114.45386902049685     
   110.97453807124111     
   107.45503015400359     
   103.43763473480942     
   100.02740767695418     
   96.029810420377714     
   92.959012028604619     
   90.074887979291901     
   86.784446632749109     
   84.544735674316428     
   81.595111322461776     
   78.713109958631335     
   77.143174732078847     
   74.687979162593493     
   72.400351118964466     
   70.440885674457761     
   69.214811825942249     
   66.615019190207647     
   64.137355047457106     
   63.046128139774623     
   61.519455835742960     
   59.371279631464958     
   58.370892238613081     
   57.234332217460533     
   55.443193778345460     
   54.096053780767434     
   53.124280978253154     
   51.242924980252752     
   48.507324373542339     
   1043.8851764146330     
   1004.4492087312939     
   954.04041875240625     
   897.57400536154546     
   854.88879148708452     
   820.85716468171552     
   787.37943876481324     
   763.08993084028782     
   737.80942780570115     
   716.08370286786169     
   696.74342124188331     
   676.92192115080911     
   656.96853869742972     
   637.26570277898077     
   619.85033902856549     
   602.65376587936453     
   585.32213154533292     
   569.82388610833937     
   554.98926217289534     
   539.03582661179576     
   522.42608726289109     
   507.21312107930294     
   492.06120657178121     
   476.31131802293032     
   463.05472799111976     
   448.97464463931709     
   435.80964679837604     
   421.82365442537537     
   408.81369662723569     
   396.81578431522109     
   384.70672036291523     
   371.96963231250766     
   360.30355990608160     
   348.93625206279086     
   337.89559802673824     
   326.93438275320267     
   314.62618358009246     
   303.06835635884187     
   292.21133543850783     
   281.12001031058594     
   270.61290817731123     
   260.67968192129473     
   252.06395154186390     
   243.18220226649129     
   233.56649939470128     
   225.42896539288560     
   217.22907542599324     
   209.59735203046793     
   201.65216603344311     
   193.70748586294181     
   186.65478597008064     
   179.65235953297031     
   173.35105403845475     
   166.11977486943081     
   159.45114684422484     
   154.10457956428155     
   147.33500114158949     
   142.22730918629645     
   138.43614119240570     
   133.26994274096450     
   128.05127330763554     
   122.72610711906231     
   118.32797055560977     
   113.27843930643371     
   111.16495339848780     
   106.96487259311914     
   102.64619575278306     
   100.64710371180806     
   98.493906863551217     
   96.022442635959095     
   93.275985627189257     
   91.038672081299509     
   87.950939266550208     
   86.704539401277174     
   83.574419850141211     
   81.183802120466680     
   79.744950685267540     
   76.697380450678267     
   75.095462860429691     
   73.499129844150218     
   72.286418018444053     
   70.099440250150664     
   68.713035427506668     
   67.462248251030815     
   65.715286505861869     
   64.965660712347272     
   62.563101721398354     
   61.162265354280144     
   60.333401198253000     
   59.035349168235200     
   57.397989863019127     
   56.850845315960171     
   55.400378025941215     
   53.535473444286836     
   52.747770752218514     
   50.576754732146384     
   50.612974322734793     
   47.984308771375666     
   47.592696447483135     
   45.354698718217428     
   1053.9713522912425     
   987.13152796271208     
   910.23824007217581     
   857.44896882899059     
   820.39621281318693     
   788.43232337413929     
   761.37665385480420     
   733.97571920384871     
   707.64026924624466     
   684.17558020146953     
   662.96591368190047     
   640.89091849876263     
   620.93106294212043     
   601.69587133595303     
   583.56326296053874     
   564.47071835811869     
   544.21868520774797     
   523.86338355629096     
   507.77193991573313     
   491.44035974698534     
   473.68454809175904     
   457.64139498461105     
   437.76069714763287     
   420.79991577145984     
   406.89764607147526     
   389.81825740343436     
   372.46540363914977     
   356.97826584263964     
   342.87629558896805     
   328.80017563047431     
   315.73549360249518     
   303.24979077063915     
   290.10420105399794     
   277.82724899016785     
   267.41522750356535     
   256.88640752098377     
   246.55688815799613     
   235.88067073339977     
   224.92591425095813     
   218.07427455144762     
   208.35183512877046     
   198.99702162683920     
   191.04943696941029     
   186.63274281414726     
   177.26858501355548     
   169.53660085337219     
   163.47395595156357     
   159.55762620462380     
   155.45796950803776     
   149.74165029027026     
   144.67991727080440     
   140.86926429822438     
   136.19099001568654     
   130.46383474586668     
   127.32527322007695     
   125.41521860858674     
   119.53762041697479     
   116.04045046604885     
   115.32555825530102     
   111.01944630546696     
   107.18068220340398     
   102.64152147852187     
   100.46091415638716     
   99.655128920407634     
   97.025879993782496     
   93.274527517721879     
   91.786114776403608     
   90.039652235441281     
   87.405164691697649     
   86.279215648245511     
   83.914407266796474     
   82.890398866448592     
   80.013587110088338     
   78.637647477858209     
   77.234281278365899     
   75.534603035510372     
   74.334222579895254     
   71.835225344912288     
   70.621621045384757     
   67.527395845888023     
   68.538430793385061     
   66.979952252125216     
   64.949671473628101     
   63.706214045544428     
   62.443935199061158     
   60.693380354395785     
   59.966461089347646     
   57.780551860357356     
   57.188770224413162     
   56.602538198418692     
   53.962720548502730     
   54.168912038413794     
   53.356921693425782     
   52.573938453097782     
   50.519309641329663     
   49.443611808542116     
   48.104661065470637     
   45.625591130594415     
   44.647159078439984     
   42.894075504982652     
   1056.7338119174851     
   926.34298578282392     
   838.52395338590736     
   787.51031699881185     
   749.69433072759580     
   716.40851701786153     
   687.16039828667476     
   663.15711938025697     
   637.89857608489979     
   607.98482928563271     
   582.94987000206788     
   558.15031894224694     
   537.01812808724060     
   515.23899640657589     
   493.10076926275849     
   470.13670549447772     
   449.73542896299966     
   431.51603637574789     
   416.38298783612038     
   395.21554450029566     
   377.90676061065221     
   360.17075663873533     
   343.36360122469665     
   331.62941930070474     
   315.57734866593290     
   304.14152755007808     
   290.82941914609290     
   278.86297731260163     
   266.51832575550924     
   254.57821200897558     
   249.39858453080441     
   239.37586889927877     
   227.37024683691507     
   219.69694990981719     
   214.84727656275601     
   207.42849368569625     
   203.50263882765736     
   193.31664416717621     
   187.04929817430133     
   183.62478820167539     
   178.31283978381271     
   170.83852441220040     
   162.25543306647006     
   155.81947079947142     
   150.91650326200929     
   148.83290825314504     
   144.12673106634816     
   139.70316444361117     
   137.64306882753641     
   133.80549012804570     
   131.31777709145490     
   128.46033710464914     
   123.78717404931147     
   117.16137924989903     
   116.35557118666181     
   116.63848131373940     
   110.54166422764588     
   106.93332827323140     
   105.93059857883364     
   103.33965146754571     
   103.53850541756940     
   96.821435403260551     
   95.616112911026391     
   92.917720430969439     
   91.520623198123758     
   88.719553308968415     
   87.125748844642814     
   86.419478829219528     
   82.699334727672706     
   81.122558059018644     
   79.394974668293429     
   78.197047519535602     
   76.668851038492988     
   74.723646874892196     
   73.563642025831996     
   71.731594071696733     
   70.143011893909247     
   67.877017542892105     
   67.283418026459174     
   65.131663685928856     
   65.248506207283555     
   63.246279726207959     
   62.249670482550144     
   60.743914099506867     
   60.169855098874081     
   59.167634310466383     
   57.246709045161666     
   55.726450497753547     
   56.098519207888778     
   54.180072565550034     
   52.653588279226511     
   52.440295109319443     
   50.998046126282247     
   50.116345971863907     
   48.785909056084421     
   48.264756073737729     
   45.981356126064007     
   44.717551592637584     
   42.461724773987854     
   40.116626210191889     
   1050.9293659789632     
   818.49330711162679     
   720.99362942979201     
   675.26539108951806     
   641.34083943533608     
   606.96527772725358     
   578.98894932739222     
   550.80156576353545     
   530.23802496464214     
   508.07229345007806     
   486.88847114920827     
   464.59161520685342     
   447.68291602924012     
   428.26831255327897     
   405.70171651349858     
   392.65388072360088     
   381.18560553310823     
   357.89092824720643     
   354.28709798503718     
   339.75090726132606     
   324.85733033447661     
   314.40912468281692     
   298.59325832725347     
   289.39637272127595     
   281.05081540424936     
   273.91581729382824     
   261.33470942237921     
   250.54791294790385     
   242.45438840719203     
   228.80959901437421     
   230.43220505542837     
   223.71923270091688     
   213.36680528255260     
   207.83975913726707     
   203.45122273478995     
   193.30269013683227     
   191.16335597451763     
   186.14343713900189     
   177.20642876546850     
   171.89885161110874     
   166.86460111308145     
   162.60021254443342     
   154.35468913961233     
   148.23451768469349     
   144.72029838401986     
   142.20074956016083     
   136.25059854120377     
   134.02933618101429     
   132.04874098550457     
   125.44474681131288     
   126.79757907333762     
   121.97773334887306     
   115.56032551267180     
   112.17134397097709     
   110.31386553709544     
   109.24202522651548     
   103.50635091750036     
   103.12372034025134     
   102.78281997122382     
   100.39153935692923     
   99.216509633410567     
   95.352704100647315     
   91.213665974217477     
   87.641154761450451     
   87.909487400392450     
   85.211998571909689     
   83.862511400383980     
   82.123769513145831     
   80.452584566291279     
   77.855284344092411     
   75.226533122024392     
   74.695716988212610     
   73.562132210467439     
   70.969693419531581     
   70.220242738752248     
   69.369598429495596     
   67.896690777581256     
   65.226219708615275     
   65.174267043738155     
   63.823139570370223     
   62.169161296948786     
   60.794017911096873     
   59.468122503452619     
   59.119338787970193     
   57.584161587562775     
   57.258769968638518     
   55.504887730105843     
   53.877960137597825     
   53.022194283865936     
   52.354358690168034     
   51.564614873008708     
   50.721256361795810     
   49.624074893697937     
   48.624662428011476     
   47.385436836603702     
   46.563086095652167     
   45.258265007546342     
   42.802145315068920     
   40.979420523127921     
   38.325763534072280     
   1079.9822525348388     
   774.01786518204142     
   665.77499699289706     
   615.65549262703223     
   589.27101714391142     
   559.30214748844844     
   530.66899873492810     
   513.68015808528867     
   497.76484207154931     
   480.44574725610676     
   460.48129448989187     
   444.65211644192027     
   434.21840145939217     
   413.03212733485685     
   393.85166864518413     
   379.50963356354839     
   370.87909223181924     
   349.79043356917254     
   343.23360409869730     
   333.96957248563575     
   314.85475853269111     
   301.64866921849944     
   293.32093583456611     
   282.59848536495349     
   273.40881369478200     
   264.73006755472807     
   259.78517536279224     
   243.89548466559918     
   232.20130639517214     
   227.54317209596510     
   227.46251272243583     
   217.65081889667192     
   210.68852767663154     
   206.13624700003876     
   199.47407259498357     
   186.96149056242473     
   185.50137594921716     
   179.24052333106772     
   170.61912453123051     
   164.19112443601045     
   160.75842026444334     
   160.34019642734339     
   152.37009874788831     
   147.11015818204487     
   142.09507240258483     
   139.75927324116179     
   134.39459481054817     
   128.76756872292299     
   127.35189122288008     
   120.19699383770342     
   122.89272211616145     
   115.89342085082011     
   110.36105471571794     
   108.56981774249643     
   109.12125857697504     
   104.31876432665474     
   101.91679272391040     
   99.434341442793823     
   98.189440159354874     
   98.578141854809402     
   95.043311695806722     
   92.670516122834897     
   88.433425516123833     
   84.719621439776688     
   84.710843918925576     
   82.915982341034166     
   80.234171288567467     
   80.401761939958220     
   78.673731848164891     
   75.591325257599522     
   72.605626299637734     
   70.941893577647704     
   71.460193205045314     
   67.756284101699066     
   67.508508582226014     
   66.629004438021923     
   65.296677645050181     
   63.363095798142517     
   63.252680731683071     
   61.652404685935338     
   59.813561954648435     
   58.271088422947741     
   58.453998252449011     
   56.398420867681352     
   55.392363497556651     
   54.404088430072434     
   53.423382316877401     
   52.329326480187021     
   50.813552036909186     
   50.571356324656421     
   49.085503473970839     
   47.995149326752909     
   47.367324209972296     
   47.144303550375831     
   46.538790184637307     
   45.109221626791673     
   43.896305725322136     
   41.532088981202897     
   39.373714553006984     
   36.943006102922212     
   1156.0585086391006     
   806.25921225551292     
   665.65109036317199     
   612.35156020140232     
   589.42636524640125     
   562.26180500665077     
   522.53280406137526     
   507.29122368047121     
   499.82212279702480     
   472.00401287105882     
   464.81878585717527     
   443.80001677637574     
   436.72301561968146     
   402.64892541987700     
   394.72007660363647     
   381.67370728461088     
   371.67737397771680     
   357.83605659295671     
   349.34722344839258     
   326.15243350496121     
   308.75647153811946     
   297.83875406002903     
   293.25890703677351     
   279.91338422965731     
   272.86392048587231     
   261.24347598529755     
   255.51562509838956     
   236.39427495700946     
   226.62537581267389     
   224.24958732655733     
   219.77800755863706     
   215.28273118138117     
   213.19668016402676     
   211.57063845031917     
   193.80584492633812     
   186.19656040141609     
   183.12489099179072     
   176.63351455877847     
   165.05955455540965     
   158.58998544573441     
   157.38964461153910     
   158.27523267736836     
   144.67656470417921     
   143.15225049302899     
   137.27912539543718     
   136.66610332970117     
   131.67131334784088     
   129.81965460272636     
   129.64440562817526     
   116.97431603697220     
   125.00782180610412     
   112.95427514214495     
   109.21164666460038     
   106.95363528660512     
   104.59371186484087     
   102.35745701470185     
   96.689652844442520     
   95.211738162467071     
   93.814337708786795     
   95.205254784611327     
   92.285491391449412     
   90.826234673980252     
   86.695938599401345     
   80.784320117942684     
   82.636805060597538     
   80.345218482366150     
   78.823829140920850     
   79.197046575686841     
   77.924852143931446     
   73.639482573973652     
   71.200142136102770     
   68.904846962457910     
   68.483827210561628     
   67.395324439943195     
   66.206430991361955     
   65.596023941579872     
   62.928595807933469     
   62.137146772857392     
   61.128828949895151     
   60.806613309754475     
   56.963119709251743     
   57.459826393631431     
   57.137793280091429     
   55.438682473841730     
   53.166193924279199     
   53.435082365657600     
   51.609603825800122     
   51.661993910394905     
   50.676352863749564     
   49.537629117316229     
   47.769186845271797     
   46.356630780873104     
   45.976341783089055     
   45.803531194101893     
   45.394872622597795     
   44.036518335922096     
   42.394572959001749     
   41.108467705022669     
   38.315427267746514     
   35.584887296666530     
   1200.7528921564328     
   856.65956232223903     
   689.53610918696415     
   612.52453508508029     
   597.95432422077045     
   561.19231467660870     
   527.35164815842575     
   510.05313188751842     
   497.50751412212992     
   484.44480299101451     
   458.64046580526519     
   432.04872982873701     
   416.18374427427170     
   390.61024042948696     
   398.09080983278329     
   388.80667139920132     
   366.59988999686152     
   349.08565034801683     
   351.71874579478686     
   315.14422545733004     
   292.86529302457461     
   291.21989594435439     
   292.12384865800107     
   280.16374776408105     
   272.89875325447667     
   272.85517491871497     
   259.14803293731984     
   233.39451242388762     
   236.45364072663452     
   228.70890026859493     
   233.14513509254320     
   213.09870083247466     
   224.59070504075046     
   205.07071901263782     
   193.41366528708767     
   190.48086690296509     
   183.82429040388939     
   173.25631580579287     
   164.29680846419333     
   164.23084772359579     
   158.93899703019986     
   154.75393408084983     
   144.02305414723091     
   133.18427345871669     
   133.25700661279890     
   136.22161045852059     
   128.27164466843990     
   126.86954895267385     
   128.25888444726098     
   118.92826380216056     
   122.92407400535959     
   110.56791546365487     
   107.30974127264763     
   106.63863226252022     
   100.93731355519560     
   99.207945232854314     
   97.553364251351027     
   94.362560133221166     
   91.608857841007207     
   91.837809954075638     
   91.966324928865987     
   89.919639181687160     
   86.026815486882313     
   80.039855149132705     
   82.471948691611203     
   80.082059493210465     
   80.095264543213588     
   79.774460410890768     
   75.807819092374928     
   73.022100453975582     
   69.424128294831604     
   67.917246680886905     
   66.533351393381423     
   66.479885563707953     
   64.549013069858830     
   63.987756987551741     
   61.415918365850082     
   60.218047816528255     
   59.866118535471784     
   59.123184541480654     
   57.343763613722011     
   55.548705391844763     
   55.817253033047486     
   53.584532306832152     
   52.282261128139801     
   51.521784680362160     
   50.968755679462518     
   51.003963406651948     
   49.474890036254145     
   48.704280707827252     
   46.744904847419974     
   46.338951130620771     
   45.144808334123312     
   44.601560272585516     
   44.406840874471101     
   43.093840978287631     
   41.025446603517288     
   40.221596758359752     
   38.115485948691216     
   34.921858853077637     
   1225.3015486884547     
   894.80269304041963     
   697.43475881787845     
   609.35921549066438     
   614.04779652180002     
   559.22295284753716     
   526.35363677021837     
   513.64798036108743     
   478.19759461729757     
   477.35808596281947     
   472.78704648295195     
   413.26304889839099     
   383.63146146468154     
   390.78554005280171     
   399.33811075822462     
   394.88375117280066     
   362.28604750054228     
   337.93105439350563     
   353.28356371688903     
   321.13202361131329     
   269.67725406582355     
   281.51130082227291     
   275.18285855184905     
   268.82941625034266     
   277.39912605296314     
   270.71216910253713     
   249.77156845383951     
   231.44085625084267     
   238.86803670915759     
   237.03972802830685     
   235.49038602677018     
   219.99953152291062     
   223.63506176814317     
   199.10116254751119     
   195.87334553697301     
   191.31364364020814     
   178.27954190796328     
   166.54388158734196     
   162.15503924084081     
   166.55685310815915     
   154.23054079862882     
   152.13046989996539     
   141.29451172759826     
   127.64041307089218     
   135.12205853245922     
   132.70916772140131     
   124.86944971853070     
   126.62486103437851     
   126.16449077280303     
   113.57258134883999     
   122.10177880289915     
   112.87360479763524     
   102.08879269066162     
   106.40186771389766     
   101.78080820744049     
   99.713142002926176     
   99.497902686639506     
   95.399813295550103     
   87.886659282872117     
   90.959350330357410     
   90.643203838613914     
   89.253349825465534     
   84.297350550743417     
   80.144936092804798     
   83.482978447982234     
   79.643148227225112     
   78.898924835219987     
   77.712837105927974     
   75.876468326120474     
   71.948282032503954     
   68.639118746766343     
   66.556116383070517     
   66.770162015019508     
   66.424009317339824     
   63.824306907184322     
   61.828042075465113     
   61.379355704503254     
   59.532933241591408     
   58.531848819103537     
   58.130695768013226     
   56.282461329147530     
   53.866076504528507     
   54.309356254934954     
   54.136583521939258     
   51.860859548729351     
   50.271724188369859     
   50.314878333451226     
   50.382190340704440     
   48.185392122603403     
   48.115207781012657     
   46.837111955265968     
   45.547946788754125     
   44.217368868445583     
   43.993198073665248     
   43.143483158076712     
   41.778124437610842     
   41.052498915027527     
   39.240784700649300     
   37.694825671524264     
   34.145545261794879     
   1255.9499595034517     
   928.87581693787376     
   719.43285030054471     
   622.06414255832158     
   623.21132377922061     
   559.48215773997822     
   528.56249262491906     
   484.34471052547372     
   460.54489190190850     
   461.83587990207184     
   479.17407345076782     
   372.02413319754578     
   348.39534478745253     
   399.52479309649732     
   378.10649807829520     
   380.13665177840261     
   362.87653205099571     
   346.67215035723052     
   327.86668104146565     
   314.03598685157465     
   301.52264712582974     
   273.16596449139479     
   283.01636514067138     
   275.88979863648984     
   277.80757596827084     
   259.24262258314451     
   252.53258408757091     
   253.05475121866357     
   229.28002749831361     
   225.79470766071751     
   228.97093546374506     
   223.05117006043372     
   230.83111543121990     
   196.99929123968096     
   184.83695241678521     
   169.60529267488869     
   179.50598336877670     
   170.99758310485373     
   178.58346838042701     
   174.59064101844393     
   156.78785315690044     
   144.89051040043103     
   135.30520347530020     
   120.82226289054178     
   137.08916992118276     
   125.71761427306737     
   123.70626903043734     
   125.79155589055659     
   118.79457375750201     
   114.18029732437924     
   123.01863778046992     
   110.60598951123480     
   102.49807466578696     
   103.58075060009348     
   102.50009517652995     
   98.861548338527342     
   103.52732481019444     
   99.058028848201360     
   86.328778434058421     
   90.976852105874869     
   92.683373346501241     
   85.657691296652104     
   84.360919301486774     
   80.148747965729811     
   82.008449101099274     
   82.706042167300637     
   78.686492858763316     
   76.237277904914023     
   76.046595213329866     
   69.532003655445209     
   69.833466073997627     
   67.501713472750367     
   66.594659033958933     
   66.678137441597741     
   63.539474721014734     
   61.065360571576186     
   60.820221364676620     
   60.256889233909959     
   59.164408606531225     
   57.822571264197215     
   55.290714656480347     
   53.199894609387862     
   53.788898028113479     
   53.641807502786051     
   50.663428054104159     
   50.264656188523688     
   48.935574669408751     
   49.010865743657277     
   48.348647943590876     
   47.739934632703019     
   46.715611328875923     
   44.981565705310850     
   43.663016891605537     
   43.115425173409164     
   41.858717762999973     
   40.676462755538388     
   39.874140633858282     
   38.597956385228301     
   37.589479321127996     
   34.715036727310242     
   1264.7665394906396     
   922.62394833461758     
   763.26989193027930     
   608.58871831619979     
   630.36621394440442     
   584.68950887978644     
   505.62352473465228     
   492.68542251242366     
   438.77884598773187     
   450.68522866792136     
   443.13064526792499     
   334.99167351211162     
   377.38961525835788     
   391.99467472813592     
   364.74170957596380     
   377.00174373841355     
   391.50286436889246     
   350.53183455826041     
   306.47136753496108     
   333.09986123853616     
   350.12472009357646     
   307.96987347406002     
   308.37181613539542     
   273.96484814417778     
   269.27355821752838     
   256.38480827583356     
   262.12638910707335     
   251.33883887781087     
   231.82667020428619     
   226.05404770389094     
   210.28768329663515     
   230.91189880830555     
   239.17288791055961     
   196.14206136418730     
   184.27354958588393     
   163.60711539334383     
   164.76718584599828     
   176.15439383078422     
   182.36065108361234     
   175.96673579900508     
   156.65430444272891     
   152.16505495757190     
   136.23881044275910     
   126.71397344615853     
   143.95670796584423     
   114.12810201260667     
   126.02553339453863     
   116.70455446955032     
   113.86051392713296     
   116.60962022854349     
   117.83478269478411     
   115.48692585499737     
   108.04156909211316     
   102.82776826138037     
   96.455853695861606     
   97.957258524649433     
   101.42662132190767     
   100.25150411366296     
   88.193648519722245     
   89.414421651393511     
   93.099894058380869     
   84.479869774306508     
   84.554601318902655     
   78.152486517204835     
   82.911111184149860     
   84.294491740267475     
   79.530623883675432     
   73.480781354276616     
   75.903979991002871     
   72.624334433065286     
   69.392936823274198     
   72.546456122406894     
   68.190634508230559     
   68.005741280961644     
   64.115205982986041     
   62.234803650791022     
   59.810270398451948     
   61.331064634799496     
   58.714136155271142     
   58.529651684259804     
   55.108995399204723     
   54.090551956643303     
   53.435678230474672     
   52.912792527994696     
   50.169614375452028     
   50.017448625876234     
   48.072131036674847     
   47.984074431112255     
   47.312689752792515     
   46.326372076074435     
   47.504840959271135     
   45.366801067438438     
   42.569100346555274     
   42.934559216840213     
   41.569491356056716     
   39.537707973334612     
   39.838549907894539     
   39.688350308678508     
   37.669362154456188     
   34.444201641734864     
