           1
        3200
           1
   975.99604448122818     
   948.74540609046721     
   923.74262251855885     
   896.77762968444381     
   877.40699812261607     
   861.25112207386042     
   847.75349404815688     
   835.08970184691691     
   823.84181881786662     
   812.23940330187611     
   799.61048469265006     
   790.51684843727492     
   780.72943834554621     
   772.61207954124211     
   763.22345112883181     
   754.21922040159666     
   746.03909949449951     
   737.55372120903985     
   730.79814828096607     
   720.99378735047594     
   712.82904587620897     
   704.98650177758111     
   695.87492264943035     
   685.66884022764305     
   676.52234633442731     
   667.85817020108630     
   659.93405618657425     
   652.28705818729816     
   643.75817193270905     
   636.89195860930852     
   629.49316773485089     
   620.85553527745958     
   614.59050719744891     
   608.70677990221930     
   600.36519149032108     
   594.15885119987695     
   588.05035844595511     
   582.30855696562435     
   574.08873078707188     
   567.51181463880880     
   559.55599903534892     
   552.78610353652698     
   546.32012422083722     
   539.98796520810140     
   532.50009850702554     
   525.67008444931366     
   519.83948167718791     
   512.32014235552924     
   506.34077488391966     
   500.06205548281002     
   493.80885477751434     
   489.29510548887436     
   483.45001486327266     
   476.44573650151062     
   471.44238763838604     
   464.31874559534100     
   459.48666004524159     
   453.55097089988607     
   449.35834441254315     
   444.10348376323770     
   439.13790730939627     
   434.43038821389757     
   428.55953852106711     
   422.07212725185775     
   417.37527599843611     
   411.69585634100480     
   406.80760526676261     
   401.29972582944276     
   395.95100539483423     
   392.09539188869297     
   387.38979260540174     
   381.30187935731163     
   376.43965566096335     
   371.86166128415891     
   368.09115778881096     
   363.58405474963894     
   358.67677259296522     
   354.89583383409376     
   350.04939028260441     
   345.45924173492108     
   341.40951598312222     
   336.90216570193292     
   332.71416643062025     
   329.01146591413874     
   324.57586567879036     
   320.51738315216369     
   317.07713516670418     
   313.20068294608882     
   309.87492394447924     
   306.22076618254198     
   302.84685624622352     
   299.16254213850846     
   295.63613442820804     
   292.57810538265437     
   289.31218886721570     
   285.84614478087661     
   282.34781531231835     
   278.89312298746779     
   275.86395921263642     
   272.60354676917672     
   986.24504861948571     
   969.84652580998738     
   956.71089007398359     
   942.13900852827931     
   921.96082944224099     
   899.63448671025867     
   882.85002710609024     
   864.99839982116475     
   852.55441031542023     
   839.17287017280660     
   827.02959599623341     
   817.96375275661239     
   807.66733986548775     
   793.36772174817361     
   783.40738003839124     
   774.70892870600142     
   765.79429487073469     
   755.63588160197469     
   743.94879921737561     
   734.19645157962645     
   724.00217919546435     
   712.49853195530272     
   702.70624965866887     
   694.48017263617112     
   685.65444071672857     
   679.39789117422777     
   672.46097940919287     
   663.63338343495661     
   656.52227327679657     
   647.93729305820330     
   641.29384895655232     
   632.47028335233756     
   626.14852938104218     
   617.78327774763477     
   610.41256213410236     
   602.25344676521456     
   593.97227088922205     
   585.31032203389873     
   579.63242455436387     
   571.70539230694794     
   564.58562460445853     
   557.85918383614774     
   550.65536205320780     
   544.95589458845097     
   537.63232141010656     
   531.18988660405273     
   525.03069285655693     
   519.52120457624665     
   513.36601861384065     
   507.01821997409047     
   501.64179859074443     
   495.21883586219212     
   488.61698085013830     
   483.17394717291324     
   476.94136536354233     
   471.15108149417716     
   466.12102579201826     
   459.91475170813305     
   454.94128901710150     
   449.61928951904798     
   443.99396954982700     
   437.39756393914934     
   432.20049160053213     
   426.33157503528855     
   421.62525455467141     
   417.02784461146132     
   410.75523960084837     
   405.82132311167561     
   399.90389457646802     
   395.65266397364456     
   390.43667736134353     
   386.12679367295868     
   381.81314311720047     
   376.99030939151424     
   372.91676476449891     
   368.78517378543967     
   364.48337776145331     
   359.92360238872305     
   355.18284632509483     
   350.66987318585768     
   346.68064795515733     
   342.29769737664992     
   337.83510727574492     
   333.82102159422703     
   329.65860642633635     
   325.84190903993982     
   322.13735018243136     
   318.08613032225060     
   314.21133578857649     
   310.22958807438198     
   306.43734063548891     
   302.53404578979303     
   298.85006122351359     
   294.97642626045678     
   291.05215413807713     
   287.38109443738148     
   284.14068594776847     
   280.31585316395285     
   277.06515134149981     
   273.63469863841607     
   990.50604456605799     
   977.39702766732171     
   966.09982510513623     
   950.63381419504753     
   935.31626189698090     
   924.35398052274968     
   911.90518156209714     
   895.94421239701626     
   882.47674518550241     
   868.21843774139495     
   852.52555802950008     
   839.73376305511454     
   824.99303539379491     
   813.15333125810264     
   801.95855119269220     
   789.29074630764524     
   777.65748660871873     
   765.61689095102406     
   755.10031564239694     
   745.47842166137707     
   735.87163410595258     
   726.58621302958431     
   719.33595888454511     
   711.48524234604383     
   703.34415019549624     
   693.80177924662667     
   684.67483528394973     
   674.69900058935207     
   665.82982460308153     
   658.13491486991165     
   648.07775786466004     
   642.27242706523771     
   633.50083247541033     
   625.94463872248787     
   618.35023022985843     
   612.13385342234005     
   604.06553907667944     
   597.30960695134979     
   590.12386835397683     
   582.57616546171198     
   575.14216208938706     
   566.97630206059841     
   560.33730419351468     
   552.09657237676311     
   545.50638180356816     
   539.40498657176681     
   532.95122958963429     
   525.48773531091103     
   519.67849145131208     
   514.67304536282086     
   506.61406313597024     
   500.13019033807859     
   494.46510232773062     
   487.76317183790371     
   481.69925359311299     
   475.87409718788496     
   470.05319641369732     
   464.52241322593130     
   457.58347464992761     
   451.50703696273354     
   446.01164695480475     
   441.33574054390124     
   434.94925108972342     
   429.01307970132467     
   424.37650377809734     
   418.85743278016525     
   412.82082307517697     
   408.76929671045076     
   403.24852238466133     
   398.70955938582983     
   392.93291305532682     
   387.68757283030186     
   382.71513546426564     
   377.46984108314251     
   372.68304098582939     
   367.45862707860374     
   362.56628142443242     
   357.23044586875426     
   353.08006396040452     
   348.93863261431613     
   345.32231031324528     
   340.52999982972710     
   336.06090210235482     
   331.85226891798857     
   328.01673354645737     
   323.59790133316801     
   319.76616441867861     
   315.98387986116848     
   312.09384406108097     
   308.16802307708826     
   304.55654077017431     
   300.47484297838753     
   296.79786857265702     
   292.89909872947908     
   289.04942057914513     
   285.47525875005402     
   282.12621633357350     
   279.33885246031821     
   276.26751571915725     
   272.95211581676995     
   1000.9893556207469     
   987.76510528561619     
   971.03154576583984     
   957.23738872649551     
   943.83525113073335     
   932.06776634784183     
   917.18853678048345     
   905.23012327376273     
   894.22494491613372     
   877.42615492111486     
   863.89902334982958     
   851.85163495771769     
   837.77101634657788     
   827.76395183232717     
   815.52281288639676     
   803.63951524059962     
   792.64162003603099     
   782.02210178113182     
   770.14842110946847     
   760.53252145358670     
   748.71063922881945     
   738.56887002769190     
   730.86745936356056     
   721.76369161328194     
   711.31112613663049     
   700.11480290966142     
   690.66678293893574     
   683.47013853968269     
   676.31665408332765     
   666.56708340706746     
   657.75542060040914     
   650.71391240260300     
   642.37180003644630     
   633.54104078313730     
   624.03826926947920     
   614.41004403895533     
   606.03770699422876     
   598.43388027059893     
   590.86130433660981     
   584.18854286141880     
   576.86961390779175     
   572.16306183919176     
   564.07779472404627     
   557.90261259033616     
   551.51222278361229     
   543.84645753241534     
   537.32216162053135     
   530.94992249953896     
   525.20240362438653     
   519.16208004196665     
   511.92790716728280     
   504.60981779572137     
   497.42352758552744     
   492.71155218945546     
   485.07037878225856     
   479.05185769034017     
   472.89489392196049     
   467.40558696246580     
   462.07197705708973     
   456.80435269634950     
   450.49454993978969     
   443.55064732295267     
   436.80553816100439     
   431.23228166863640     
   424.31545412114849     
   418.79619997354587     
   412.86559517045856     
   407.82095948173315     
   402.12432555847300     
   397.58174684480247     
   392.38092392981025     
   387.46383672972127     
   381.58407681485932     
   376.62411996342274     
   372.83964496390524     
   367.40358045036919     
   361.93685163123439     
   357.96343573312492     
   353.17962136392197     
   348.61702395301086     
   344.32267046111895     
   339.35464838955124     
   335.16060704980049     
   330.75305121083767     
   326.53165116601423     
   322.46316496180867     
   319.10383993182501     
   315.31026848797421     
   311.66845570912886     
   307.47502010337024     
   303.53219970754270     
   299.50922863122298     
   295.87795273725385     
   291.90337121549499     
   288.47644298752971     
   285.49934797162439     
   281.91505322197588     
   278.36811949085256     
   274.97891402686230     
   271.93405080599729     
   1003.4884726849759     
   989.29096512832712     
   972.78124171218906     
   956.87992991155670     
   944.53414382273274     
   930.78322216017204     
   919.94021498158531     
   909.40197648620949     
   896.29979586310662     
   885.77760769437293     
   874.31890429098758     
   861.80173882080067     
   849.34059075240521     
   838.09745402877024     
   826.88988044573875     
   815.00575939871180     
   802.47061854682238     
   791.74171684600901     
   780.39582832264693     
   771.28618482453408     
   762.55115436519884     
   752.49954720451888     
   741.99958084499565     
   731.46890396061031     
   719.52060615281653     
   711.65292544489284     
   703.51887679479012     
   694.86839726343862     
   684.13989274244352     
   673.03234405902333     
   664.32999024211176     
   654.79252178286447     
   646.91396322494847     
   639.46734197033061     
   632.40334729705739     
   624.03189434287731     
   616.43888901852540     
   608.37521864437008     
   601.87279963320429     
   595.31394455603095     
   588.27091437466333     
   581.30061126356622     
   573.58565367373524     
   566.91340887979891     
   557.73416259719556     
   549.85448289599162     
   541.46685982183237     
   535.27528502770497     
   528.88365022457037     
   521.89955523892684     
   514.70453077280922     
   509.06516227161774     
   502.82277277224927     
   495.36329387479230     
   488.27274236087817     
   480.92699937586985     
   474.25332693999673     
   468.13278630285168     
   461.39451433221558     
   453.88539216790269     
   448.00574762857082     
   442.34468088068678     
   435.43454165234277     
   430.57947246021251     
   423.99327864130782     
   418.34665453549144     
   413.50220352444194     
   406.93164657316100     
   401.65495244424403     
   396.34127193723714     
   391.21428577398535     
   385.79296305319485     
   381.17666426420743     
   376.55665361024381     
   372.24870299303802     
   366.96341610367790     
   362.16573820255019     
   357.30968697237040     
   353.09833334349423     
   348.24079600307152     
   343.75201063276404     
   339.87559899856990     
   335.60477802361248     
   331.71340012347275     
   328.34563597737667     
   323.58060842716185     
   319.49255284736188     
   315.67699778718531     
   311.82810835399152     
   307.66331897631733     
   304.08997343035651     
   300.27043659233317     
   296.81883039776415     
   293.25881415060201     
   289.63974985703857     
   286.15857968633128     
   282.86524304200691     
   279.30224507586752     
   276.50608342779037     
   272.99542035608886     
   1007.1307588059490     
   988.57573629151557     
   975.96364962026951     
   960.95331943018709     
   946.80355740748848     
   936.37431502034860     
   924.95673440081737     
   912.17626209749722     
   902.35662084974115     
   890.67774396630034     
   880.25803547629937     
   868.49272772821178     
   857.29905812672189     
   846.49013858317085     
   835.20686125412828     
   824.69727658012471     
   814.71215179761623     
   802.75573335989930     
   790.96570414943039     
   780.69011539994221     
   768.89931262465643     
   758.85292691273889     
   746.93055976752885     
   737.11453786030643     
   727.61351338968245     
   718.46669659291183     
   709.04971836917582     
   699.69079069395912     
   691.12859420010227     
   682.75945167168277     
   674.88636717653981     
   666.85279153432782     
   659.55960540628871     
   650.81783827966842     
   641.93131440237153     
   634.34498063598858     
   626.17476901550901     
   619.47309412515153     
   611.92818846667183     
   602.36606613977654     
   592.73106526444519     
   584.45018299109211     
   576.98683416789095     
   568.72985477486782     
   560.45305154821301     
   553.12331153105947     
   547.11343678483740     
   539.50813702809785     
   531.35809662566101     
   523.53314589259890     
   517.00706886112528     
   509.57905398480688     
   502.01591466753825     
   495.13496772127286     
   488.59200864209413     
   480.48710719824430     
   474.34023312708064     
   468.27398269684380     
   461.57843137862892     
   455.69021323256044     
   449.52354658240915     
   443.10295510125320     
   437.53147252377994     
   432.28927891174271     
   426.27595316099479     
   421.52510843555103     
   414.89471386750716     
   408.92190889021788     
   403.87151381409865     
   398.09511741099857     
   391.79855167870113     
   387.85989982350566     
   382.03361904066304     
   377.59983040570057     
   372.52803702292329     
   367.52002431450467     
   361.82254196424458     
   357.46998736181763     
   353.03196581321509     
   348.77062544168109     
   344.01476665986030     
   339.01898200069849     
   335.09931744601647     
   331.10102891780258     
   327.20293843965408     
   322.71042919479464     
   318.93586064693005     
   314.95364949862511     
   311.10396471860577     
   307.14990059249300     
   303.22721130419546     
   299.76386547282658     
   296.06947510712081     
   292.17781788337174     
   288.26298985695541     
   284.95917446146501     
   281.65045361177539     
   278.58662693988862     
   275.00477483013174     
   271.37665862059907     
   1008.7196923978029     
   992.37226869945584     
   977.43301862545104     
   962.41565853854854     
   951.02304533023892     
   938.98455162810660     
   928.28312635931388     
   915.78098158137607     
   903.64002089799055     
   891.12504830480543     
   882.26120084992806     
   874.16269312648694     
   863.08495613781838     
   853.00973272485101     
   840.82187136421589     
   828.13785552739887     
   817.25967837195446     
   806.76267764896045     
   795.91939329442346     
   786.13090918858370     
   775.47678441397602     
   765.91698076998466     
   756.53127618545341     
   746.22742201334449     
   735.42089794021581     
   725.46799890687498     
   716.19759861771695     
   708.71663792832408     
   698.62565184215475     
   690.80816806182440     
   681.74541958942575     
   672.14793760721864     
   661.37437987977682     
   652.66930676603965     
   644.39679331533137     
   635.25046457823964     
   626.16894492315282     
   618.10473732159255     
   610.41936338466815     
   602.31440691352418     
   594.07236499099895     
   586.21167898337490     
   577.58456029442141     
   569.14804534563086     
   562.05189613864400     
   555.12956199651808     
   546.06829430795949     
   536.98325251199321     
   531.00286987496588     
   524.35885215497933     
   518.32020142762713     
   509.40189111060045     
   502.69317248308846     
   495.42826162262332     
   487.72846975627959     
   481.24841110107849     
   474.96141139317274     
   468.05069283839390     
   460.23547246303656     
   453.31010168658770     
   446.74592976377198     
   440.75119113159235     
   436.10554671645923     
   430.13194201236422     
   423.75287251803843     
   418.65771057802073     
   412.95726407003758     
   406.90036988986304     
   401.46915501563365     
   396.11115305175923     
   390.38156149867064     
   385.96002272100986     
   381.82711691486435     
   377.11612293333377     
   371.94634686557680     
   367.06096742861394     
   362.90491054804460     
   358.56171023914561     
   354.63264015670075     
   350.53956689165756     
   345.81477146728412     
   340.34101591460620     
   336.92102513882060     
   332.20254526130816     
   328.50870421888663     
   323.49184753993222     
   319.88449378075444     
   315.83126420250778     
   312.12962425920028     
   307.75559919176106     
   303.46592440029985     
   300.00667537223080     
   296.43822786679470     
   292.55575332231354     
   288.97583611839900     
   285.72108703565618     
   282.40241469948199     
   279.13605726383798     
   275.79600819950087     
   272.33711471098246     
   1017.2450294798225     
   998.05370817477547     
   982.09675932923369     
   970.50473131911042     
   956.97576956247633     
   942.79007256602267     
   929.51496693591253     
   918.20826942256394     
   907.75745061993325     
   898.94375785254135     
   887.07310133461488     
   876.03329103184569     
   862.28785323520856     
   849.07734569779745     
   839.73792825940757     
   831.98373987244122     
   820.59370707135645     
   811.30864649896569     
   802.02698520596743     
   792.04123332483380     
   782.51122750095556     
   772.17420898833961     
   762.81113092887153     
   753.22662933076185     
   742.02551463884595     
   733.38254709093439     
   723.30920477170139     
   710.87853876656106     
   701.17284318191855     
   693.22194818028368     
   684.35642083054563     
   674.39830125250614     
   665.20881063932461     
   657.05290109385669     
   647.36402010611994     
   638.91010623025227     
   630.84468705031372     
   621.39178309605393     
   611.63444015401001     
   603.21823480143939     
   594.01043235922020     
   585.91379023734771     
   576.51561523812188     
   569.46254329410442     
   561.45926251386049     
   552.70077046995596     
   544.76106086201571     
   537.01258756699190     
   527.92267665196562     
   520.50678808935936     
   512.00470645761459     
   504.32326591566607     
   497.38102559385595     
   489.88234727345070     
   483.50355198578615     
   477.50797451902821     
   470.35513787220333     
   464.10414157407320     
   458.02660560540039     
   451.94516841291374     
   446.66442252663455     
   441.89755138271147     
   435.38314223194351     
   428.94325960316064     
   423.18460984259809     
   418.11154885787550     
   413.07727167394745     
   407.45947034450433     
   402.05200609836544     
   396.40297094776110     
   391.80213298244144     
   387.06193299845756     
   382.47682511076340     
   377.09207466399425     
   372.18441909732348     
   368.21886157563728     
   362.97982432573679     
   357.44096010090641     
   352.90563364063433     
   348.45444383788862     
   343.88696776940765     
   340.13617657032052     
   335.84877960451513     
   331.36068647831053     
   326.95757709773187     
   323.79746428537004     
   319.62082324932589     
   315.45270635431694     
   311.34698755879958     
   307.77303848521319     
   303.94841117922840     
   300.15878854020087     
   296.24408099858942     
   292.51310732682862     
   289.52463991359411     
   286.27243845779947     
   282.83280223366364     
   279.09265954721195     
   275.60794433875333     
   272.26876424858352     
   1019.8446554682383     
   1003.7758028588728     
   986.91182332329072     
   968.34776244850332     
   955.52022165325070     
   946.71315297155854     
   933.65646524413501     
   920.54211702773034     
   911.77647593104348     
   898.68146974367676     
   887.58633969638845     
   876.44303281587213     
   866.83687164136938     
   855.68740892735286     
   845.99280177963021     
   834.85803810744540     
   824.47402239142502     
   817.23012544388894     
   807.03228570394981     
   794.55304249040887     
   785.83427979263058     
   776.62939486468463     
   766.91400706139007     
   756.34297198388936     
   744.97610193329308     
   736.51401046664228     
   728.54461792624079     
   718.28416049285863     
   710.17350288463172     
   700.00086315681369     
   691.21613134420534     
   681.39761168121140     
   670.71408393014212     
   660.83318425685729     
   649.63928031225862     
   638.72595947552088     
   630.09921666360481     
   621.25973081609402     
   611.62366425029268     
   600.96661712108937     
   592.55974514826210     
   582.65072320059733     
   573.88752864484991     
   566.65393534398595     
   557.82980987594624     
   549.78044198292616     
   540.25598050359645     
   532.58752036096723     
   526.62132081171455     
   520.14552568980082     
   511.85514163135372     
   505.09229796346182     
   498.39663646534990     
   491.64340085542312     
   486.17546614699455     
   479.89812720934600     
   472.92812353950467     
   466.58370358456705     
   460.71389212859003     
   453.90759324255532     
   446.74791079650663     
   440.71779334532005     
   434.20465444793587     
   429.26591157267978     
   423.93069587969740     
   418.31540581569101     
   412.50261372226959     
   406.31669617740079     
   400.72240606197283     
   396.16727218331664     
   391.32305233486886     
   385.56338086480605     
   380.80008565476987     
   375.76561523218936     
   370.31112198628261     
   365.96739075015751     
   360.67723249059668     
   356.26518466906111     
   351.58880492199523     
   346.89153913367193     
   342.92202406011074     
   338.75450215974752     
   334.27591591781334     
   330.10629598961503     
   326.01318315087593     
   322.23955335798036     
   318.12123737627883     
   313.81186875053328     
   310.52495229109138     
   306.56490231839530     
   302.63600661493251     
   299.08280371397672     
   295.39952586632319     
   291.89575540720011     
   288.55851864653744     
   285.15011619744388     
   281.60104049570060     
   278.07535632229138     
   274.93886385892870     
   271.86604447535768     
   1023.7764248368522     
   1004.8438135415936     
   990.05217222156932     
   974.55810405946875     
   962.42969204831900     
   949.66726189391738     
   936.57354747911722     
   924.48677782467576     
   913.73926851844499     
   901.07627491958237     
   889.45814342031940     
   877.89056376092753     
   868.04318735684410     
   856.61270739003851     
   844.57651234564469     
   833.98243454609906     
   825.59830221201810     
   815.09966771615893     
   805.44026230530255     
   795.24506938140939     
   786.72657007462885     
   777.89283081282667     
   767.18621533241253     
   756.46888943407521     
   746.67093818031105     
   736.42704835563336     
   726.86146647139992     
   714.91508145044656     
   704.66515046350662     
   694.52789683485776     
   683.54771010271918     
   673.99263416803103     
   664.27871531656513     
   655.04250405609105     
   643.69054624424371     
   634.15826016038818     
   624.63522499784494     
   616.18268107486028     
   607.35669768233606     
   598.46776298741224     
   590.23303067938502     
   583.04447498470142     
   574.30896385872154     
   565.57169236314598     
   558.49402238289963     
   550.61008805243432     
   542.21841996290527     
   533.92658721446765     
   527.48334951233505     
   517.79640298758397     
   511.01270195367357     
   502.66915841362055     
   495.60698996970353     
   489.61140703207735     
   483.03380609835449     
   475.07413161046043     
   469.41957903927869     
   463.20416980890349     
   456.91805818210798     
   451.23747138534316     
   445.07978248741017     
   438.75937554073028     
   432.75252438143082     
   427.93967509747330     
   422.94272312801075     
   417.38466316623663     
   410.59999341898600     
   405.21080057382375     
   399.58167205449161     
   394.80679361329800     
   389.45205223399586     
   384.84100528535782     
   379.12239172205983     
   373.45322004241621     
   368.85442573784871     
   364.76235078621858     
   360.24940036305861     
   355.77548597264854     
   351.71609531101842     
   347.41753923694523     
   343.15259885240965     
   338.43565714318726     
   334.22823039546699     
   330.01564763121524     
   325.69103295450543     
   321.27733646138921     
   317.37663078687581     
   313.46515194295586     
   309.87714184020342     
   306.08493020388727     
   302.02611669049122     
   298.15532298149424     
   294.61108829112919     
   291.48106862995678     
   287.60228667142644     
   284.00375368614448     
   280.19820637801672     
   277.21064722540439     
   273.66501322385193     
   270.44445699198536     
   1028.9533388166692     
   1010.9779361325915     
   995.27740394289640     
   984.11438221589015     
   968.21553364839451     
   953.47663497134283     
   941.99470388594023     
   930.67792069650466     
   916.87622537220682     
   905.33060818271201     
   894.72362958183021     
   881.35800785929814     
   869.34667419078016     
   859.75465541711867     
   850.14342165362302     
   839.60801990580035     
   828.33327480131993     
   816.57385333349134     
   807.73689077862127     
   797.36309627692117     
   786.34689459601225     
   776.21134179204682     
   765.99578497230470     
   755.84154152120186     
   745.73617641642682     
   734.07245513637872     
   723.43738333770739     
   711.40362945126844     
   701.65323601518730     
   689.35652207076271     
   677.92867816891589     
   667.06089565230593     
   656.20644998496232     
   646.61287302105438     
   638.54038958313708     
   630.57593871144331     
   622.17904668940309     
   612.20929145870628     
   602.33837042989956     
   593.56995891037286     
   586.40855943332667     
   577.58027690274957     
   568.95919960143340     
   560.22110548659703     
   553.14648353236123     
   545.29808862749485     
   538.08538398694873     
   530.03454329548833     
   524.15686074860400     
   516.31888770529338     
   508.94279953900343     
   502.21612056952091     
   496.59943769019242     
   489.13719073325672     
   481.98660947583835     
   476.40490945783881     
   469.09433667435928     
   462.70794599908555     
   456.97331992230670     
   450.16580129917156     
   443.72511027497688     
   437.19379839121973     
   430.21617182016820     
   424.53865648310119     
   419.06166903845008     
   412.50237775436312     
   407.53604141466025     
   402.84080653001536     
   398.26739940716391     
   392.74422589208928     
   388.43866750976650     
   382.08896043280623     
   377.51658975211410     
   372.85011144129055     
   367.82284407600571     
   362.85541833960673     
   358.48898558608124     
   353.71342276578122     
   348.74577639802050     
   345.38423772318680     
   340.46564879275292     
   336.58168543584264     
   332.57113866024667     
   328.85921624794474     
   325.00950967009078     
   321.31793633277709     
   316.57888067968275     
   312.55153481018249     
   308.73755550046957     
   304.48928943936943     
   300.31200575102525     
   297.09662107525924     
   293.59638331686318     
   289.89205804875849     
   286.50644571263911     
   283.05814478527361     
   279.65869032957681     
   276.54654724549926     
   273.19638190250470     
   269.73878972070872     
   1032.3142483342765     
   1016.2353345290586     
   1000.7297456356662     
   983.83258186602848     
   971.29933342530740     
   958.92379305754719     
   948.29866551416148     
   935.48700337478977     
   918.62329681020537     
   908.55190411108856     
   894.66494589377635     
   882.46591073523427     
   874.91050469085701     
   865.43495163284683     
   852.71409698031073     
   839.93250921707079     
   829.57588162324691     
   816.63131666107483     
   804.09722067861890     
   794.64745403261384     
   784.46160152041534     
   771.17172226696630     
   756.81684884762524     
   744.86063751491588     
   734.02878485670294     
   723.00963108151336     
   713.45199480112080     
   703.68168228482239     
   694.09899544698271     
   684.22314071120616     
   673.84839451066807     
   663.61184531604852     
   653.00079014744654     
   642.44979593330822     
   632.11008680795589     
   624.19432061079510     
   614.48526857607817     
   606.46514918986213     
   597.47628765523336     
   588.96097424904656     
   578.97254775639954     
   570.05676808306009     
   561.56575023912490     
   554.71392019972700     
   546.83134510430875     
   540.06311151386080     
   531.45326793521349     
   526.06096444250102     
   519.15061565211079     
   512.41543781333155     
   504.43685975089534     
   498.78458582818791     
   492.71170019997390     
   484.74202951054156     
   477.90838768327933     
   471.61540975423600     
   464.97096167103666     
   460.58039586092195     
   453.86827323564160     
   447.28125375118157     
   441.23675222954614     
   435.24819697137201     
   429.77292720392882     
   424.13476452541585     
   419.27747724817362     
   413.39771697273943     
   407.71853537609667     
   403.20588985486654     
   398.49130354841623     
   392.41159470519972     
   387.62231135150864     
   382.67338206636964     
   378.06336693532143     
   372.65161832655861     
   367.99769667005114     
   363.55733187229498     
   359.21813028575775     
   354.43078272223141     
   349.02148197065867     
   344.06628690451805     
   340.62874555839079     
   335.96431599408976     
   331.94714367966867     
   327.91847688809730     
   324.01795241481830     
   320.57916141906338     
   316.07173427695119     
   313.10442004488590     
   308.35435677979888     
   304.33675852148536     
   300.50885064289548     
   297.59290006488709     
   293.98610592593468     
   290.50662524102239     
   286.87459392160770     
   283.75014326284361     
   280.24171713842424     
   276.41995511584508     
   273.05410199021236     
   269.66819581032422     
   1041.3114516029564     
   1019.5208460788378     
   1004.4861466801528     
   991.21216959960827     
   975.61853183827236     
   961.63869200345505     
   947.59973403974993     
   935.67745532332310     
   922.13460339637265     
   910.32337175980513     
   898.52610131020538     
   887.32635406686086     
   874.67937109348736     
   860.32950296218223     
   848.20514936732093     
   836.06868417765349     
   824.19832639423680     
   811.73418494958673     
   801.36329156507441     
   788.78858785964314     
   776.47096445312479     
   761.49226284596807     
   750.53054520538490     
   739.14824287036106     
   727.44052298594806     
   716.59088804384839     
   705.57441307594388     
   694.06693396927915     
   683.79037757820117     
   673.51000978162131     
   662.71242136343551     
   653.12282042732477     
   645.44471443866223     
   637.78098922028937     
   629.81593425949541     
   621.30986186604434     
   612.35040405624875     
   604.34146946049509     
   595.84713687968315     
   587.29017913635823     
   579.05281744228375     
   570.63465162642433     
   562.70003381094693     
   552.74178858555615     
   544.99983887718724     
   538.44595988323385     
   530.57807333689107     
   522.75949506927168     
   516.31823880549700     
   508.61267205783372     
   502.80230384850631     
   496.43952226490126     
   490.29834228133154     
   483.60491167391069     
   477.24627283909922     
   470.67306186916636     
   464.86064154719713     
   458.37438042720567     
   452.21332377432032     
   446.02434353660527     
   441.19983051974799     
   435.19458301853786     
   429.47578793894075     
   423.06528770456345     
   417.84792468522016     
   412.69651526260111     
   408.22024914714308     
   402.40240768623653     
   397.45852920378957     
   392.62843370979101     
   387.00685774441843     
   382.52709285212086     
   377.83946776114902     
   373.79070938130758     
   369.13809367705289     
   363.61117456221734     
   359.58241628530868     
   354.55987285436731     
   349.88808513657250     
   345.58967715560829     
   341.08486908769964     
   337.17179364215821     
   332.53843031293826     
   328.67596645179367     
   324.32176488006803     
   320.10926038476345     
   315.75514165912739     
   311.85112689564073     
   307.44446150140141     
   303.40509427853868     
   299.87160193827890     
   296.40000334586057     
   292.67284871542802     
   288.96477488657069     
   286.12898135515002     
   282.32920881063069     
   278.61135123704713     
   275.30758639043495     
   271.73951675648095     
   268.18211064135932     
   1040.0261487789965     
   1019.2452554774972     
   1004.5808029835543     
   990.37404732044661     
   979.23985267749549     
   967.33193331485609     
   952.65809385281091     
   938.98863209060323     
   925.89075633385096     
   911.61223373605378     
   897.96956050179358     
   885.54771508539829     
   871.42973190959037     
   860.40826423892190     
   847.80155819447941     
   833.86058260092545     
   819.59550929965383     
   806.87042966243666     
   790.41886051858864     
   777.86764907656709     
   766.89817821669817     
   753.58532241096179     
   741.89025208242333     
   729.58089374560063     
   718.43922410630876     
   707.42685820396912     
   696.36746572201241     
   687.30801130329758     
   676.22308160292073     
   666.76864083299301     
   655.89392904941246     
   646.12472389780032     
   639.57531945881476     
   630.55549737274976     
   620.68294242653485     
   613.46489947058114     
   604.30679041045039     
   597.44726436756901     
   588.13947933525696     
   580.61932497947248     
   572.60046698385111     
   563.75063130549972     
   557.51430485602441     
   551.27162039687846     
   545.37942605772264     
   536.57568455337935     
   529.22272294912159     
   521.52365957924394     
   515.65979548842813     
   509.10249636588702     
   501.84760993748768     
   494.72179885669004     
   486.23225291556309     
   479.95321808408505     
   473.26683280409600     
   466.31792939757031     
   460.79663159836628     
   454.65185055128438     
   448.26855496047637     
   442.26055902024768     
   437.01123665747639     
   430.71380926818904     
   424.77520054705599     
   419.90212336975003     
   414.29510562839727     
   409.80549266626940     
   404.31353338140855     
   398.54319908810663     
   394.00040036815028     
   388.02746281106033     
   382.54029793550160     
   377.70183558845338     
   372.53542068119373     
   367.03210197029580     
   362.59004318423331     
   358.25862229277425     
   354.16258194349672     
   349.57796382249398     
   345.21208257371148     
   340.82468113316946     
   336.92242658213195     
   332.75222430895042     
   328.11913666438056     
   324.17794094793845     
   320.65125555927335     
   317.22679843796931     
   312.54507714360602     
   309.36820380424103     
   305.34972249133978     
   302.20816043289193     
   298.27606428210970     
   294.66750424488492     
   290.89632122895836     
   287.82739401430860     
   283.68956406148470     
   280.23449315424023     
   276.51096103480279     
   273.15852918560046     
   269.62907548579329     
   266.04694895976957     
   1047.9588621611535     
   1028.2114948534786     
   1012.4943485831532     
   996.60866337464734     
   983.19945741278195     
   967.00078673701159     
   951.43377424299194     
   938.90920126929393     
   926.43089254768029     
   912.32281594396363     
   898.15411282527612     
   882.86666735426422     
   872.19792158809298     
   854.74123973600456     
   836.82983018153948     
   821.30538513279669     
   807.86834002253181     
   792.55195091784140     
   780.11570593671922     
   764.61821654410733     
   751.08936941093464     
   739.34836314450331     
   729.15230548193279     
   718.29982813625179     
   708.38091869497498     
   697.60717682160725     
   688.03849534106780     
   678.43439210206111     
   669.94287490962995     
   659.80089074299167     
   651.73090905017546     
   640.38734429045189     
   631.59553796922216     
   623.46179610782622     
   613.04743687951782     
   604.95604442981698     
   598.02850160169260     
   589.35947121258096     
   580.94650736664164     
   572.52131238175855     
   565.44363989643693     
   558.77728011935142     
   551.09066120726402     
   543.11819212961746     
   537.45290034411619     
   529.33651069966368     
   521.71576262357007     
   514.95152539786193     
   508.20223115907766     
   501.73117435466492     
   495.20916395135134     
   489.44945741544529     
   482.67883739421370     
   476.18393338214150     
   468.94647148464969     
   464.08127958754739     
   457.51340552297285     
   452.45117839131103     
   446.12600732693670     
   441.14430234529840     
   435.41090621623982     
   428.27797463707856     
   421.62495464155165     
   416.65834438303989     
   411.76822499550616     
   406.57606653244983     
   401.20253802539446     
   395.71719540728998     
   390.74433696807773     
   385.41212617461497     
   380.76622199643629     
   375.77137224201618     
   371.33948176649704     
   365.62385981450035     
   361.03981218125773     
   357.25289690735497     
   352.23070741851819     
   348.13050301223740     
   344.27666783487177     
   339.91192175292235     
   335.02576779643812     
   330.77179428635543     
   325.80636832277139     
   320.64107163938888     
   316.65563752589782     
   312.59610984012750     
   308.90466606086557     
   304.59789045062746     
   301.01658114504284     
   297.08479211042419     
   292.82894266970811     
   288.51169081581611     
   285.13789243608267     
   282.16112172334573     
   278.47561984184648     
   274.48548052014007     
   270.92246156043262     
   266.81451749676381     
   263.04640028427571     
   258.95513679614430     
   1054.0307175131193     
   1030.6564954838905     
   1012.6562216232335     
   999.11003119507905     
   985.71584856500795     
   969.26883784676329     
   953.93346685054746     
   938.05979875489834     
   925.93651147889500     
   910.74967077049064     
   894.50594050286804     
   875.34581650313226     
   860.41140014810833     
   842.83532816707827     
   825.04518378614409     
   809.76935377928169     
   795.21285880517041     
   781.80440862809519     
   766.85630826466229     
   755.29729659873385     
   741.71750851535637     
   731.77257575473197     
   718.50737759798676     
   708.28097604412187     
   695.73212708240328     
   685.38586473324426     
   674.13939633812095     
   665.23826189223439     
   655.74615526297248     
   646.00320645896761     
   638.10404104374754     
   629.93171478629426     
   622.58424460221249     
   613.45472546611734     
   606.72676395829785     
   597.88949126224497     
   588.65422537914560     
   581.01360036521487     
   574.24054150526217     
   566.11510262084698     
   558.29300729103977     
   550.41047761304299     
   542.65851275246462     
   535.45762404615709     
   527.68935344784552     
   520.81757817011862     
   514.87073858508620     
   508.03531986058988     
   502.65977915530203     
   496.38733458494397     
   489.17053395112333     
   482.39702966371146     
   477.03858211236900     
   470.45952922216804     
   464.65195744610355     
   458.69155719506796     
   453.54675572667793     
   447.37180308282103     
   442.02285158835514     
   435.04558572279308     
   428.02861834709410     
   423.73331632287420     
   417.39011730715725     
   412.41885700131047     
   405.43087249914157     
   401.13731695841130     
   395.39070600008324     
   390.42374183048281     
   385.86954813416037     
   380.51676732590664     
   374.42801978986387     
   368.53792410927633     
   363.56352407161035     
   358.49315985839525     
   353.83828681164687     
   348.57596609045089     
   344.12024534882875     
   339.23447533771377     
   333.30817403941478     
   329.68859583621656     
   325.65712588012434     
   320.51269488348430     
   315.88837329899218     
   311.80625170855285     
   306.91667188800045     
   302.17889875213706     
   298.23405068493156     
   294.12143342528384     
   289.71858097160043     
   285.74601262779606     
   282.19280718800854     
   277.74984996225879     
   274.40721781183532     
   270.56414516780524     
   265.98372712955302     
   262.30605477328902     
   257.39401000196312     
   253.07283350971892     
   249.24410387609248     
   244.59531611269864     
   1055.8991693268067     
   1033.6939380499780     
   1023.1266162761909     
   1007.2703009956592     
   988.58986968084639     
   971.51272914057665     
   955.58745572207818     
   939.77948059479854     
   920.21258879573486     
   899.14626177760101     
   877.60442370252326     
   859.79603602891598     
   841.16291228941668     
   823.97777794075716     
   808.42021691051514     
   795.42466809578320     
   781.02941854134224     
   768.76711240106943     
   756.69462128243867     
   743.40623720270435     
   730.17807160479754     
   718.88077879957973     
   708.11387870625356     
   696.63789173628027     
   685.62481330647302     
   675.12129658024674     
   664.29690552080785     
   655.78674633588446     
   646.27558580003279     
   635.71706318522638     
   625.19070241326745     
   618.81206021486150     
   607.90461176058238     
   598.90632646917891     
   590.85930205531633     
   584.58685719031018     
   576.42778004030401     
   566.52516706649658     
   558.74472535826771     
   551.21222577849085     
   545.02032096759808     
   536.98140664126254     
   529.94608675027735     
   523.53424006570879     
   517.68047765615870     
   510.25533982844365     
   501.49513255958527     
   496.25224002486863     
   489.60199927638894     
   482.73355860003858     
   474.44700816601949     
   468.31074255413557     
   461.47203010247904     
   455.09741099531448     
   448.01833721142003     
   443.10615423569601     
   437.65032756863343     
   431.70595140922399     
   424.55208847799145     
   419.43955935447519     
   413.12811585720306     
   407.77673938417104     
   401.83375301490878     
   395.52414262174261     
   390.35914984581115     
   384.55700137773516     
   378.67855784362791     
   372.90759347054029     
   367.47903300452958     
   360.62704434014989     
   356.06105307335986     
   350.69701359886619     
   345.94209306758944     
   340.09223460013499     
   335.45913716698914     
   329.54704643340131     
   324.98145144247059     
   319.33950947531224     
   314.77671426356420     
   308.65603177573774     
   304.51586696079437     
   299.62562990505694     
   296.28707610942956     
   291.64624165688667     
   286.00107940561583     
   281.95176358809096     
   276.68746941653347     
   272.60519469606612     
   268.52046666078098     
   264.11174145405039     
   258.82255792426872     
   255.01425034932777     
   249.28350885255230     
   244.94697400785381     
   239.95692660683167     
   236.32788023099496     
   232.23670876174333     
   226.90066958496340     
   222.32996847108438     
   217.06186013823452     
   1068.7881768906796     
   1048.1098949863970     
   1033.0501611561021     
   1014.7558888825474     
   994.06863141843291     
   974.66918876446960     
   949.75335452825584     
   924.00125064744418     
   901.31273030855141     
   876.90841510153723     
   856.59918555757849     
   836.60624130462952     
   822.26017216268451     
   808.34405516124843     
   791.22961708159926     
   775.26402682993523     
   762.57450555556647     
   751.40018086384646     
   736.99288080657993     
   725.96917795910235     
   713.45598930064682     
   703.92841136832612     
   693.23380888643408     
   680.20317999680799     
   670.60506852570984     
   662.56989502662202     
   650.55622652576449     
   641.78215709961523     
   631.62260690492337     
   622.43374083474635     
   613.33468898620129     
   602.39745194842396     
   594.96051200332215     
   588.04241356321472     
   579.90139006750928     
   572.03974798509921     
   561.68429659039498     
   553.55148800793279     
   544.33886407917237     
   535.58150082036650     
   529.81211334350746     
   521.38898183159802     
   512.99959183168551     
   507.91928282409651     
   499.75859425431929     
   490.42714290938522     
   484.38919294552159     
   475.18789158320965     
   467.64864028593649     
   461.00342279804340     
   452.21648306548673     
   446.24639674440994     
   438.30645345484317     
   430.85024477327579     
   425.57746489709126     
   418.70904738997729     
   411.72469382975862     
   405.32599190293377     
   398.60522906255596     
   392.46237647154373     
   385.91168754139812     
   379.85729282568934     
   372.85654641943330     
   367.43199868769727     
   361.53702661255352     
   355.05545600780727     
   349.39244811473878     
   341.17348426638728     
   334.61821356973815     
   330.37374222870443     
   323.37846776922083     
   317.79323734870172     
   310.63469038635742     
   304.03666807940681     
   299.69114637072846     
   294.04537427019505     
   288.09318041676840     
   283.95328752784798     
   277.39115568653091     
   271.48625777265391     
   266.20741075597175     
   261.37245779739516     
   257.33293606102438     
   252.64405783274211     
   248.24973653169917     
   245.92403499393981     
   241.11371877498101     
   237.32663674825679     
   231.24777397099490     
   227.11847174840153     
   221.47690007463484     
   218.85686080927505     
   213.53176642109682     
   208.20513639284502     
   203.57786755881597     
   199.23712177734851     
   196.09512406779970     
   188.82585420600196     
   184.54831111616991     
   177.17186624016833     
   1078.6875327176172     
   1061.9399311139955     
   1036.7867988632729     
   1012.6537210348541     
   981.22886714208096     
   951.14285450445266     
   922.62244675158149     
   893.43629381034702     
   870.01645501178905     
   850.46348847672084     
   831.97482791372749     
   812.96565580911079     
   794.11535857003332     
   779.87818342502862     
   763.61742279265002     
   749.28058622492119     
   737.41708706322754     
   726.48687829453741     
   712.92691100411844     
   698.45223086586498     
   687.56690407004817     
   677.68953855994459     
   664.62132755729544     
   654.27414527871497     
   643.57693233485520     
   633.73241949715214     
   622.07806347934593     
   612.53493171378955     
   603.14184051654229     
   592.68024888686796     
   582.50934419638236     
   570.46202109142530     
   562.02480134628354     
   552.93890042702060     
   542.13938919998441     
   533.98718789155919     
   521.66001321169392     
   513.00821055908966     
   506.16195801024764     
   498.72312393704635     
   490.15804282455747     
   480.47567627103319     
   474.89345547343282     
   465.53732368521503     
   457.79590950744870     
   449.47830448809418     
   438.93394941666008     
   430.19542331556909     
   424.09981008736156     
   417.94863103002422     
   407.95677279730961     
   401.43214515864275     
   393.36486470001046     
   383.87637473684856     
   374.89509118742831     
   370.64363770964786     
   365.37021166238935     
   355.96201777253691     
   347.83228051668772     
   341.03877286396181     
   335.50129107027516     
   328.15072751390750     
   323.38032264483695     
   317.07697843649356     
   310.67659703845334     
   305.30264759691886     
   298.60990569338901     
   292.18380914805431     
   288.17211008584366     
   281.62801395415056     
   277.29082904197980     
   272.06406130337228     
   268.24074420690721     
   260.98900584819546     
   256.32153537403644     
   249.54505712037633     
   243.76205686077765     
   238.85602953349294     
   233.97165551937923     
   229.61211941836521     
   225.16359104013765     
   219.28610211082977     
   215.27085872048116     
   211.28897929994508     
   209.56718757981946     
   203.10790662343669     
   202.51611480532574     
   198.03155951124359     
   192.59061749775543     
   190.51650902870077     
   186.25861624962465     
   183.78017189804277     
   180.91371286674729     
   173.10425868017720     
   168.14359667119260     
   164.69666247534028     
   161.45961082490174     
   155.42968554426452     
   149.03129261906579     
   142.87163250275140     
   1092.1846824819265     
   1069.3732033912947     
   1030.9026409644830     
   991.28148621433593     
   949.11464149371977     
   908.95512462187344     
   875.28579259610592     
   848.08006879494610     
   823.13162235441280     
   803.70584310340007     
   787.42696998321435     
   766.17524353404656     
   748.85771971022382     
   732.57826116021465     
   719.35552646056726     
   703.17382754703090     
   689.75469365769288     
   677.02282972296143     
   665.29234455424444     
   654.96422716377435     
   642.05339842953742     
   627.24985149810971     
   614.43396982884326     
   604.71458721036356     
   592.97797857870626     
   579.67025723782660     
   568.48322103618057     
   558.11788967930579     
   550.56805815201085     
   537.11532518107663     
   525.74175536548830     
   516.33087256617898     
   507.32856637807026     
   494.04040911677367     
   483.79563869648052     
   478.08532293429647     
   467.84937090694928     
   456.46466110529946     
   445.69871690469165     
   434.45305977373113     
   426.67574903904961     
   417.16852934126189     
   411.53366661365010     
   404.27016647908874     
   396.74534262304792     
   386.14647180911265     
   378.29367019117427     
   368.06612493742728     
   357.44584959651917     
   354.05552083595239     
   345.80756101458087     
   337.12023460999018     
   330.30095087562688     
   321.51929481139280     
   316.59376735195235     
   311.65556064048610     
   301.76524771454410     
   297.22722599136443     
   289.33881367956326     
   290.11157114594283     
   282.97488309331709     
   278.39682263684927     
   272.19658569128768     
   266.37495195000247     
   262.53153802316842     
   254.70091128755092     
   251.20011166459901     
   244.97522229576836     
   239.29845849156948     
   240.13996298955490     
   234.74378685054015     
   230.16761944307092     
   228.23570632806744     
   221.40398707398836     
   220.50075696750190     
   215.70552789802323     
   211.03977039321586     
   207.90102598714074     
   202.58172927207093     
   199.07057406005367     
   195.38772484301467     
   193.68729200553204     
   183.16842141839680     
   182.87379430203566     
   182.30369058739007     
   182.72564565500736     
   178.32001131086841     
   175.28657342992085     
   174.03183716948388     
   168.78001939998782     
   163.85030687694524     
   165.14818576419933     
   160.61734912592880     
   154.58995183808653     
   152.70034609490239     
   146.02959134331562     
   145.60126063693713     
   135.31190737904927     
   126.12326857246171     
   118.78065070477720     
   1115.6513092539426     
   1067.7494025024407     
   1000.7084141022333     
   936.48146519985971     
   877.25614972236031     
   836.17524906167580     
   804.48296408683393     
   771.70588763312924     
   751.83433927189617     
   732.45133337138373     
   712.96436013309994     
   695.04170189854210     
   680.61555354025381     
   659.48016362139526     
   644.66106406507197     
   630.39761717605893     
   616.23295175416888     
   600.97622377483617     
   587.43516939368544     
   575.09399985243181     
   564.07755936935780     
   548.45370036220299     
   540.72558597810144     
   533.27746695352516     
   518.29927825182756     
   501.53474262215019     
   489.92432931217678     
   482.94253270017242     
   473.90706843230510     
   463.99369007732321     
   454.96250722562456     
   449.27804410063345     
   438.13827153436722     
   428.75348762852360     
   414.78962014660436     
   408.19160198398157     
   390.29787117036460     
   393.37205243634787     
   379.44484807198626     
   369.22476996715397     
   364.23578916090605     
   355.16906264810592     
   354.46034757760157     
   347.24714063354594     
   333.99989871340136     
   336.45406862648099     
   325.36731988055197     
   313.72407165225468     
   310.88518849846935     
   310.89438745163960     
   301.32074950369730     
   295.23659147713624     
   290.26041899701607     
   285.00153091820397     
   278.49667909789127     
   274.36262460188357     
   266.63365361997745     
   264.21275731537361     
   260.55638272794317     
   256.66522829565935     
   248.80252748560099     
   243.20888616650032     
   246.69255930657158     
   241.02017114422881     
   240.40326388361373     
   232.82623380473839     
   230.89020135526334     
   223.78561608997830     
   222.13336967588765     
   217.46843254449087     
   212.19579847724276     
   211.33639195036483     
   209.88484258080203     
   204.88962421347873     
   202.82867511140563     
   201.08349750776543     
   199.54815643540496     
   196.47324576458030     
   195.20863428693474     
   187.56073153337326     
   183.50152298995829     
   178.16204303067695     
   174.57527005282410     
   174.60783040711328     
   170.72766462752975     
   169.20374696301661     
   170.02176331319194     
   162.62828665447549     
   165.00474089161554     
   165.11375770721259     
   159.24446857145711     
   157.49038774004742     
   150.22313715467925     
   148.43885573087047     
   145.92612995074884     
   137.91698581207277     
   133.37793142533928     
   127.32191523641382     
   122.68534423234772     
   111.78596422356642     
   1147.4992620263708     
   1051.8656222279692     
   949.18043656815814     
   870.52403993098824     
   811.60552007359502     
   762.11454577185509     
   728.81064611616239     
   689.81766928775278     
   670.61559757183772     
   653.46023749477570     
   630.61380559789927     
   619.48281635954118     
   597.67955838035630     
   583.86731883866685     
   570.78884039434467     
   559.95795317963041     
   546.69561925181620     
   531.50891253022678     
   527.77454061846890     
   505.80242471842865     
   489.55649193903474     
   480.87480989065557     
   474.65473812889411     
   471.60826166169687     
   459.50408123703482     
   445.91864375316663     
   435.73872558524982     
   430.91286241672964     
   422.54444703782110     
   414.40006455717224     
   408.07490779021367     
   400.60260464444963     
   397.63031745461467     
   389.59241045996305     
   381.21954647064126     
   373.85376415863607     
   362.19251559491443     
   357.48743394272515     
   343.63627702690462     
   339.77613388638451     
   332.95946624777167     
   325.43448849275194     
   326.57764828322775     
   317.02158811500391     
   313.98547338708192     
   309.32062254861961     
   308.72440231818388     
   301.17442277393690     
   289.72061450314135     
   293.95604783573833     
   283.60293845965947     
   279.73735302964008     
   279.64837045259173     
   275.09959919525795     
   266.59224575537536     
   265.43776209650684     
   259.21372864320421     
   256.30455819324948     
   257.05281610664548     
   247.67802086441495     
   241.79965662069969     
   238.13323877490066     
   235.83893499737721     
   234.57140740193606     
   234.40155092633827     
   225.10826902774389     
   226.96628286277462     
   224.09919989846068     
   214.47930544452126     
   207.26394765501055     
   209.02466843127476     
   208.51166435212150     
   205.57490466050666     
   201.99798089095736     
   203.23168157365222     
   196.92690350213795     
   193.02045567148770     
   189.62422156888721     
   187.17983508125479     
   181.82071274432664     
   175.09225977157053     
   178.53580169744646     
   171.90181783236261     
   168.60512750061355     
   166.98908105978620     
   164.29593001698441     
   167.55321578983728     
   160.58509165987351     
   159.42223525783851     
   160.41352320875356     
   157.04783317339354     
   150.17830904634621     
   147.59453404790082     
   146.93239497285956     
   141.91774272275484     
   133.91572647547926     
   130.00469908166977     
   124.17347037400967     
   116.89800451138316     
   107.76185937475036     
   1194.6120967273341     
   1045.1345641267253     
   917.09175785958109     
   830.48259351384365     
   765.75682371356459     
   716.36389215891836     
   676.60269994472094     
   641.45721927558122     
   625.21349088753982     
   606.35645034090521     
   584.74884485013422     
   570.34066588750545     
   559.14246468805209     
   545.60507385269193     
   541.69667887446042     
   530.99769454834893     
   508.59144523711808     
   504.88734173165375     
   500.79919960527241     
   479.71060253362032     
   460.31054555248210     
   455.89675171990848     
   450.67345775661340     
   446.34950951727865     
   439.61297205482691     
   427.13972742042688     
   416.65899617274397     
   411.68773104395871     
   418.11926470137462     
   410.50693792526198     
   406.15123034697388     
   395.94939127743811     
   377.20221851945553     
   382.29639588646472     
   379.85908161540652     
   361.59813424499907     
   358.02810822628760     
   351.33257536926124     
   344.98905358254177     
   337.99071011666319     
   332.82585036074437     
   321.34591301067263     
   325.99447589329009     
   320.77676432451852     
   315.64958282767884     
   306.36975682340773     
   296.24609171485537     
   293.89459652634378     
   290.76484878800068     
   284.59559964345209     
   281.58671401494956     
   278.78558395636099     
   272.23870168561609     
   269.72392150988702     
   263.22984608206463     
   254.59935488969737     
   252.54964692609951     
   258.80781856963870     
   255.65664530669213     
   244.12992899587616     
   231.72256698779452     
   238.72759052460054     
   232.00026289898247     
   231.56319690169127     
   227.15676437042507     
   212.51183049535427     
   218.37310999591188     
   219.06980248940135     
   209.67945879032399     
   206.46449365797508     
   208.35468710758818     
   197.71051805004595     
   194.80967181502643     
   201.40868654416076     
   196.34714605662560     
   199.29110411882948     
   191.44257466728453     
   189.90322793211681     
   187.40373876261643     
   178.48969797112721     
   170.14494010155369     
   175.25223119157991     
   165.06632933483786     
   165.08410088235658     
   162.56270231785535     
   161.64478666592521     
   161.07628242868347     
   161.86431427682265     
   159.03994242935352     
   159.14684535338978     
   151.08930157381721     
   144.73228091123605     
   142.62273828696505     
   139.90725044233056     
   134.35463033217277     
   128.41940352230355     
   120.84151999110847     
   120.19598770404940     
   112.71337079183309     
   99.141059004929460     
   1245.6245129667620     
   1070.6657159092399     
   940.17442235049145     
   836.71941554272257     
   767.83781777903414     
   707.78947597817637     
   669.17276096935484     
   643.59191059893772     
   617.71306951578561     
   598.74431259064158     
   585.69086553693933     
   569.31240615834679     
   556.09009959232571     
   534.33301873008679     
   524.59694737517532     
   521.95854144086263     
   508.59696432373113     
   503.28300593185116     
   493.30862624525230     
   482.98402434740603     
   458.13625879439360     
   462.40254681010657     
   447.39067948827170     
   445.09947524872916     
   440.59478144798743     
   423.68081852539046     
   415.00869269009263     
   421.36591629804281     
   402.54455638138461     
   401.32315239320900     
   408.02335677806229     
   395.74175343442727     
   392.59670241872118     
   373.01431272978118     
   372.40259477892982     
   364.44285045400039     
   361.29469002440385     
   360.43790312007695     
   352.55997468931622     
   329.59954183270474     
   325.05561519007625     
   317.46813626516735     
   330.88731014933711     
   318.01885840293812     
   320.99408846118286     
   316.73638476495705     
   298.70595896608785     
   297.86601414305443     
   302.00073059402604     
   288.04335991609878     
   273.77151309820829     
   281.03550932888334     
   268.33847267331691     
   269.36728846505559     
   259.29274118545777     
   255.57835211107883     
   248.96298395031101     
   249.59494775131236     
   245.26008819085280     
   236.31143157089028     
   238.66137422328086     
   234.04008535597688     
   234.44599220536745     
   231.75655876493528     
   223.71992516971943     
   215.13617836164508     
   210.71413319014195     
   211.51911319556177     
   204.54776749092957     
   207.01329976778970     
   199.55275049538159     
   196.19204806218096     
   187.64491418356218     
   191.26469679705386     
   191.47846828028304     
   193.00757838897187     
   187.55048316271967     
   188.83363690792737     
   187.57531533852941     
   177.69673145878915     
   167.07216096341691     
   164.95670196542946     
   163.85843829554403     
   165.68374289106086     
   165.41462281477902     
   157.91629174982629     
   160.79377482134655     
   162.44240557342019     
   156.26648836767282     
   158.52097825280140     
   152.53272906242313     
   137.11612925870821     
   135.59995794624038     
   137.35674701914002     
   136.21194481619500     
   125.33404926016892     
   122.94107132797336     
   113.70866016815560     
   104.16743819666158     
   94.027018334310938     
   1293.3482797786044     
   1118.3092509224798     
   982.80796463725528     
   870.59280299595594     
   788.61346175943845     
   711.64285856772779     
   679.09196781757782     
   644.71754923937681     
   613.22675025810736     
   597.46971337245088     
   581.82683457668804     
   580.03548703615184     
   557.19324009367756     
   527.26788481087738     
   512.59105120167555     
   509.52233582603469     
   501.72262589007647     
   491.91813975539043     
   483.08825665618951     
   464.04761994992054     
   462.20870448184661     
   447.00328135452997     
   453.53795318304572     
   444.75859748024749     
   441.21787911096459     
   422.91562002174510     
   408.06482041005876     
   416.15821416139846     
   404.95616385999233     
   406.02844268253375     
   402.29891229055931     
   406.80069357431591     
   400.92030676284446     
   373.35987119814968     
   378.75127609641152     
   370.10387628381130     
   354.90847060749059     
   363.05070598448992     
   348.39485105548022     
   328.81934282448066     
   333.11849194440015     
   331.78659178314564     
   328.95282184686027     
   314.14136700305062     
   320.58970562940050     
   306.33937324383390     
   291.94705842545238     
   293.84656835065493     
   307.32692390444112     
   286.68758190304686     
   273.55437316674329     
   271.84186195302163     
   267.16149746324430     
   265.52726976057573     
   261.85229096577382     
   256.22024320959775     
   242.40266233758442     
   241.71258798377048     
   234.56005320581028     
   231.01106211241154     
   233.70452642796576     
   233.85525178478923     
   230.01578468274647     
   230.63888824614259     
   218.64692987941118     
   211.97250680031638     
   206.77183937477298     
   198.06381383557579     
   202.53372814879003     
   204.76221826469953     
   204.82260314511299     
   197.92212170245750     
   186.67822938231973     
   178.76852359905379     
   185.47323397339676     
   190.33917687975932     
   184.95783001987638     
   181.68942319845294     
   176.37824804399673     
   171.53105754552342     
   165.34345991667084     
   159.30165754802067     
   159.90877721932645     
   163.94595174547777     
   163.32363360934576     
   161.82103945579635     
   157.82578652712743     
   155.70241344348824     
   157.83376421675800     
   151.12550377637547     
   149.09684685110312     
   136.30252565793634     
   128.18171748421619     
   132.81183377349538     
   126.33604595023974     
   122.39586986348220     
   117.87574419716944     
   110.68172449405075     
   89.972794610345474     
   83.620978779054767     
   1326.8407872040762     
   1153.3663312293447     
   1029.8080907629887     
   918.72456948225556     
   822.95623912490782     
   753.66392533530393     
   704.74560297347193     
   647.26665828121872     
   618.67605058892275     
   598.64098246848346     
   587.80992248400969     
   578.40675888160547     
   574.81983532695358     
   543.26446742800795     
   505.96939720957590     
   486.95115436673825     
   496.32303471938644     
   491.29599953784987     
   466.57772094101608     
   445.76341306917692     
   453.61451301560191     
   429.44433105244093     
   442.65206723688277     
   432.90778916002830     
   448.39776327805527     
   420.13007538126601     
   400.98140328251316     
   408.22535354624796     
   419.89098814435391     
   408.24429714316761     
   402.70642434830751     
   405.75519753612923     
   405.45285623082327     
   383.22056464648682     
   388.10753131041326     
   367.87439910120651     
   362.64035554744243     
   354.21916075617389     
   355.27338142277711     
   338.99319875963079     
   332.90263764277114     
   321.28064400880425     
   336.59621481176515     
   339.90407189373826     
   329.71133667126628     
   300.76422782224228     
   300.49609358731817     
   297.85599361786069     
   299.22115432792759     
   276.52316184485073     
   266.47028366717217     
   274.94838256703235     
   271.67284612094863     
   264.56582388547287     
   264.11905331647063     
   251.37973902429368     
   235.91752129535666     
   241.96880150530197     
   247.96590951993446     
   235.79944075059598     
   235.67616697401607     
   229.50422947125395     
   229.78155798917652     
   232.26040490814080     
   221.57484728289413     
   203.93757329261760     
   210.19828519030924     
   206.21743076015716     
   206.44542747915023     
   201.28753548614804     
   190.38041120420326     
   177.87669550187485     
   172.90430894081925     
   172.19177211905327     
   185.02353764216792     
   193.13959339945490     
   182.97448143270674     
   181.74480382594635     
   172.10978259075551     
   163.77225065636378     
   162.00669141019949     
   160.09258810145653     
   154.26196655659112     
   152.28632028181784     
   156.43603870971910     
   157.45904421982610     
   156.73406986202974     
   153.90900474429918     
   148.46195676481580     
   150.72791468232575     
   139.98054626140112     
   127.79245571505210     
   130.52192057189251     
   130.88874115493059     
   125.05063546746189     
   118.86410758605558     
   112.55604606627449     
   103.92523004012537     
   85.450054841643279     
   76.137059060118773     
   1362.4245385246575     
   1210.9618835335136     
   1081.7384014607678     
   961.05234450710248     
   871.11638817321534     
   796.98340335788964     
   732.03941909205264     
   658.61123158283954     
   626.52641805986730     
   600.76735813666994     
   592.70129461457088     
   584.82525498634857     
   605.10989943530876     
   568.26867967132489     
   512.65645160342888     
   468.76824604602962     
   475.64651741988757     
   472.93157803387226     
   474.63024260085092     
   474.06218867140745     
   433.92558821496698     
   427.24810227383830     
   432.48412034156127     
   443.06948063809813     
   443.74782710215584     
   418.01532671958699     
   414.14986491867325     
   394.76724121507607     
   412.26288789631781     
   392.97069721359571     
   393.23938773508564     
   393.50703853684138     
   387.60457151072859     
   385.23031811067517     
   390.94755696322807     
   366.39253362632491     
   380.01010394457057     
   359.75377994495034     
   362.55082301896340     
   341.33016594850488     
   327.63554966254208     
   316.22603560369487     
   333.79531304367003     
   353.68120789511659     
   319.65010339308128     
   282.06335377048828     
   276.69937004635568     
   288.83674692572725     
   289.24250644073328     
   269.22968181826508     
   276.95989227584118     
   260.45116611434707     
   259.20393273535632     
   253.47225976621357     
   250.84033743653708     
   244.02099749119111     
   257.99152949552808     
   257.85951841102218     
   246.82722247105102     
   252.13366152431036     
   244.01336425881377     
   239.30854050374214     
   238.16185979642034     
   230.04668729462819     
   233.94355927637025     
   211.12619149386416     
   216.84570542123819     
   223.54000925114264     
   220.06632068353480     
   195.22378126435635     
   198.57409156183647     
   181.84046288317279     
   174.80946313945776     
   179.18201668025418     
   190.99048694137863     
   199.89701145724314     
   181.77260526561707     
   177.28096322379878     
   177.43712120456343     
   155.81001978270206     
   154.64911274581121     
   158.05089602980689     
   153.72910502653653     
   150.64614442057589     
   146.54706199253684     
   138.80187542728265     
   152.58025611031877     
   156.15410543068620     
   150.98247034673142     
   144.80074449156629     
   139.71265900493620     
   135.83680424379767     
   133.33837469391500     
   122.82095285093806     
   125.74807098687403     
   117.54244232932574     
   105.54497196277069     
   110.84474089337654     
   86.830634920770294     
   72.179372815120075     
   1373.4230328717576     
   1244.8867506243619     
   1110.5888696512052     
   993.01685535874424     
   882.39299762628866     
   812.09278832997859     
   746.18835572464366     
   697.33736635618857     
   660.42184608955006     
   613.43836315777480     
   614.99575848625250     
   606.20698229439483     
   566.20961536510345     
   569.51791311613681     
   511.15938959789219     
   471.64741788353274     
   464.34706459698629     
   465.55508329778036     
   453.73403881669390     
   453.32188820757540     
   408.72456905208287     
   434.81229249103689     
   417.44715686542264     
   448.28335726728369     
   443.20438114651324     
   445.39928646722637     
   410.76454504485781     
   436.28263189424445     
   428.37323372689309     
   414.83123285934153     
   420.10528096865255     
   383.25821210524998     
   385.47105742870514     
   407.78623295193199     
   410.94529731830676     
   366.83653950217632     
   374.98075973940661     
   369.64632149234802     
   366.19150821147338     
   341.91512504734453     
   323.96787143099777     
   320.66721302746379     
   328.49324353387459     
   344.05321800540321     
   303.41991480843257     
   304.82192553185803     
   270.11191859982398     
   285.85000349049085     
   257.59165955126042     
   260.26166364039915     
   281.87767536278761     
   260.86873098282928     
   265.43615639998353     
   260.27259591918346     
   233.67854283429651     
   250.95913964735897     
   263.01343864834064     
   263.35630864699874     
   262.20373263649151     
   246.69573112963755     
   247.56856759101953     
   257.85460694319494     
   253.44435829843803     
   246.97155860774546     
   236.95931457967646     
   222.47705485925476     
   223.66682157078498     
   225.11007365608907     
   216.23022464310725     
   195.61563644654586     
   198.26820931317081     
   183.09170076673828     
   170.47834707298787     
   179.54452510340298     
   193.39643505295564     
   190.57434354870216     
   176.31318447377333     
   175.03727135519847     
   173.95829060342447     
   154.59665264636178     
   159.50344041235169     
   155.25787264550110     
   139.37559440623332     
   143.97719203638792     
   141.21519520365200     
   139.08667482155587     
   140.79524995557856     
   147.36204712610316     
   157.42325396451253     
   148.24702400842307     
   145.30869626131155     
   131.48943399269967     
   129.31404069797310     
   127.61351724183359     
   125.81970048788594     
   117.21902234605211     
   103.93184000931103     
   103.23978775353117     
   92.126119668262987     
   74.490906981745766     
   1359.3798875876287     
   1246.8119328993689     
   1087.9121372557670     
   987.35746554608420     
   932.05004247617535     
   859.91764707963512     
   758.05334203533437     
   701.70967598876950     
   672.41817309979353     
   610.94216620006057     
   639.38476181740214     
   606.64841165274959     
   565.30449720754712     
   532.22220226344393     
   488.34394066259659     
   415.63829637106011     
   418.79185483093875     
   459.28922459152909     
   479.82275881485788     
   430.48375206555431     
   418.93653544200549     
   447.20050990901245     
   421.99929364431296     
   440.14543395557808     
   428.89473240500973     
   416.20894726371318     
   415.03932513260952     
   446.53496832055009     
   421.18051361152357     
   410.95080842640618     
   428.39760672975751     
   418.92595289637956     
   394.00882714950376     
   397.50564000491227     
   433.93368695147780     
   384.08668974508976     
   358.48510348859611     
   380.71820255159480     
   357.01907355932133     
   355.28371236815474     
   344.39747286485664     
   297.64256006059315     
   320.91076585202461     
   339.42039392922186     
   303.14743604248565     
   299.47860748885074     
   275.56448453619714     
   265.73524627794598     
   296.90780950922829     
   286.01230220426282     
   288.29518135551200     
   270.17852095222452     
   283.11762126865574     
   273.12924882675094     
   241.77209795242726     
   252.54639597583162     
   248.70639091402961     
   261.16054314053190     
   252.56254740359492     
   237.19922264725739     
   241.56364060248657     
   265.23288879903737     
   263.58299132635807     
   250.15688448649780     
   236.40288911280311     
   245.97884366518429     
   248.47711895190423     
   231.29218013123074     
   218.99279484400887     
   203.85553802762090     
   209.29850976380317     
   189.46181196019381     
   178.07314686771520     
   174.98209368236041     
   185.67296355344280     
   185.70524330283916     
   171.98777958044292     
   180.79915120484000     
   170.46574810089632     
   163.10478132999373     
   156.87254502994114     
   148.94360525736641     
   149.51718564968132     
   140.04082625475314     
   133.95770854564097     
   141.17014877827572     
   149.04633468095079     
   159.07687491360628     
   156.36151849311085     
   156.41243735061443     
   143.21643238575149     
   134.16450224864710     
   124.76923596883928     
   133.28420631639972     
   119.85785788689073     
   118.29755996813205     
   107.48502720055296     
   96.762621595406614     
   83.323707034289413     
   69.586231034133618     
   1363.5159237324101     
   1233.6552869932470     
   1104.8707851903932     
   999.07460305519612     
   999.34511859026929     
   869.50378330812885     
   765.82815277216469     
   702.77234676389560     
   674.95449926181232     
   636.64531239271400     
   615.82560274437594     
   613.33713324819189     
   521.06911169090165     
   469.28673430511435     
   429.50203802836495     
   409.56205788921557     
   424.24005801970446     
   474.16212068547497     
   506.23008080156143     
   442.69298445732653     
   405.54074388718516     
   460.30892455961794     
   419.48228661388976     
   407.46926011659366     
   392.87889134197803     
   432.05122275064946     
   416.75761623530536     
   423.56973700486083     
   417.27645240000692     
   384.26260036017993     
   403.98889968929348     
   404.53204236906095     
   388.69481983680049     
   435.30311553688483     
   412.11814307203542     
   365.01334949578700     
   354.42651477636036     
   357.89039486984501     
   369.75526756735815     
   360.84733612997638     
   345.81998265977069     
   306.34223640942054     
   305.37535732617118     
   299.59985443166488     
   296.88123250159259     
   301.77930172128981     
   263.85314234122313     
   259.61540209321066     
   285.71242954120862     
   279.38051707201384     
   295.74322346994455     
   297.59634153237084     
   287.00572506230878     
   276.70228200319639     
   257.15707291767131     
   255.43775174887969     
   245.64789906168056     
   240.51488137805040     
   237.76275897016012     
   227.50931477799676     
   247.97869838436156     
   254.68103218518544     
   242.42260570337854     
   242.98503022643160     
   241.32699001197255     
   235.11322140091715     
   248.37167753648873     
   209.05622436345476     
   210.53089038777844     
   201.41797902601127     
   204.41095383164082     
   187.74441161973780     
   175.82665278771623     
   169.30275461262445     
   187.34586204614507     
   197.12674952428691     
   162.80998070951466     
   181.06327394695890     
   169.86086726117685     
   175.34226699681767     
   165.92468287504539     
   157.82129444814356     
   150.41051323446561     
   146.58055157069884     
   132.57992062235337     
   136.31477229708122     
   144.73149645432264     
   155.04892140325697     
   154.72917268944002     
   144.91901419622403     
   144.79945648139511     
   134.30889728139113     
   119.25132236704249     
   117.88785099134500     
   99.634685111314440     
   118.95585415348413     
   109.92145818805155     
   99.579918065688105     
   72.703152435021153     
   72.140106559169112     
   1398.9920625122063     
   1262.7216405973154     
   1139.4580077903229     
   1026.3176405443885     
   975.10512932969243     
   887.48164620665261     
   734.82347088951678     
   746.03826704167568     
   695.23823219216456     
   694.47273033758893     
   655.27484569117678     
   580.95394612659936     
   556.89483561610064     
   508.31107135978800     
   420.24555113739780     
   363.21564541491466     
   443.77429079060170     
   511.69326038446820     
   513.19346806337273     
   476.80292903417637     
   386.75592459414366     
   451.36252531307599     
   447.77125108593361     
   403.11545432987651     
   380.19759066896097     
   404.69036637451688     
   442.03641114753140     
   439.01447067352461     
   419.72506899437349     
   382.51209398631522     
   390.46457031148100     
   424.89894868598361     
   378.83099957466175     
   436.41554338604146     
   410.39024657742243     
   366.08294071772059     
   387.83081582344334     
   360.65161989247088     
   390.66565359145483     
   359.72627156458486     
   358.60436205808884     
   324.46674832566697     
   319.72826935642803     
   312.96254756253916     
   291.25983523370633     
   269.44026248440207     
   286.85529579078332     
   281.72420868233479     
   267.27271825852011     
   275.55050799390528     
   313.82908356243729     
   292.75762772177450     
   273.55703492846430     
   253.38032367253274     
   256.46536300627696     
   237.79023244309855     
   238.50582440455238     
   226.87602355918131     
   211.88735209897544     
   220.15223292358641     
   235.90627263449369     
   246.25402281987192     
   253.42395890288327     
   246.74524140109702     
   246.39325310185933     
   233.96579037976369     
   224.46744488510404     
   197.11541496046317     
   181.48472794742597     
   185.99605855511305     
   195.97187102386772     
   212.83853866031450     
   191.47692825902158     
   184.20183937044223     
   198.43777701567572     
   199.95512809837592     
   161.77696785371256     
   180.66087480323679     
   175.34815249937620     
   188.17973341192527     
   170.37068758424152     
   159.84925094057360     
   158.16439965038575     
   145.03914400309213     
   143.69059048365310     
   145.79492568551669     
   149.66963848780446     
   153.65465988749511     
   146.72646354162845     
   147.06532277096647     
   146.47050776632142     
   132.41548304783910     
   114.33684630928506     
   100.21777513594432     
   99.138876441480434     
   107.74585175909131     
   101.70385937122457     
   89.833031639213004     
   80.693538542160837     
   71.787655898638675     
   1372.6430258203657     
   1291.1863666325387     
   1141.1829488579478     
   1058.8003549574312     
   971.43821049773805     
   905.99124373066343     
   768.50730939956543     
   736.66155626424393     
   691.56514355546074     
   686.93001653936312     
   656.55649177805594     
   629.64437174061516     
   574.25907400635231     
   520.53666384592520     
   460.91348317558675     
   369.25842378664606     
   454.83279992304330     
   508.76783121224378     
   475.88715043149011     
   465.89102992050880     
   419.48510571234146     
   435.14076545039899     
   442.85923499815851     
   399.66561935801349     
   396.54860124661036     
   385.90970693932968     
   433.71683953147692     
   453.86581529124965     
   448.76404508895524     
   349.21187763107690     
   373.44239860966553     
   414.61664678731631     
   400.74631616402388     
   392.14150986753270     
   396.85674502779227     
   398.86965995672165     
   396.28182664042419     
   361.96560819123295     
   388.28555547221595     
   364.37884595443302     
   347.46197075893576     
   341.95774772234904     
   327.52192075421067     
   295.57341966887901     
   276.13648903517611     
   280.79425144533042     
   303.63724124709006     
   279.56485438431025     
   274.24335060984538     
   307.96934931392195     
   300.72959687140292     
   291.55279307149743     
   285.83408351616515     
   281.62143801693321     
   266.18076351253740     
   251.72688229410034     
   271.95197421850389     
   205.96277899203523     
   203.66023300351799     
   209.68298388060285     
   203.66736728318676     
   213.49000861809589     
   242.80362635580727     
   235.15368255460834     
   240.94256247838763     
   243.29025181549332     
   215.78782736115224     
   189.70657057338823     
   180.34280061403433     
   198.95618296245652     
   194.74313974872271     
   203.14972332968512     
   191.21558154548609     
   190.88918232332895     
   195.85188549863039     
   176.77302689375134     
   153.13181747811575     
   161.27948392421973     
   174.06051152229867     
   190.48552552341786     
   168.69062081114012     
   166.68898026829550     
   160.09865939137785     
   153.00833966133143     
   145.57355173077696     
   151.35006757133579     
   153.98865111065183     
   158.48494202033800     
   141.86332100266287     
   145.79417761760564     
   130.08903098200634     
   115.28466817126275     
   110.44369302436041     
   94.837396457332773     
   99.412539898800617     
   97.354638937908916     
   104.37587750781701     
   89.890839182875595     
   86.743367454831969     
   60.936191809035179     
