           1
        3200
           1
   931.01733892766879     
   889.23297080590828     
   857.87502337498006     
   834.89350822128495     
   814.13713776747181     
   798.69998955788617     
   780.14796783970610     
   759.50347805699948     
   740.34394366531046     
   723.91613922380679     
   708.01172908328874     
   695.66262861969165     
   677.54391679228854     
   662.71364171583707     
   647.99501017633213     
   630.86711949609139     
   615.30150275835831     
   600.61780696215658     
   584.68861822819258     
   570.35981479105908     
   557.28350610121515     
   543.91257162607462     
   529.51205104871156     
   516.75756352307849     
   505.80353296068529     
   491.93803579197663     
   480.85368453431568     
   469.50875056240216     
   458.20753433639698     
   447.05983737334935     
   435.46695760303578     
   425.07211257322399     
   414.16299002824474     
   404.44666634015414     
   394.75618008730208     
   385.79746425093310     
   377.01476133216937     
   366.95168730589614     
   358.72574993166398     
   351.12022134253044     
   343.10807564613361     
   335.16381123301176     
   327.45763658682722     
   320.35855715107596     
   312.79630478233901     
   305.99280902291849     
   299.41080362981285     
   292.67368353963712     
   286.27706164945630     
   279.90209725343516     
   274.31484095405426     
   268.33374396383704     
   262.57943457411830     
   257.58291250376487     
   252.14164412649328     
   247.22367496590581     
   242.52399165265473     
   237.40195917251219     
   233.03450367403067     
   228.61608825539824     
   224.17075675414435     
   220.09007613024446     
   216.04961174819346     
   212.03522500568420     
   208.37430328046804     
   204.25786328460879     
   200.91159441628864     
   197.17988312137894     
   193.05127223247689     
   189.65874534056678     
   185.99160472210619     
   182.17975844389920     
   178.05840090357256     
   174.28042692558216     
   170.57718543467507     
   167.17456127025679     
   163.48197945367943     
   160.47203919875429     
   156.89107779380618     
   153.60472895676605     
   150.44062128411963     
   147.54600720470441     
   144.36488621330449     
   141.52466842480410     
   138.66587986396070     
   135.95324368829367     
   133.31254930279266     
   130.76952851445850     
   128.20666834116210     
   125.80110352248266     
   123.39402369282466     
   120.93954482546953     
   118.62523475426092     
   116.21640199360800     
   113.97975548703621     
   111.76544427317693     
   109.58663381940012     
   107.54324753236349     
   105.44210553015812     
   103.38995041284161     
   951.64603417111357     
   929.47513332214578     
   896.61536625940471     
   867.97473061685150     
   841.56803989578589     
   815.74080874491324     
   796.93969328853086     
   774.77690242183280     
   757.90246108773931     
   742.77035954237203     
   723.64538460992969     
   707.07459435185183     
   690.27751920563583     
   671.80064949144014     
   655.07262294796237     
   637.21068064921712     
   621.67444922235325     
   606.90288235259504     
   593.53287099412921     
   578.92033410164026     
   563.01634636975496     
   548.26655116111465     
   535.91190037993624     
   522.93581302468374     
   510.26539564996705     
   499.08075754462629     
   487.33959763140894     
   475.03912186948264     
   464.21250892660919     
   452.63194946267544     
   442.24686482795028     
   431.33840297394386     
   420.69486917940662     
   410.40253652435888     
   400.02183396018529     
   390.24569609006642     
   380.15768043317109     
   371.29915047475367     
   363.11346063689473     
   354.25253015519161     
   345.27566093545897     
   337.56614526479188     
   330.15376047230103     
   322.47285403103024     
   315.27252378786500     
   308.35492251912353     
   300.92117002043682     
   294.81950525061200     
   288.54735591308781     
   282.57235235500104     
   276.93251815807764     
   270.97739864316753     
   265.21044900038885     
   260.32328579735787     
   254.99555836119868     
   249.51706718902636     
   244.60552498299361     
   239.92442096796859     
   235.32836116420302     
   231.03025605321716     
   226.78494057505696     
   222.92237902712594     
   218.74856003957697     
   214.58899879933620     
   210.57734281481186     
   206.85964330336805     
   203.10587579571495     
   199.25930070783608     
   195.09577669931775     
   191.71461448726592     
   187.57779741168184     
   183.44011346217775     
   179.70109386302016     
   175.69901125324390     
   172.32335096407203     
   168.44855907267547     
   164.98759496060026     
   161.33308816339098     
   157.94808943363768     
   154.57633021173044     
   151.49784441712424     
   148.57077151649725     
   145.50189097909387     
   142.33698480049361     
   139.42067183190886     
   136.78090211843417     
   134.09652725492018     
   131.52603623476534     
   128.94268588216727     
   126.47216391061886     
   123.93103063400170     
   121.41956416033020     
   119.01094250250949     
   116.61528328677227     
   114.34280129428944     
   112.15920752098577     
   110.05247554360307     
   107.89580411510487     
   105.69942980638695     
   103.56791166834677     
   953.14752516120473     
   934.05783998332834     
   913.23219476155782     
   888.40645639384172     
   861.63899605261417     
   838.24768844716937     
   815.36103742595583     
   795.52608671608732     
   776.48599393119230     
   754.04323330966963     
   734.24423968885844     
   712.54104040495940     
   696.39801156202429     
   680.41714468432838     
   663.11526202049879     
   648.45955254272474     
   629.77894130123946     
   613.76083048836267     
   600.47788635326913     
   587.32438185646481     
   572.61386080790862     
   558.56864637771059     
   544.99042747969406     
   532.70342745449534     
   519.43760458274937     
   506.39776414808046     
   493.38382916911098     
   480.98930730211958     
   467.26881139371216     
   455.63446292071831     
   444.03489791553790     
   433.57690527366310     
   422.53902556023979     
   412.02198470551150     
   402.79446578766476     
   393.61781820023646     
   383.94254083706051     
   375.44871902599238     
   366.73063480086955     
   358.40647110280804     
   349.97865604348095     
   341.91753352814851     
   333.97083571972064     
   326.39656214866784     
   318.34637854109877     
   310.74769702461396     
   303.92265650790358     
   297.09558244068307     
   290.37114180955496     
   283.35856367107516     
   277.62547117637905     
   271.78900410773144     
   266.25386676293601     
   261.01850342043258     
   255.52124594874985     
   250.17291075351974     
   245.16425081222849     
   240.29644301994873     
   235.32665265400976     
   230.91165240639660     
   226.21710154240020     
   222.28699623156149     
   218.36144558416794     
   214.51073786778232     
   210.69887263918190     
   207.25149974950921     
   203.65867113879369     
   199.92573827152819     
   195.83653208384061     
   192.20951207131128     
   187.93411370566309     
   184.16637570390901     
   180.21555177043024     
   176.25482777893509     
   172.68104362733803     
   168.79833694146410     
   165.12672539785837     
   161.74906079401859     
   158.27550422318734     
   154.82940659596511     
   151.69232143025957     
   148.67446941314341     
   145.71605740224305     
   142.72142446256478     
   139.89130426177772     
   136.94194673098431     
   134.17705514690169     
   131.52068919286882     
   128.87062162695688     
   126.35586730135779     
   123.82162860443036     
   121.46517765983491     
   119.00207415432011     
   116.51920022350257     
   114.25064276819990     
   111.91483281097730     
   109.68858805250099     
   107.48464811532108     
   105.34556692230885     
   103.31808472074144     
   961.10481549995598     
   939.74061549013425     
   919.25123334762748     
   899.32425329705382     
   874.26753993346665     
   852.74305126700028     
   830.95965822284609     
   807.04676685884488     
   782.04003446008346     
   762.44224026218239     
   743.02371512188813     
   724.21064622369272     
   707.85783374194853     
   690.47143256177901     
   671.04167420116448     
   652.77202135931032     
   639.39094383217980     
   623.94424182896614     
   609.60857968077357     
   592.25264036757380     
   576.50697689334015     
   563.14346216989452     
   547.67525993885499     
   533.31766674265646     
   519.22771057853458     
   506.76820450741184     
   494.21124003721138     
   482.35243971424495     
   471.44100985627745     
   460.20916809429025     
   449.33293212933222     
   437.42516420133950     
   427.47097196753163     
   417.93906717587038     
   407.57419785983774     
   397.29246340160739     
   386.66929928132799     
   376.79161025666065     
   367.21684670553384     
   358.13100486692150     
   349.48317691911689     
   341.55173384146764     
   333.42649805758003     
   325.81903561786652     
   318.54173108398277     
   311.51744083766937     
   304.70027666586310     
   297.78970044828918     
   291.05516461283798     
   284.93846246631801     
   279.12132213042833     
   272.89420389003135     
   266.89527540940873     
   260.80664985262331     
   255.87342086007402     
   250.47236878876461     
   245.42610821832005     
   240.07073206363992     
   235.61042545227701     
   231.09355920581191     
   226.41821158720907     
   222.61276005649484     
   218.69572645930884     
   214.55224983385736     
   210.79469442889450     
   207.44636341200794     
   203.45816152346254     
   199.97954477974895     
   196.15823952903139     
   192.28225872803569     
   188.59332287172742     
   184.37235957420131     
   179.87939568904540     
   176.31410174446529     
   172.20229000899280     
   168.43906256048444     
   165.00003595377723     
   161.71090816809470     
   158.14395581283725     
   154.88832368131904     
   151.61805770444772     
   148.37969668207913     
   145.25446863162114     
   142.10206517673097     
   139.20596508519776     
   136.25421754399468     
   133.50496467192255     
   130.94406148429181     
   128.15125695135126     
   125.40152864022650     
   122.78646579504624     
   120.25512202234721     
   117.85422432520446     
   115.49857290533336     
   113.08622526440462     
   110.93736323518408     
   108.61119478982936     
   106.37083983822279     
   104.18902094540400     
   102.05543343415577     
   963.15845113100386     
   940.12469203873263     
   921.74527400288332     
   901.77186343581047     
   884.05944651451523     
   863.84488963556589     
   838.88446575622766     
   814.27534833692425     
   792.56859941974642     
   774.27523290664794     
   754.02334213392510     
   734.48118415560964     
   713.38270186268051     
   695.30228345113062     
   677.52304045698304     
   660.86050245505226     
   642.91013257352790     
   625.52637665304542     
   608.62154231271347     
   593.68107689468115     
   578.76457824053659     
   564.14492685162509     
   550.62579533518988     
   536.67441842566120     
   523.97388627370924     
   512.66103554437996     
   501.26635355346502     
   488.85084347522627     
   475.81692656297150     
   463.93427564961462     
   452.25560472563484     
   440.63889962972951     
   428.99391230989613     
   417.46222789236094     
   407.65006129364281     
   397.99577649575042     
   387.63506643517769     
   378.54017060359024     
   369.36798864946104     
   360.68281255932948     
   351.85570666464599     
   343.45782455783296     
   335.24210695151703     
   327.33815276906080     
   319.33915956545172     
   312.47376940185529     
   305.13750308549999     
   297.91127291468172     
   291.18805984114118     
   284.11125713477469     
   278.55807284501918     
   272.72369572395792     
   266.00509657251246     
   260.41959861727793     
   255.76621424063228     
   250.59255589024457     
   245.45215535527757     
   240.13834020659806     
   235.70081711585652     
   231.09313332882243     
   226.76314917747709     
   222.57028755699287     
   219.21045956707894     
   215.23126266529584     
   211.61240317171530     
   207.76388740455764     
   204.09535857572976     
   200.78016484109116     
   197.06454827518908     
   192.97640078723680     
   188.60685010070620     
   184.39684867188598     
   180.20859989551985     
   176.46273535275782     
   171.97891724200747     
   168.05964014879055     
   164.20170005749415     
   160.43772592243769     
   157.10181225946096     
   153.56925838427279     
   150.40734691362240     
   146.85162615695981     
   143.72085633756012     
   140.65152563548361     
   137.73927319379533     
   134.61609145019207     
   131.99738976293838     
   129.14380234114890     
   126.27449521339528     
   123.70801891633454     
   121.02517674994161     
   118.52389719729101     
   116.01221462174962     
   113.52647248493359     
   111.02587151406141     
   108.81810107612611     
   106.51009114909345     
   104.22883141330271     
   101.89474565735473     
   99.508782760214757     
   967.51188470052716     
   946.71927979650559     
   926.52725877139915     
   907.03668772512447     
   885.74550897896711     
   864.41286321017287     
   843.76603152736891     
   824.74238239018177     
   804.82097384706344     
   784.84139306771806     
   763.52190021658737     
   743.20970551118080     
   723.65177047987629     
   704.07194078945633     
   683.97599703211154     
   666.10713252419487     
   648.55377278717242     
   633.99412792364262     
   617.51869745874126     
   602.62795223191029     
   586.51195739488048     
   571.82889392667062     
   558.53805277055176     
   544.20936481268780     
   530.59810316313292     
   516.42417081318376     
   503.28300883236540     
   490.44673597480943     
   477.50470203455706     
   465.46614500136133     
   453.40905891532879     
   442.61336589839351     
   431.54584959983083     
   421.22779058364574     
   410.52591589215052     
   399.84159012781311     
   389.90939786974229     
   380.53885597920578     
   370.98400428048899     
   361.05933830087531     
   351.39343411869572     
   342.90591922763844     
   334.44334472588059     
   326.60569823532046     
   318.48499083649767     
   311.06124208619877     
   303.95337004150986     
   297.03450288695626     
   290.79751306316359     
   283.44870086538396     
   277.12208913575984     
   270.86070405382134     
   265.06672950143815     
   259.58817567932147     
   253.88704977062093     
   249.42569337439645     
   244.00184456416878     
   239.05032594412032     
   234.48806251749187     
   230.44928818297777     
   225.86282619030794     
   221.72349216494030     
   218.32417054580887     
   214.45926389600163     
   210.72757749826906     
   207.79010702834364     
   204.08844286775383     
   200.40438193739240     
   196.74937949676917     
   192.49183788756250     
   188.38502437639644     
   183.52644493439357     
   179.63965456703352     
   175.20816799858756     
   170.75709918034187     
   167.06621483762919     
   163.42884633278192     
   159.71687524807436     
   156.22868844341690     
   152.74480759553072     
   149.08219730810046     
   145.60860039686133     
   142.46155025521162     
   139.47227239306500     
   136.28350703249234     
   133.28235180138481     
   130.35220036952009     
   127.43336303893300     
   124.65553906964344     
   121.84935018974113     
   119.19022940309418     
   116.47461132706425     
   113.90260466590726     
   111.53507113616573     
   108.94029725042942     
   106.44828709012211     
   104.06704207292941     
   101.67917948991486     
   99.271006790651427     
   97.062309725378668     
   973.82255337330764     
   953.12785597782783     
   936.94136018521749     
   912.96006305911408     
   893.38032338942321     
   871.72687032090050     
   852.31984825549409     
   832.07411748132074     
   809.23431870817080     
   787.68007323267989     
   768.59012427029802     
   746.48703895487085     
   724.63529678599252     
   706.84637467577716     
   690.25975286914365     
   673.82399620904687     
   656.99928227371993     
   639.78555646479595     
   623.00288840519408     
   606.17739847644293     
   591.75868271189961     
   577.30636999813782     
   561.20616458373775     
   546.24608940475821     
   533.53432167092171     
   519.66142741976466     
   505.54592457290011     
   492.62724378368159     
   479.88825037860363     
   466.83986392227200     
   454.34597169001847     
   441.92267814454033     
   429.39569620052089     
   417.71372414156309     
   405.94725601042575     
   395.45662517070531     
   385.85753314201429     
   375.67511220427093     
   365.88200890826505     
   357.34117150334373     
   348.25558526836136     
   339.83539259475123     
   331.56447811288723     
   323.99143361216676     
   316.74002087915153     
   309.24099580542151     
   301.98068682807548     
   295.35296792974952     
   288.32548336495438     
   282.08184066659783     
   275.85886176233123     
   269.88337282634609     
   264.25688114298384     
   258.78107333222584     
   253.66415824430726     
   248.45369199803946     
   243.40690612425107     
   238.69869288866491     
   233.86997761250225     
   229.36739874924979     
   225.37737176941388     
   220.97837312864476     
   217.00924606556029     
   214.42919320442036     
   211.01376919729279     
   207.47154294083717     
   204.32154379368401     
   200.38285574293036     
   196.56654711233276     
   191.99588490348367     
   187.58895008023666     
   182.53179122471965     
   178.13290201338808     
   173.84603009179312     
   169.56011012075942     
   165.67383789712139     
   161.67828867200706     
   157.80566923738053     
   153.45634072572426     
   149.99316531931700     
   146.32393045863819     
   142.44337926076935     
   139.11891142644060     
   135.77174561047630     
   132.65200548199061     
   129.30797406407939     
   126.13678327463734     
   123.27109424699364     
   120.51469870115184     
   117.46419030184214     
   114.84357396580916     
   111.99492443192219     
   109.42653196736831     
   107.00939928058577     
   104.36153574018076     
   101.90424660415758     
   99.340237003419062     
   97.067050243241795     
   94.564368735359693     
   92.035864552034965     
   980.21696062393175     
   960.12417644824586     
   940.82587690918831     
   918.43500819658402     
   898.31535121627758     
   876.76915320491287     
   856.24870411279437     
   832.55437667956062     
   813.93481806490547     
   796.09860753209523     
   772.87627458053521     
   751.99900647228537     
   733.24632205708781     
   713.77161703679030     
   695.17549258347242     
   676.59027175037909     
   659.77477252100243     
   642.33429740463578     
   625.16370242545008     
   609.79865764183876     
   593.67918558274437     
   578.09819345958465     
   563.67945211978088     
   549.03729674041006     
   534.20616266186948     
   520.20126798258900     
   505.67501066225054     
   490.65198479757987     
   477.25045394171752     
   464.69485211318374     
   451.60435707657098     
   438.69563592129191     
   426.77500482668353     
   415.73292009049874     
   405.42392990893131     
   395.84002376011779     
   385.45538056953194     
   375.76914216361712     
   366.19131825220768     
   357.03570457782723     
   348.19891885827076     
   339.12330930324663     
   330.66897793116857     
   322.96247400962051     
   315.17816739744842     
   308.21676501021420     
   300.47945612632935     
   293.34367110095775     
   287.03500405240766     
   280.87462072538028     
   274.30610499121809     
   268.20515208292801     
   262.21639678677229     
   257.08727267490315     
   251.89287271025998     
   245.91840752020232     
   241.14082318207647     
   236.82219362661465     
   232.72098993978935     
   228.44391906732361     
   224.60114317013253     
   220.82772788451874     
   216.73858252107573     
   213.70087154725019     
   210.58035763770690     
   206.98224764693285     
   203.97953685461010     
   200.51904921526057     
   196.24361237629563     
   191.67072727505246     
   186.72145221705074     
   181.62659499428588     
   176.57093117793079     
   171.77997244576113     
   166.84868402127944     
   162.58600409131893     
   158.72682514493266     
   154.38136184448638     
   150.48372662058063     
   146.37644107078165     
   142.47906143795311     
   138.64688922903238     
   135.09570621287679     
   131.53868768199465     
   128.07249929492298     
   124.73089652905773     
   121.25720214637144     
   118.16678894271449     
   115.06367787480444     
   111.90169201681678     
   109.09823263821409     
   106.32619990533729     
   103.47437205142849     
   100.71969739794140     
   98.050546041306518     
   95.694235568546603     
   92.921946200622727     
   90.447027928784223     
   88.056984293645201     
   85.589857235712628     
   987.71905216587220     
   967.97036889975107     
   949.00550191744844     
   926.56017988063320     
   903.67034783934230     
   883.34980001770839     
   861.17472995098376     
   839.16503755389442     
   816.75920758598818     
   795.94647148242757     
   775.72675859396315     
   757.69657597808555     
   738.78730897529613     
   721.28787859960607     
   702.51652794283950     
   683.94629712178619     
   665.48873987207912     
   647.20277909530023     
   630.67688774273495     
   613.07296563079717     
   596.99705717166569     
   581.90957988607306     
   565.25048628025866     
   548.87026300880791     
   533.00891664636993     
   517.29880109063288     
   502.27663860686920     
   488.36743786140352     
   475.47697436314854     
   462.72402075146783     
   450.05481087228907     
   438.11096872506778     
   426.97510714413369     
   416.49790302421093     
   405.34331751044738     
   394.80754720558838     
   385.60522955269050     
   375.44275271023309     
   365.70237950021982     
   356.94316475946187     
   347.09024241318741     
   338.32093886563075     
   329.80347006772718     
   322.39606722087774     
   315.56816082408210     
   308.56328263930482     
   300.41740980769788     
   293.26919514142367     
   286.91371788546053     
   280.59884890986757     
   274.38311804950121     
   268.41513315081392     
   262.90912253547850     
   257.65998297122451     
   252.19943881505304     
   246.58732010589691     
   241.68148718541937     
   236.96612812456328     
   232.70555912484906     
   227.92477788879219     
   223.91463844881545     
   220.45509347832302     
   216.91007895671396     
   213.05275890949460     
   210.50600098858891     
   207.42334074283454     
   204.40672200370508     
   200.97370271836718     
   196.55069921047567     
   191.75996515970363     
   185.73950291000159     
   180.10110433380663     
   174.14797145209988     
   169.00066409788730     
   164.09699697590358     
   159.20830817635462     
   154.56597298660310     
   150.13823452813247     
   146.02362539507871     
   141.42414567936942     
   137.19934663748344     
   132.79691814427915     
   129.20889894518140     
   125.60167254474548     
   121.83024315970061     
   118.19445449717946     
   114.43655081635289     
   111.42732504995448     
   108.36194856480900     
   105.39744457781377     
   101.98543983544666     
   99.265376685446000     
   96.701286508665277     
   93.825364493911266     
   91.035697033177684     
   88.346130976504895     
   86.090355955247077     
   83.360029692900639     
   81.060475285203765     
   78.705386018683654     
   989.42532250069644     
   969.29406003827296     
   951.47474839613733     
   933.19231144128264     
   909.49216346997036     
   884.09933444148282     
   860.43489183873157     
   841.10248938696975     
   818.40141088113705     
   798.20502219191565     
   777.35072705763810     
   759.69326783363044     
   741.18285237740895     
   721.40781020517363     
   702.67296400173313     
   684.12214595753699     
   666.13257430292492     
   648.82092689793080     
   630.70045838277031     
   612.89873274298395     
   596.55355216382588     
   578.25412430959761     
   561.59302240929651     
   545.25276982467722     
   529.81862014158480     
   514.21587700173632     
   499.96262259864716     
   487.39108237863530     
   473.97520325076079     
   461.75194353333040     
   449.59418615630915     
   436.87946695642722     
   425.35747010401201     
   413.97492501147724     
   403.05694588643553     
   391.90221419873615     
   381.96625896008311     
   371.92554817487462     
   362.34776956849669     
   352.40598130199095     
   343.00536782998506     
   335.32710483198997     
   327.27318650462820     
   319.07010091422489     
   311.60274005857872     
   304.54486358044346     
   298.00447565105617     
   291.75635697095765     
   284.91814413290626     
   278.22063119085715     
   272.64974461452266     
   266.50370838931570     
   260.78410222048291     
   255.31788094939736     
   249.71885215926790     
   244.40337074967815     
   239.98931102371390     
   235.02359281748147     
   230.88340533333522     
   226.44721552862683     
   222.86473621067159     
   219.38366939653241     
   216.20055588504749     
   212.72427168309144     
   210.27265342537189     
   206.98809067461087     
   204.66503524363628     
   201.26769526306043     
   196.24968751650073     
   189.98590020930246     
   183.14606622627932     
   176.56631138588935     
   170.31146072649531     
   164.67411931199584     
   158.97319818987432     
   153.41289388431949     
   147.98999019701444     
   143.42930242495399     
   138.48690003997586     
   134.00512554865992     
   129.53802389694889     
   125.26330422290619     
   121.49283270433179     
   117.23215187201492     
   113.19601070438540     
   109.62810784865835     
   105.77195156455531     
   103.59608217887615     
   99.986601793933346     
   96.927189483372359     
   93.621456995437654     
   91.361655230285095     
   88.583667785788464     
   85.568491351877469     
   83.050670138757113     
   80.345844934262118     
   77.457404966131421     
   74.997970418558822     
   72.616496455335820     
   70.163309217082940     
   998.70777595477239     
   975.93005175254348     
   954.24180847479852     
   928.86380529651456     
   906.12665936717872     
   886.08109250237044     
   864.74375520961007     
   843.46266375453285     
   822.99369288878074     
   805.24930050113198     
   784.96500114480909     
   764.78742906898651     
   745.10346501283607     
   723.88170548566791     
   704.24600892503554     
   684.52698345126112     
   665.50140631250338     
   646.34030739567515     
   626.26603226617112     
   608.95816396021223     
   591.35220568896739     
   574.11178760625398     
   557.55044137740219     
   542.79781622546727     
   528.18030497941470     
   512.76528384964843     
   498.60128828116393     
   484.99858685665981     
   471.62480110103508     
   458.41755717029196     
   444.53007119509539     
   432.20565451824984     
   420.76262194167663     
   409.91155939545450     
   399.00027709647861     
   389.01675635918684     
   379.15452349795180     
   369.62874347804251     
   360.58150558456197     
   351.79010237408153     
   342.97881804880325     
   334.05074478146480     
   326.47694750334193     
   318.87430792253605     
   311.62170653665936     
   303.76758793057229     
   296.94917267401115     
   290.15867169915555     
   283.46923488298671     
   277.08801240435014     
   270.92336798656788     
   265.15503621732694     
   259.52089464225293     
   254.49861105587425     
   249.11485315096871     
   244.62311004750569     
   239.48984665037347     
   234.59178046369433     
   230.60091953795842     
   226.19567434835358     
   221.94948005708548     
   218.50571425360005     
   215.15907106854206     
   212.89043697317487     
   209.44671972755629     
   206.98457364930636     
   205.13276849209419     
   202.38908324783958     
   196.50196604617327     
   188.76154210735419     
   180.86753556618748     
   173.70258031189394     
   166.09860360058337     
   159.65084793721931     
   153.02211811049375     
   147.03856123377125     
   141.67295369928331     
   135.59055657661133     
   130.50760425115982     
   125.71869375409753     
   121.31250089925591     
   116.59007794666746     
   112.22090273621664     
   108.16276601377386     
   104.62143823814719     
   100.34679606999875     
   97.483858324274962     
   93.888613517800223     
   90.729583373873595     
   87.846273154891705     
   84.973897724795236     
   82.236786769623365     
   79.418715076442993     
   77.165401184301643     
   74.650578457489203     
   72.457008446846217     
   69.862606619779655     
   67.951793839354281     
   64.955544560722828     
   62.431833684227655     
   1001.5567770579942     
   979.97878832351489     
   958.02710086825164     
   934.63151555164131     
   914.84937151317774     
   890.49724939300404     
   872.40706674300668     
   850.50528379876687     
   828.53376178709459     
   805.85200048532386     
   785.23167344329215     
   763.73875921265540     
   741.39086474069575     
   721.01180011423253     
   701.32187632791465     
   682.00315975616809     
   661.10448991715748     
   641.73449738670536     
   622.86111463928592     
   606.05612873973803     
   589.20111495390529     
   572.00681141110147     
   556.69857540769215     
   540.75217577232604     
   524.09380878811930     
   510.31447453974118     
   496.73704908846537     
   482.74384380761489     
   468.86093941691718     
   455.47597389437368     
   443.36931227558762     
   431.72981235667794     
   420.34310079952996     
   409.61801525394463     
   398.90905472231685     
   387.69904689525583     
   376.95442206923582     
   367.16598874657632     
   358.22866586385521     
   349.30614777143802     
   341.11324052155862     
   333.33142644175189     
   325.19671134575390     
   317.93551567516607     
   310.23452412776254     
   302.77273143659431     
   295.86410352252562     
   289.62800781038078     
   283.34335856779461     
   276.54999893479334     
   270.55760535918864     
   264.88304862071874     
   259.26024189908145     
   253.94732879981535     
   248.63403278099554     
   243.46200247142994     
   239.30896316116673     
   234.23928009592834     
   229.37203899143287     
   225.76555410838401     
   221.51277839573004     
   218.08789247072565     
   214.62590475619197     
   211.90839199347965     
   209.04357221752360     
   206.79838040932134     
   205.64126270557628     
   203.04910322762532     
   194.84057540171122     
   185.04495225198150     
   175.67353191667763     
   167.64766566611516     
   159.22165003011730     
   151.21598374811589     
   144.30935799129060     
   137.91449218045653     
   131.93717187525763     
   126.18784810375702     
   120.68788438190160     
   115.24499185989590     
   111.21292210431250     
   106.97711207976666     
   102.10231311253513     
   98.239272882664977     
   94.510093022508840     
   91.342134605681110     
   87.995300871167274     
   84.649276705989763     
   81.670180119846250     
   79.134724448894445     
   77.094918187166002     
   74.902190407891069     
   72.743280064941459     
   70.479982853273526     
   68.439679846919603     
   66.998900188057533     
   64.570730891907104     
   61.775026430836704     
   59.123825754563555     
   57.352908591368518     
   1003.5274109178071     
   983.57980552771880     
   963.19670904742395     
   940.41658326138884     
   919.17878491953991     
   897.72328239913827     
   875.04079544347144     
   851.21576312613274     
   825.86819194199620     
   805.11854495460398     
   781.33671076093799     
   761.32433206063604     
   737.17381498301506     
   718.38759410999535     
   697.23744050404810     
   677.34619570247742     
   657.47652455366620     
   637.37833351825748     
   619.38072761054025     
   601.74197173629841     
   583.59533447204615     
   567.57685880928761     
   549.60158058321178     
   533.00290242595997     
   517.48525855202604     
   502.97171583006508     
   489.14338594742713     
   476.24809190807576     
   462.85339151385620     
   449.70049441301740     
   437.92544339346000     
   426.98140048066654     
   415.49835243813413     
   404.56802841665728     
   394.22800838210520     
   384.01737067162378     
   374.82692449330727     
   365.04498270124475     
   356.17231322143488     
   346.24451846469759     
   338.48815591145279     
   330.26687418753698     
   321.96753541746983     
   314.24658342500464     
   307.49725749059036     
   300.14599296509374     
   293.75012058110940     
   287.06206042875266     
   280.39045529118704     
   274.11784471812530     
   268.18486257077797     
   261.82454120408153     
   256.11823691674738     
   251.81490882332145     
   246.82412493934208     
   241.45645481276719     
   236.90503285197013     
   232.50221755404115     
   228.14722562465079     
   223.96442601028465     
   220.41801237412579     
   216.72364776252081     
   213.38837836867052     
   211.20294970353399     
   208.64387212586644     
   207.10626261443119     
   206.85155460169904     
   203.57356136209845     
   192.71073870235477     
   181.46053438230854     
   170.23652337269959     
   160.48742124690008     
   150.17034607655819     
   142.35452704070278     
   135.44761498038872     
   128.63056558070483     
   122.45621486588777     
   116.53906590368271     
   111.06862651267610     
   105.67899791045083     
   102.09019569833445     
   97.289980918021129     
   93.597531707098156     
   90.599391858765031     
   87.817517781093514     
   84.387324367310526     
   81.947017643069501     
   79.437468846569487     
   76.508800261265051     
   73.763847332486975     
   71.325269665836842     
   70.309524306041823     
   68.525134617950499     
   66.404218044574037     
   64.078238626109851     
   62.540479765168428     
   60.563218102124821     
   59.120982351771133     
   56.971509489681161     
   53.897869797479160     
   1010.5132279940183     
   994.18557739054813     
   970.36322314160293     
   948.21712474418928     
   925.72108904435663     
   900.39734847561147     
   874.75213013528150     
   851.86448949647104     
   828.31433373012430     
   803.75742763972198     
   777.75110794227919     
   756.47910615204148     
   735.93703134156624     
   712.49308749821193     
   689.10425752686444     
   669.71019934544040     
   648.98336583075707     
   631.05265365598768     
   611.34601021178185     
   593.96353713912288     
   577.75548810244027     
   561.64186114658810     
   545.69011221710298     
   530.83362232948741     
   515.45054674972334     
   501.10464564579922     
   487.20787103567494     
   473.61920887457649     
   461.12640470987697     
   449.26278547618438     
   437.00417064420787     
   424.62886852974771     
   413.88659886704380     
   402.32653428316627     
   391.06399753283688     
   381.02121117479118     
   370.91048970353478     
   361.87035970364116     
   351.79487380256114     
   343.31292440154363     
   335.42851632019176     
   327.02952305770759     
   319.82540465411734     
   312.74089922216206     
   304.95569493601243     
   297.96197154265747     
   291.74381198358901     
   284.18317909842870     
   277.76203585127581     
   271.05992345282806     
   265.66927842119003     
   259.98649436026784     
   254.27592751343832     
   248.78220736632005     
   243.66727260562607     
   239.05437529666972     
   234.48604663429947     
   230.06908395318590     
   225.86301056419364     
   222.12034752535527     
   219.20164206190310     
   215.61371712086199     
   211.90116727354740     
   209.21146244633587     
   207.46640360735847     
   206.88746893475926     
   205.12348002041489     
   196.94717333736514     
   184.33202265820898     
   171.70485628135566     
   160.01057654597736     
   149.83201587673162     
   140.18407262399052     
   132.62648196956533     
   125.67740227699741     
   118.33967835724785     
   113.85460786523029     
   108.60921922422793     
   103.85867358437886     
   99.339420550859444     
   95.811660557782574     
   92.331174517353020     
   89.320810786122067     
   86.267810480829269     
   83.214329850863137     
   80.032127715439756     
   77.903158519073344     
   76.145973500859512     
   72.964608003920063     
   70.961758001035349     
   68.885933986937076     
   67.516222085891172     
   65.883147118683155     
   64.529925543683660     
   62.485885998473009     
   60.401439391489681     
   58.983368562228186     
   56.568458869497285     
   54.218265266296356     
   51.372393293141911     
   1011.7588277920482     
   995.32918283387016     
   976.81270608495186     
   951.80501017287213     
   925.76466452838167     
   900.93198874217273     
   875.34795064433570     
   850.00103808407255     
   825.28187324430792     
   802.33929780986250     
   778.94138814246071     
   755.07045653247258     
   725.65427005067772     
   703.91573018780048     
   684.29264765762832     
   660.80952310900625     
   641.08331645923397     
   623.30956028053299     
   606.15987856719653     
   589.66471092788413     
   573.48724188366145     
   555.59362315803969     
   540.99144312950830     
   524.96904441061088     
   510.00274153766327     
   496.23885523321746     
   483.31618839715213     
   471.54121820357483     
   457.54269470775671     
   444.71918697985666     
   431.82215449669263     
   419.04520548909511     
   407.21765416849513     
   397.08853242973953     
   386.01653053934120     
   375.38973432774765     
   366.37990192910576     
   356.82366832136381     
   347.95648825650431     
   340.33703821393743     
   332.05638026791439     
   324.66939750298911     
   316.80963755785558     
   309.58546408938901     
   301.71078714995463     
   294.52030308835396     
   288.02558596146127     
   281.38392651104368     
   274.92834708270595     
   269.28869770741790     
   263.51855259615417     
   257.58676521800271     
   251.56251496930122     
   246.45815383410985     
   242.29932899089846     
   237.21984108845325     
   232.13530190123080     
   228.20976959164682     
   224.28885203114268     
   220.12198512918565     
   216.87485582833565     
   213.20506550785754     
   210.58732821946683     
   207.46552386723863     
   205.74325301667591     
   206.48150631963983     
   206.66988065995869     
   194.17100268201614     
   180.08484069280195     
   165.60355114841806     
   153.27226632772158     
   143.25717294402884     
   133.96896448538260     
   126.44822239186979     
   118.65419167284730     
   112.77823795249594     
   108.55105347105564     
   104.40854044997863     
   99.663564617869213     
   95.996973271249786     
   92.668958076098406     
   88.378027944312223     
   84.975988337988241     
   83.524857121192341     
   81.552142633552691     
   78.797483790873954     
   75.884150538944496     
   74.158270751899124     
   71.797482958928668     
   69.826821981207246     
   67.533246306142701     
   66.091753651621119     
   63.942266089633534     
   62.721757206814083     
   60.660962011257908     
   58.832531817396365     
   57.208114306017947     
   55.937840532739003     
   53.318781668751249     
   50.705923930770396     
   1018.8822099288944     
   1000.1181242747410     
   977.96657715309391     
   954.33027116511994     
   927.23290483236087     
   902.25196659346750     
   876.50453851892746     
   848.41558482190021     
   820.42845553556754     
   796.71948365272237     
   769.05230307381134     
   742.16301793715013     
   719.56870756830153     
   695.49939537527541     
   671.80863814349777     
   651.42020751135738     
   634.77298423524883     
   616.57751802500752     
   596.80858568713825     
   579.56641570738509     
   562.56564635979805     
   547.30179343540522     
   532.86364382979866     
   517.75879805483464     
   502.79050086425667     
   488.65218698963469     
   475.42111640637370     
   463.74040091170934     
   450.76287893607804     
   439.65114877299681     
   427.14548552269900     
   416.84854100130588     
   405.70275093247380     
   395.42460159460330     
   385.33672704688740     
   375.77322432815299     
   366.18089782083689     
   356.28951227050175     
   346.92140965974482     
   337.92828265040544     
   329.49714510354545     
   321.75235303657871     
   313.47831401116002     
   305.80832204949814     
   298.31980516829248     
   290.97337995262137     
   284.37960006170692     
   277.39490794305232     
   271.32689815668357     
   265.22381195488066     
   258.85844876907123     
   253.79231683359311     
   248.44411918981578     
   243.30764841421674     
   238.80757898634485     
   234.00177692991406     
   229.31830928369010     
   225.05725815643268     
   221.45898937599875     
   217.21391073828175     
   213.53049730354041     
   210.17291624761168     
   207.81347836898988     
   205.17852276548106     
   203.78221743117072     
   205.22465960306641     
   205.58901786601007     
   191.42242846077988     
   176.08327635743126     
   159.99740623884495     
   148.05619192290834     
   138.02246977571352     
   129.18393182855417     
   121.33765421791431     
   114.10591053351132     
   110.04461794650879     
   105.97990767330950     
   99.889578915561998     
   96.949465355825964     
   93.442795087794821     
   90.748432714654570     
   87.281820034246550     
   83.303664221240822     
   80.340931537645105     
   79.346220880323131     
   75.858276564054563     
   73.977208200087787     
   71.489894380096317     
   69.956052338270794     
   68.813353337759366     
   66.473395304953030     
   64.695458911569176     
   62.819872268884609     
   60.414330910469872     
   59.237777532050544     
   57.758877631390135     
   55.640219860077480     
   54.373684863749759     
   51.891380469743410     
   50.009320091007055     
   1023.7575121195588     
   1009.1019751061809     
   981.19075173899341     
   956.61250571114761     
   932.68413453202595     
   905.06370615418621     
   875.34768168291907     
   844.39573274645636     
   814.08741858469784     
   783.71947230345950     
   756.65422461883020     
   733.36058816974264     
   709.94917658923487     
   686.93926250501613     
   664.91047268123521     
   643.95390683940855     
   623.02542799924436     
   604.74772353778621     
   587.67973743560583     
   572.76826106440274     
   556.56531076538704     
   540.36665399340598     
   526.71630046860730     
   511.70729282861964     
   496.90867461927360     
   483.48311810816324     
   470.79713978653058     
   458.55470179982706     
   446.06571082125299     
   433.61050748955154     
   421.32846095072517     
   410.16285831759194     
   398.45622383483067     
   388.62263148001819     
   378.65653147989963     
   368.94429723406199     
   359.08171063955245     
   350.30608761276358     
   341.70688579720138     
   332.15672555358759     
   323.99583123406342     
   316.14652269954001     
   309.10926972975039     
   301.73439886457788     
   294.52579992204517     
   287.16066692309528     
   280.08859177656655     
   273.84651418427774     
   267.56863820919517     
   260.95786964603877     
   256.01591146491739     
   250.09212095246525     
   245.34814056602360     
   239.88181974981754     
   235.00684494418255     
   230.21769356057678     
   225.22446470756518     
   220.75738924146367     
   217.25480946485578     
   213.40060697145037     
   210.00644470051262     
   206.93356844690328     
   204.21267026920864     
   202.65424291357121     
   201.59058672911016     
   204.34964084605122     
   205.67496928788398     
   188.63590595118288     
   171.64104331373872     
   156.38018828556042     
   144.51372667818737     
   133.80549395057599     
   125.82529903515137     
   118.28856376284328     
   112.20967433779026     
   107.61511743953963     
   103.49961421238659     
   98.325512421855080     
   94.623071816446981     
   91.656065823276464     
   88.361852769801743     
   85.713975836724302     
   82.001768120884407     
   79.116809850017489     
   77.239385318148294     
   74.382783162182932     
   73.195711869238110     
   70.346476823306915     
   69.274984354181697     
   66.248119633474644     
   65.077714611431830     
   63.109390936783001     
   61.090281011297861     
   59.408800992093248     
   58.346441281295668     
   56.418080265390515     
   54.837701174470951     
   53.137710228203531     
   51.773451682897615     
   48.143759185977558     
   1032.0000701417334     
   1014.3146618081103     
   988.05074300043361     
   958.45235234617826     
   926.11740375866316     
   898.25457526766274     
   867.64395417414266     
   834.10472083434729     
   801.41827881933830     
   773.14932478246601     
   744.77850052546137     
   718.65524593763826     
   693.70407771056273     
   674.20402451868711     
   653.49965619274826     
   634.26349596579496     
   615.51319237977873     
   598.11136312209180     
   579.76091758566645     
   562.77627457550921     
   545.76228611996157     
   528.64059784633628     
   513.36920548564558     
   498.20796686721656     
   484.63479760828392     
   470.76256493067007     
   458.07964569182229     
   445.64685397958868     
   432.51500905727937     
   421.08931765053831     
   409.82784909722920     
   397.96482038635742     
   387.87998016863401     
   376.73970739320498     
   368.25618088732097     
   358.38807809374600     
   349.86074861728821     
   341.73759626306889     
   334.37235978939287     
   325.52777339190027     
   316.16091666565410     
   308.58482823054527     
   301.75628717656548     
   294.22135033647817     
   287.07016289335974     
   279.30418950184651     
   272.29213087986875     
   266.70163719790281     
   259.94431658183618     
   253.92294996915558     
   248.28533452302210     
   242.97184798787441     
   238.28049101540842     
   233.72501249160473     
   228.17755988893575     
   223.92854703606318     
   219.83510140289275     
   215.88779678833330     
   212.78714179517624     
   209.50249933372800     
   206.62493444587983     
   203.50940636668864     
   201.19777869233602     
   199.79695364762281     
   199.63032200075270     
   201.82605900416507     
   204.18000933944970     
   185.90296505434645     
   168.37128124127634     
   154.30280570209686     
   141.80335373944308     
   132.82050376059235     
   124.47253738487687     
   116.63387278399425     
   111.02772842112277     
   106.66694455765665     
   102.06227414073332     
   97.709922798673006     
   93.202891934677268     
   90.341121088012244     
   86.464409835041579     
   83.864290471365194     
   81.322831387638715     
   77.591454662150383     
   75.072131741517438     
   73.962630401396382     
   71.609601224587067     
   69.748815040225566     
   68.705875276067218     
   64.756455187533419     
   64.990420992657050     
   62.180592029501113     
   60.366439078095652     
   57.906509890846749     
   57.735682790863677     
   54.343451649836631     
   53.689582393029568     
   51.474016360212048     
   50.191241299979232     
   46.843149355777349     
   1038.8898126276904     
   1020.0295677154251     
   991.36138849124802     
   960.57219804624901     
   924.12094835188896     
   887.41208660809070     
   853.81949853995104     
   821.20631080031831     
   790.91136773431413     
   760.82673053728661     
   733.24243542585657     
   707.07693207492412     
   681.97808225987080     
   657.31136603018194     
   638.15001642058837     
   618.49091321549201     
   597.69811430973789     
   582.27742058891670     
   565.59239738112581     
   549.45958177247678     
   532.32576699931644     
   514.69823989670704     
   499.87362972790561     
   488.10003087233565     
   473.18363403741887     
   458.39292057283222     
   445.99128101471672     
   433.54047306885781     
   418.61153308813459     
   408.33239703807561     
   397.00850564629491     
   387.51391174979045     
   377.72316065732184     
   367.51956644977929     
   358.30522130824806     
   348.49377172371544     
   338.55554671016426     
   329.84435565426031     
   320.82741234381808     
   312.75930302984563     
   304.93641823759714     
   297.12503353200219     
   290.32878668162238     
   283.80543509894153     
   277.49675601125989     
   270.70441420400277     
   263.92582840529934     
   257.75337018107467     
   252.63812583645978     
   246.98770854685841     
   241.71602815905760     
   237.06680161402213     
   232.09420855363066     
   227.28375618452114     
   222.51103592725121     
   217.98350254939493     
   214.04261746563142     
   210.50594511002024     
   206.54294893108874     
   203.17361400936102     
   200.21255959566713     
   198.60656210177001     
   195.59166355060427     
   194.75262217022697     
   194.35572075138842     
   197.93780799908808     
   201.59587935085489     
   182.99339467497776     
   166.34262635083499     
   151.81084098512227     
   140.29877721319428     
   131.64908893285403     
   122.81539848332635     
   115.45329396882583     
   109.56133132548575     
   104.94767618904245     
   98.672376126311718     
   94.449791199425846     
   91.815910186984610     
   88.820866010040305     
   85.767256196982444     
   82.373904082120418     
   78.723513447693790     
   77.613703349142128     
   73.793679329229661     
   72.367240694057827     
   70.402168589802926     
   68.228521941028603     
   66.771138183250144     
   63.801385543480201     
   62.733968949827862     
   60.931697073230715     
   58.967543575406005     
   57.925118672308642     
   56.153640740739135     
   54.047496901940072     
   51.924892439132861     
   51.523924232874634     
   48.527315941294617     
   46.425857021002997     
   1042.5975910658635     
   1027.5494935685890     
   995.06678324369955     
   960.78272265813371     
   921.71500246876599     
   881.04214219133064     
   839.64829283873371     
   803.78856615192592     
   774.42215584116570     
   744.00638766518523     
   717.93455644433061     
   690.08535474957546     
   664.60537116066382     
   644.66908593181961     
   621.78674579187589     
   601.09622117860704     
   583.18548134669800     
   565.97366442452449     
   549.78474688563961     
   532.01801469070392     
   515.25322016902271     
   499.90906838553997     
   487.72009274041335     
   474.23886613034347     
   458.63315467578275     
   445.67788886945129     
   433.58584610362357     
   420.87454197466116     
   407.36300080452565     
   396.22703230886094     
   383.99905152953761     
   372.93477097023879     
   360.68716119297761     
   352.17171067683478     
   343.08548353479750     
   334.82831173260200     
   326.27277847107092     
   317.71926995658407     
   310.52167994463230     
   303.22795117883220     
   295.02894599760464     
   287.81126699728731     
   280.51356932103164     
   274.21742398975726     
   267.51857511537190     
   260.84426346023884     
   255.29836021743566     
   249.12082968200465     
   243.63831355985229     
   238.32235192207236     
   233.03981201089451     
   227.94107625966046     
   222.80374284964753     
   217.55832049460983     
   213.26659206266856     
   209.96856270483224     
   205.63557518716385     
   201.94089317458503     
   199.18002196287421     
   197.15930561822682     
   194.51585734773170     
   192.06989335818793     
   190.10523574398221     
   189.24591412183838     
   189.99083440777289     
   193.57860536307567     
   198.13963666993425     
   179.62399253676392     
   163.80857308593096     
   150.48912099547871     
   139.67239340639628     
   130.40558644542801     
   122.65784386473112     
   115.56107137731433     
   109.45136340065943     
   103.26216755129406     
   98.087197295684859     
   92.609737162243150     
   90.863162239386043     
   89.103451335532640     
   83.829876540392860     
   81.053524983846302     
   78.285108102237814     
   75.749157144126173     
   72.665846532766722     
   70.726561235495481     
   69.849580640191974     
   67.624552952289093     
   65.068632698023109     
   63.465003764189376     
   61.749216660945144     
   60.643405111585928     
   58.746643147789385     
   57.195027007535046     
   55.410523946440591     
   53.260792790657241     
   50.948841775569456     
   50.275791463118502     
   47.504019113321561     
   45.479250920775918     
   1058.6844498672892     
   1032.6746515821142     
   997.21961185594296     
   953.82127538464124     
   907.71748496925022     
   864.41206735786022     
   821.93275306169721     
   786.37782074153006     
   747.58501476802348     
   718.50483837572801     
   689.25791066046702     
   665.91431437553729     
   643.35857748062642     
   620.53716633454371     
   598.02164736266332     
   578.06657485582105     
   558.64724600317857     
   542.26355099761327     
   528.36166967764871     
   513.44395807845876     
   497.21128614053839     
   480.96149592933756     
   465.68364916508739     
   451.16243730317973     
   438.90110737622342     
   426.16543762972333     
   413.24328145636520     
   403.34597821661373     
   391.85017819971529     
   380.82010823066042     
   369.91433143086476     
   359.87459401490531     
   350.21653777478014     
   339.45949423796276     
   328.21863016851677     
   319.64089289926710     
   310.54510774577903     
   301.79053679056409     
   294.40359753180968     
   287.50092564128920     
   278.91494821995730     
   273.11185283052765     
   266.73421179655668     
   261.40676942857129     
   254.00533359019011     
   248.31529468834481     
   242.42430657979003     
   236.96796538200311     
   231.22857192909888     
   227.22645317394398     
   222.21059716873714     
   217.51019419795810     
   213.79909972784208     
   209.95254870410355     
   206.29121787389417     
   201.92768337697512     
   197.61687525044908     
   194.84697221591142     
   191.73667338697697     
   190.46112603058879     
   188.05083801306924     
   186.27871358418540     
   184.82975255295781     
   184.55731912912719     
   184.14707613593490     
   186.43292032234484     
   191.62466146692981     
   176.30202179176143     
   162.36250171199245     
   150.03095385328942     
   138.87947462572234     
   129.19717282907493     
   121.36732947116380     
   115.46147632278306     
   109.26563766151972     
   102.67268355421089     
   96.915161734105780     
   93.643142371561680     
   89.122444806371490     
   86.890267283747463     
   82.822183355861910     
   79.962324570564988     
   77.473996680946613     
   74.094420039133325     
   71.637345301764228     
   69.355902776178951     
   68.606436388634478     
   67.717343047139451     
   64.310206335689841     
   62.855326573559019     
   60.647600063288181     
   59.403454195389031     
   57.487272666829483     
   56.105767090438846     
   54.394351814694751     
   52.934513568243126     
   50.402777504670446     
   48.923633759401660     
   46.883728545408616     
   43.352797057123681     
   1071.3680926938785     
   1040.7858170794434     
   995.27269523588973     
   940.90194936955970     
   887.95225874614346     
   839.13538017281678     
   799.48699640479299     
   760.99624962654457     
   722.92169802820467     
   693.51824628307941     
   664.36786822526324     
   642.66874395330717     
   616.46200977285605     
   590.40736455347030     
   573.05841627846235     
   555.45544278835052     
   534.04622595209116     
   518.46799607276080     
   500.38741641193673     
   484.35328400048110     
   467.27647606794096     
   454.49597093153250     
   442.26976505129932     
   428.96233352249175     
   414.54467008068309     
   403.57634234324672     
   390.76577219094315     
   378.88310527478632     
   369.87512627718803     
   361.02444291857904     
   350.56180688529537     
   340.03516457024961     
   331.31645849113130     
   322.60562865705265     
   314.41426197116476     
   305.92786105513829     
   298.00910132854392     
   289.20173856018306     
   282.48412020061278     
   274.08587049736610     
   266.50562011862451     
   259.54048857656653     
   252.54030147507783     
   246.97887265685793     
   239.88536583783741     
   233.33319391515568     
   227.97579552344948     
   222.69412950920201     
   218.81737939961795     
   214.42580148596784     
   209.49743724361247     
   205.61720703152218     
   202.55422339645941     
   198.87677227334609     
   195.31048948415989     
   192.08960483498265     
   188.65530847491908     
   186.18739745986312     
   183.36078870209516     
   182.21677465565742     
   180.55830929871331     
   179.09628626314301     
   177.34011335697230     
   177.45876461047231     
   178.75036324484344     
   181.38819130264730     
   186.05850455885187     
   172.20807391555161     
   160.53408950093490     
   148.20973768779464     
   137.30916310490741     
   128.54581419279143     
   120.98133805571449     
   114.88516546264569     
   108.91332694216096     
   103.24316089428569     
   95.838479680021280     
   93.290108866705353     
   88.544988896629590     
   85.544326339334589     
   81.437926008029635     
   78.791966339728575     
   76.694985077700309     
   73.936322223023538     
   71.264381688858307     
   69.940813531632287     
   67.780087110755048     
   66.763669891116905     
   63.741370070267521     
   61.955935718858981     
   60.342549214043572     
   58.926087903976835     
   56.840372370799940     
   55.275693652554608     
   53.588787167408469     
   52.021356457080856     
   49.324446601754808     
   47.798430292489030     
   45.728266012499624     
   43.194505421819180     
   1082.1288869641071     
   1046.1918686018807     
   984.90009064886021     
   925.89477207616630     
   868.81259607747518     
   816.81746479423509     
   772.72789795036067     
   734.55584515678731     
   699.22292433410075     
   667.78690695992896     
   637.66984656881129     
   611.78296871501789     
   590.42104429327264     
   565.89652623420136     
   543.62139770988119     
   525.66717251277464     
   507.08133344077089     
   491.84203765444192     
   477.47970231962711     
   456.86395414479966     
   441.67760467230261     
   425.41094659935396     
   410.84642318045064     
   400.19836173549675     
   391.23787220527936     
   376.40275521176767     
   364.37792076116853     
   356.73821981041965     
   345.85233070150764     
   335.94688696346924     
   326.54158520272023     
   318.48652626614347     
   309.21822489148769     
   299.75607657307501     
   290.82323118290100     
   282.67874082313824     
   277.02906708968152     
   268.86457541264696     
   262.66832748950151     
   255.09723633832766     
   249.04448653782120     
   243.11586389224925     
   239.40034800742797     
   232.25123388927835     
   225.64372784498158     
   220.15000494351378     
   214.87953719142553     
   211.32532671972984     
   206.91872582859995     
   201.53693883493642     
   198.45526408877947     
   194.55360464661115     
   192.00671098764207     
   189.75698888140676     
   185.88660518601088     
   182.75936818383457     
   180.74425971783597     
   177.74465193221329     
   176.77039672057643     
   175.73789610048635     
   174.01481432411427     
   173.81161138526141     
   171.83949027769069     
   172.55857352686581     
   172.23646812749919     
   174.37990827264005     
   179.24761250225004     
   170.08435300111353     
   158.75548758991030     
   146.85436643335385     
   136.39355641161828     
   127.12011446842230     
   120.32088877200229     
   113.59743661723334     
   108.69209844551040     
   102.25158436577182     
   96.332313643881349     
   92.106646108903732     
   88.392147824935861     
   85.016292982418605     
   81.574402961785253     
   78.238606132512501     
   77.391137522859580     
   72.230630092076069     
   70.014305964011484     
   68.064746139123443     
   67.141564745084807     
   65.657030195016929     
   64.006886250996786     
   61.703267870803302     
   59.238981247782490     
   58.529949254518229     
   56.271406464757739     
   55.429566165897626     
   52.807824709100217     
   51.691780563174731     
   49.150393954243384     
   47.592656932999802     
   45.135406133528193     
   41.897200648313543     
   1095.9734741621730     
   1044.3212669463544     
   977.28770508977107     
   909.34168054052680     
   843.20537487955039     
   791.88402995088313     
   746.80361078368219     
   700.16189311719540     
   666.91518291979071     
   636.12594169150702     
   609.07900495544925     
   585.17677544647972     
   557.61708212031522     
   540.43538108407756     
   519.36658857228667     
   498.60789389811248     
   482.15179919870280     
   461.93816261446955     
   447.65651870296188     
   431.93781805216156     
   415.36149466263475     
   404.68322007740881     
   387.57976892631541     
   374.35781679796025     
   361.89037133990223     
   349.45260643859473     
   342.48537240713847     
   331.26710010317544     
   323.31158732822024     
   316.98782817696213     
   305.28811410384208     
   293.99132801464469     
   287.33530653068050     
   279.49028045472096     
   272.21213555732317     
   265.61323981728009     
   256.90233595716973     
   251.25479019177723     
   246.18961376462437     
   239.48241838748581     
   233.02243237417446     
   228.17111456468248     
   221.20639303240324     
   217.58272824205915     
   211.86393646507915     
   206.61518222566701     
   201.69777880407725     
   198.79289307974392     
   196.61293665212671     
   191.66742896967841     
   187.16381867388887     
   183.97839249206419     
   182.63042292356778     
   181.22038166896431     
   176.50613992867031     
   176.32037308479903     
   173.88744052324253     
   171.17952090238197     
   170.48642262014670     
   169.19666843148173     
   168.40374899372267     
   167.25904381212939     
   167.89832653087251     
   167.57211579810209     
   168.45575614581523     
   169.07243662920771     
   172.86003858856526     
   166.08924146859744     
   156.01168917600663     
   146.93627767595541     
   136.54911646999400     
   127.82370621233554     
   120.39222561605791     
   112.38117056356961     
   108.62099370254808     
   101.74850309297430     
   96.409527187847289     
   92.040392815308451     
   87.998266512200431     
   84.965742705615497     
   80.044468532798248     
   77.320540124364470     
   74.991205985525866     
   71.554104947314855     
   70.651289777620036     
   67.964408455949680     
   66.111600846830811     
   63.914207811994146     
   62.599878435252464     
   61.666942346302015     
   59.219612007084223     
   57.380354095780632     
   56.232585920783833     
   54.555617882534122     
   52.783912949425684     
   51.374015138518260     
   48.585768242386834     
   46.011716157174888     
   45.079441036930625     
   41.538250052972899     
   1108.9378217575256     
   1044.2398148266989     
   962.36978133248351     
   889.87163600619624     
   824.61326504217925     
   764.57625283353923     
   715.48588838963099     
   672.61518961047932     
   640.22639568360125     
   607.88436080442239     
   580.62519713692132     
   556.53593745485432     
   527.79586974095116     
   508.04153588276273     
   486.06016843860442     
   473.66525643973068     
   457.41036712538425     
   433.50628979131204     
   416.81985827900917     
   403.63905159761407     
   392.97609861218172     
   379.93523926001967     
   366.09368207048811     
   356.36712578495724     
   342.55008615982734     
   331.35051144650083     
   319.23784018670267     
   310.47834404690167     
   304.11244358353224     
   293.18795578714798     
   281.94696267655479     
   276.61914649539483     
   267.23927518811598     
   259.26499788627297     
   253.69123672103569     
   247.60102566448751     
   240.15058770162477     
   233.54982244244383     
   226.03904500297847     
   221.65904093139656     
   216.11406282278386     
   211.19513942766230     
   206.32287869059186     
   203.67650659996022     
   199.85620743793874     
   195.52492641563515     
   191.64569402754751     
   188.14226895124216     
   185.17981631044580     
   182.88662794660263     
   178.04481664158118     
   175.14181576121101     
   170.66628826177194     
   169.56275242070978     
   169.34399786443777     
   166.69595387949869     
   166.59253220248800     
   163.79917831052586     
   164.03710909205640     
   163.45204777807220     
   163.26614625921303     
   163.37125632640686     
   162.96619832542132     
   163.79676146015925     
   164.01363372271882     
   163.83627311196807     
   164.93301488724313     
   161.64249985739409     
   154.73014219439645     
   145.44885814493310     
   137.67798510997341     
   128.13239150921490     
   120.07658624028579     
   113.31014586146236     
   106.88831108858653     
   102.12057840588204     
   96.741571834135186     
   92.606222855892355     
   87.038525405580231     
   83.846393232113101     
   79.600171262013120     
   76.487733795902088     
   73.731523754281255     
   71.706521323646825     
   68.849558153127504     
   67.719990168281640     
   66.487676578171701     
   64.545499810234872     
   62.102497817105977     
   60.904210069023577     
   58.505202970690974     
   56.186625255679076     
   55.082000748732177     
   53.909839944316246     
   51.378525566959098     
   50.756990008106364     
   48.131969642508352     
   45.516187702276952     
   44.789665060885817     
   40.005496425862617     
   1124.5931429054149     
   1051.7360449673802     
   955.98811647255968     
   875.88437726885604     
   801.06267529148204     
   743.06058309342995     
   693.96135492254245     
   651.38451565317507     
   616.43661070908070     
   582.51855508632707     
   554.80224906387252     
   529.06718147301626     
   504.39777548333905     
   487.93196246738688     
   461.17237083363375     
   450.55734704605874     
   436.94309241606140     
   418.01457688136225     
   397.04252956183797     
   385.92762098557580     
   368.30130737193963     
   361.18354726481891     
   345.00481595012161     
   332.08868726073393     
   320.13336119941334     
   308.76375237415795     
   303.10945524233341     
   293.60636389210811     
   288.74506892071565     
   279.32013793266901     
   271.85412138768606     
   262.56533865033981     
   254.56042925981609     
   243.55182513438058     
   240.36364884015862     
   234.92282763180884     
   228.15566401121302     
   220.85065277572457     
   216.98771848607007     
   211.13155560443289     
   206.79377496890027     
   200.10967024100989     
   192.06266602554962     
   190.87149245191040     
   187.89937434161010     
   183.79544602004657     
   182.99258104844057     
   179.05906018993261     
   176.35597020039810     
   174.42469541443430     
   170.82880465012559     
   168.75322841189131     
   168.20511844985396     
   164.62468609967743     
   164.55775332942233     
   163.97011954698232     
   161.38576909049826     
   161.25764865403073     
   160.28857467336005     
   158.32938539582824     
   160.13020740258960     
   160.21637993495179     
   161.08668283476561     
   161.07130012204621     
   160.21936136402107     
   158.97283010000513     
   158.67301368386256     
   157.62846985893148     
   152.03403859629438     
   144.67809154045307     
   135.58750136231916     
   128.01289390846850     
   120.55029494357498     
   112.95088577399457     
   106.65110056065467     
   101.51744667428433     
   96.441490150431093     
   91.697879029774128     
   85.890207583642990     
   82.176578795515638     
   80.157691352992259     
   76.536321003311542     
   73.234761881686950     
   71.278157380033647     
   68.115830413635265     
   67.433078290774091     
   66.381314603708475     
   64.621759695561792     
   62.212573409394366     
   60.414935229693256     
   57.054386771096290     
   55.657623414869384     
   55.153825285525429     
   54.299589839295990     
   51.089564846733822     
   50.344935414369019     
   48.488345950659784     
   46.298685443093490     
   44.145916454462593     
   40.782953031128045     
   1146.6030005280413     
   1057.5082141545961     
   950.56874267811702     
   867.53282493894153     
   793.12679844395086     
   729.98148339738441     
   679.95083311704116     
   632.42979679787720     
   596.77992994174906     
   567.09320439249007     
   536.94033732410003     
   511.58780690105630     
   487.89324259505503     
   470.53335635972894     
   445.74164525674405     
   429.20484836801415     
   414.18676398347031     
   401.10001857573803     
   385.64979376620227     
   371.24703303887406     
   355.33904936818794     
   343.55773763192707     
   333.03099177177921     
   320.32628709975540     
   309.16968055323849     
   298.11459314372053     
   290.53279191196435     
   279.80759797653201     
   273.43090164525017     
   268.31971151650686     
   261.87549514069468     
   253.02966890133993     
   246.96071727168010     
   235.43998806655208     
   229.40951663952535     
   226.54616132953498     
   220.08297647517372     
   212.95233368814237     
   205.52059661918253     
   202.41001581208286     
   200.53854784404280     
   193.06746479679060     
   189.92538497531325     
   187.06808757939496     
   181.17099552476773     
   176.85266379477918     
   174.14977301485291     
   172.62317607042667     
   169.92325840318452     
   170.12663048697357     
   165.39172247789469     
   164.04203184256818     
   162.49239075164286     
   160.95314252333830     
   161.27630153445108     
   159.25446537751176     
   158.94860868482880     
   157.37134272270495     
   158.12475029473731     
   156.26688927852982     
   157.53265027450087     
   157.52025254189772     
   157.72518699535271     
   158.26036436993309     
   158.11767790371235     
   155.24317250464182     
   156.05382574080591     
   154.74459480075987     
   150.32020098338461     
   144.58969665886877     
   134.99189117242460     
   128.09927284862070     
   121.58068341456757     
   112.73911052060242     
   106.07138351604138     
   102.21468682069872     
   97.027046545142653     
   91.221344529371109     
   86.092157111790058     
   82.661672567613579     
   80.633033855767138     
   77.366201592085886     
   72.989726336191751     
   70.495116905038515     
   67.878572890987414     
   66.744946222400841     
   66.264039850996127     
   64.995800572908763     
   61.743651014891860     
   60.025840487775369     
   57.073268312482149     
   54.563325481980769     
   54.730784772999797     
   53.200480782445574     
   50.431732786604996     
   49.041067548345268     
   47.036722146770856     
   46.162644862147076     
   43.027797039114645     
   40.541873439343412     
   1159.3918077137878     
   1062.1662679253573     
   948.78025978770529     
   860.86901412948873     
   782.23722395952132     
   718.09947885399606     
   666.56530474187912     
   621.56540341756750     
   582.16638943119483     
   551.31831856836516     
   524.27031424706797     
   500.09413993984100     
   475.05560787121135     
   459.03146816825551     
   433.93608456409908     
   418.59442647944752     
   402.37868050327552     
   389.08094668713966     
   372.95454220766510     
   358.37109354523682     
   348.50712909760273     
   336.24184471597346     
   322.76169303133508     
   310.58865384984819     
   302.94628137431840     
   290.24351750083366     
   281.77168171306630     
   274.70581656455062     
   268.56754372853595     
   261.38891202923401     
   252.48414332153214     
   245.00182291429076     
   237.10438149646694     
   229.02271207357475     
   224.27679465391751     
   218.65059453402847     
   215.11692429631324     
   210.14210016491239     
   201.09073585672587     
   197.97734864036732     
   193.82315028991886     
   186.15072873967412     
   183.75962388523726     
   179.62524856932077     
   178.42205964426270     
   173.69517292946935     
   172.26022502943351     
   165.65975965707079     
   165.80272642555676     
   165.68910375897741     
   163.56957467481618     
   161.25931717514942     
   159.52789540597604     
   158.44655036018531     
   156.23252433096630     
   157.11220525461320     
   155.93146720462090     
   154.85266953981485     
   156.93550653877543     
   155.16531889909564     
   157.23876880787455     
   157.83331402295966     
   156.93546641798079     
   156.61554150347087     
   156.44728058058041     
   153.18498738054623     
   151.02488237989616     
   153.55490364265279     
   149.68318734088044     
   143.53188901242621     
   135.25758173328117     
   126.73672980246187     
   120.61127108770742     
   113.28835911252563     
   105.61895438003658     
   102.18782506278360     
   96.561500878412076     
   91.024868226109021     
   86.271204863467574     
   83.842171737630892     
   79.466212870645876     
   76.470622003290558     
   73.126232910317384     
   70.589290854665819     
   68.577653294601731     
   68.077051955671536     
   64.726861372717210     
   64.347351902018971     
   61.751532847003013     
   59.611832631830026     
   57.325710516557344     
   54.555979187893712     
   54.996328751475083     
   52.274922009058557     
   50.255305603524604     
   48.314120767697560     
   45.919617337105038     
   44.189911815987415     
   42.290551531749259     
   39.853718403916751     
   1179.3599702002471     
   1072.8538312660921     
   952.09114920181560     
   858.24629884930459     
   778.75286510500189     
   712.98166886657805     
   659.58648036273007     
   612.77290451829981     
   576.80340674914282     
   543.31558688556879     
   517.16852401859796     
   490.54037486641766     
   471.25997914177640     
   448.05272922458568     
   428.51422870456236     
   413.68111508415427     
   404.59543928448488     
   380.58504394045980     
   365.50794229076712     
   355.72006052802897     
   344.34094846986454     
   326.99762953302212     
   314.78348089142719     
   303.11694590823799     
   297.03811893867942     
   282.71979775794694     
   275.81251308573428     
   269.87918362823945     
   263.69335873434284     
   254.99091758892948     
   243.65417264330210     
   237.43109607250733     
   234.01348739090156     
   225.07861548390537     
   220.85698332133373     
   215.63338916749234     
   210.92635635401444     
   204.90425254428646     
   198.18659419450967     
   193.49103166359745     
   186.45134651850387     
   184.87813286099606     
   179.15291369253171     
   176.83342534719560     
   176.26684401692580     
   171.58402353957968     
   168.73228735612577     
   163.73339600149365     
   163.29505377204194     
   162.32763607935885     
   163.44348354925688     
   160.38841254467945     
   156.82128860963729     
   156.49316499592430     
   156.57835063607675     
   156.49554371651956     
   154.56818190055691     
   153.24780715987748     
   155.36863430604049     
   154.67724651626588     
   155.56710436237023     
   156.39047407029236     
   156.68770654246154     
   156.36855132786366     
   154.57712388271037     
   151.39089600380686     
   146.61203683122406     
   152.49595051927659     
   149.67576217212101     
   143.37000430769999     
   135.88740600179938     
   128.30508808275889     
   121.00859265528297     
   112.84359778210928     
   106.15840047581864     
   101.70543002280603     
   94.830141438087466     
   91.514779288632070     
   85.746537694496482     
   83.784658671892785     
   78.715826594512066     
   75.868806982322639     
   73.431354633229077     
   71.615489965279394     
   68.167761750671772     
   66.960184125275418     
   65.600129617913126     
   63.936423878778264     
   61.084230778720425     
   59.198449330297038     
   57.335152715027796     
   54.629990702697242     
   53.579416427395785     
   52.641182530423272     
   49.983335374305661     
   48.509787121377713     
   46.019178248411976     
   44.451621453217534     
   41.578422805540313     
   39.821386303096205     
   1189.7286964105265     
   1077.4432414738230     
   955.12947012127529     
   855.83557147413103     
   775.03684258480666     
   711.06869389147892     
   655.55557880296010     
   610.92107563906256     
   576.59050830745355     
   542.05683661793489     
   512.82177096336238     
   489.85617877771085     
   465.85479491361156     
   444.41276107973590     
   433.28956208708496     
   407.66960449602027     
   399.98079485025693     
   373.98808572069436     
   361.62120262302460     
   349.52480644566958     
   338.11046986540913     
   321.85325347991318     
   313.60224097621546     
   301.62845904006673     
   292.97195411891494     
   281.41917778947743     
   274.37673466434342     
   261.66593779388086     
   259.36739126048388     
   252.48593608079474     
   241.65764844119568     
   238.03485161207885     
   229.99691350226311     
   220.68946440723877     
   216.27593196413378     
   212.07676133597835     
   209.31753822001940     
   198.93110092296658     
   195.04320192640452     
   191.85284970756993     
   185.26004187114833     
   181.70605050003158     
   177.23804483137241     
   174.11578618736200     
   172.61939941337832     
   169.47713103414350     
   167.66332578834010     
   163.50008509677244     
   162.44713165205582     
   162.91678768383574     
   161.11816585725791     
   157.88283807593066     
   155.83521627364959     
   152.92267047686568     
   153.15022629900920     
   153.95892497651027     
   152.98418506368841     
   151.35498314796266     
   152.78007687214975     
   154.31300993434940     
   154.43605995053684     
   155.83297108374188     
   155.50493375236547     
   156.15500837874345     
   154.35095888360786     
   150.67842784879070     
   146.90722426145422     
   150.71764074834800     
   149.53174090036890     
   142.00372144539824     
   135.47888612688206     
   126.36426393536058     
   119.65828935573872     
   111.35413346904247     
   106.20118031687979     
   100.67255377651500     
   96.118824374631856     
   89.526128390866788     
   84.006065477546457     
   83.701615845994141     
   80.123314205993893     
   75.717023477662536     
   73.266671009779742     
   71.984186846960412     
   67.957954889554244     
   66.116210701437325     
   65.424459230022265     
   63.863623725881588     
   60.927972171244292     
   58.899742453821830     
   57.506517784540449     
   55.024483591363250     
   53.809149083493743     
   51.606333138546951     
   49.626617306353637     
   48.997788938563673     
   45.911836945744326     
   44.399220498917622     
   42.987906543153130     
   39.045313389455259     
   1200.0821743070258     
   1083.9622334796077     
   960.86349870294350     
   854.96482069747447     
   778.46564169431633     
   712.79467735520961     
   655.46984904763531     
   608.44068943286152     
   571.38732461770962     
   533.73113894457254     
   506.70379245612401     
   485.32361464577514     
   462.17209886663852     
   443.48523068940051     
   430.88014443769100     
   412.67996270245317     
   399.41279601318354     
   375.61303632439672     
   360.50347533950713     
   343.57668670533417     
   334.54550931765232     
   324.41189514546545     
   310.06157572940231     
   301.36776910782828     
   290.70080744696753     
   280.84922267056055     
   273.46273839163393     
   261.54633613621104     
   256.25242563029229     
   250.92030248662851     
   239.12450240719082     
   239.69770777594550     
   227.22482126174455     
   221.37226558852262     
   217.62808731145543     
   214.37646378983874     
   205.55212843706244     
   200.27875195630298     
   194.21773366839037     
   188.41865491430505     
   183.36034692772520     
   180.13336605894597     
   177.09924668194148     
   176.21530225752366     
   168.28669956457176     
   169.38956299848772     
   165.79903644699567     
   163.90768202263931     
   163.08907218337592     
   159.46070157075147     
   159.54860856220412     
   153.20807696660211     
   155.12329141514178     
   155.27339707848330     
   153.28150717131737     
   151.78215470941754     
   152.38524870930101     
   153.18416512303671     
   152.10922299669244     
   154.38711458192859     
   153.11834192498807     
   155.32745570776561     
   154.61091535292434     
   153.97900916328405     
   153.60662392941776     
   149.57018603228093     
   145.20515675203717     
   149.87849497472101     
   148.81272141196632     
   141.40598815102044     
   133.39477232286876     
   126.34370122012294     
   118.51843664802936     
   110.47363299951409     
   104.93324075465590     
   101.18644554806511     
   96.206153908214674     
   91.138775784059163     
   84.721261417043110     
   83.107482922140491     
   79.650978628700329     
   76.715754413750446     
   72.723297257632296     
   70.945733482989183     
   67.631452950452029     
   67.395980051241722     
   65.036362250362941     
   64.194673438900963     
   61.428086986227825     
   59.702908717914156     
   57.935844509895091     
   54.752795664118850     
   53.431443890912334     
   51.859857941691772     
   50.429213694281344     
   48.380278292844970     
   45.672337935639881     
   44.317163385638196     
   42.058644374207404     
   39.304608429367406     
   1205.4296105580020     
   1088.0436115459345     
   966.86750365525916     
   855.88840872507558     
   780.44410726697674     
   712.01826425018851     
   651.99269479910231     
   613.35083835702858     
   574.34168864080846     
   529.73889132952047     
   505.11184067401007     
   483.53999951163178     
   464.19634483769840     
   444.48619605790407     
   427.43147203410729     
   408.49963007285777     
   390.14198612196412     
   375.94700845480315     
   361.64963410148385     
   345.23245086251296     
   337.79449646991560     
   318.78605904102341     
   305.68460745173343     
   302.63446047209175     
   286.02572417299012     
   283.26843150023950     
   269.39679121360234     
   261.85364765993029     
   256.66742849793962     
   251.69071201740462     
   240.94500462244594     
   232.91523309771992     
   221.47117816803726     
   217.70277552718019     
   214.17330933945192     
   210.56890420109858     
   204.64623652517599     
   198.96375535009787     
   189.74810965775274     
   185.28431952176902     
   181.45694561642995     
   179.67268932761877     
   176.63700835505892     
   172.57418269255732     
   168.51010701244982     
   166.73582127241718     
   164.53774341241626     
   166.13048369374144     
   162.97851660819828     
   160.53924054563535     
   156.50555486151987     
   155.89138973873241     
   155.22139998286929     
   153.63764487227826     
   151.87231389026087     
   152.06386813207493     
   153.01765885920622     
   152.85637652085768     
   151.89646976663605     
   154.24205560820087     
   153.28823921629507     
   156.01783151229469     
   156.14334568222878     
   154.91195383193266     
   153.89357663839445     
   148.15429084289997     
   144.55703375350552     
   148.58899877714470     
   148.84983008615399     
   141.29563867278267     
   134.84656072376018     
   126.25330719266668     
   118.06274623990515     
   109.38023792919131     
   104.38526531301615     
   99.459433309210993     
   95.673113916921750     
   90.758531632803766     
   85.288387499643065     
   82.344642363234826     
   80.166630354240951     
   77.382817882180049     
   73.627634867316758     
   70.887278158241259     
   68.508812562645943     
   67.611494305479965     
   65.051617347334300     
   63.340468652982395     
   61.372065499420337     
   58.759040069947119     
   57.898726666600410     
   54.821886201290873     
   54.112898024793594     
   52.190059681037063     
   50.036721721621127     
   48.474912870981250     
   45.900116252263693     
   44.460941371418514     
   42.179949760866037     
   38.745322487960507     
