           1
        3200
           1
   964.04770388815859     
   913.63372667553926     
   872.46935043051178     
   842.07004274592202     
   818.45375535205835     
   797.99457031014776     
   778.31837883791786     
   758.18241191589198     
   740.12585614179284     
   723.91390815172440     
   705.20454360598660     
   687.82802024273599     
   672.12717131795398     
   656.43865729547542     
   639.86067347762742     
   624.24242347071799     
   608.72608602546541     
   594.89203895955302     
   580.17674448944160     
   567.29435731610749     
   554.08260937852822     
   541.28553944180726     
   528.02563770233689     
   515.24975415921858     
   502.50215596901410     
   489.52133054009158     
   477.53454206096529     
   465.96538725965524     
   454.75601652003638     
   443.48177246427963     
   433.39412758462583     
   423.47792419840647     
   413.17248882746253     
   403.78664618154352     
   394.45807812031188     
   385.52018476148260     
   376.56215856906266     
   368.25336386028346     
   359.66155767579386     
   350.75712759918252     
   342.01860844137616     
   333.76081351097326     
   326.54187038773284     
   319.42247281707915     
   311.58449475152293     
   304.32059141395160     
   296.76508623003025     
   289.49275234789184     
   282.81092184977899     
   276.22089468395609     
   269.64315950820259     
   263.47709094767964     
   257.46000642069924     
   251.67376637293430     
   246.05169469186825     
   240.89322276383342     
   235.61236690284056     
   230.52008740764484     
   225.37001118165509     
   220.46402382266075     
   215.83507838992927     
   211.25221319081805     
   206.87105923282843     
   202.66867131706877     
   198.47687701843756     
   194.56399644850421     
   190.53856884244510     
   186.58538766707466     
   182.79755413401426     
   179.20724674522677     
   175.45785123821668     
   172.13981592030757     
   168.80453845615068     
   165.36489413192959     
   161.98860152089696     
   158.76061282734364     
   155.64202997779859     
   152.52063680655567     
   149.59301522213354     
   146.63754460844791     
   143.74434806590594     
   140.97358913939536     
   138.26910977902449     
   135.47918718479912     
   132.76213559957637     
   130.24308133038855     
   127.79383072997288     
   125.39121959357666     
   123.05540376030982     
   120.83908648165983     
   118.50583289317910     
   116.33130274042445     
   114.13824289650141     
   112.07417592618719     
   109.90408832492869     
   107.83646801367168     
   105.79532007118480     
   103.79995703315186     
   101.85926363333071     
   99.999434120854062     
   981.19169413856878     
   951.64543976746882     
   913.08742751708780     
   876.81528076310724     
   847.73029351069022     
   821.19367076307435     
   798.35221810238409     
   779.00060485436711     
   757.08563802525555     
   738.35789377517790     
   720.64082874718474     
   705.04917210370434     
   686.34837459672826     
   668.03904344632838     
   652.99953031238749     
   637.33035710408501     
   621.29083322662598     
   607.49521758440676     
   592.48839570606958     
   577.63989485508853     
   563.29262356759239     
   548.94426813400059     
   535.36560401393024     
   522.86263200566668     
   510.66590990751837     
   498.60695894179491     
   487.04669854271850     
   475.71178872051280     
   463.75749391387581     
   453.07370122626128     
   442.97388108291079     
   431.35356887356534     
   421.21587700860562     
   410.97227459480291     
   401.08343357374702     
   390.84972912230177     
   380.94265311913347     
   371.20680350757209     
   361.72743106730110     
   353.10998123583954     
   344.31547257933028     
   335.66085122892832     
   327.48369901070913     
   319.66399069622105     
   312.01789296806601     
   304.42445193477903     
   297.33133472505864     
   290.67348126280046     
   283.49246760581826     
   276.72322960101451     
   270.45192705007378     
   264.52165953355762     
   258.09173873607136     
   252.30295612840621     
   246.78803195836323     
   241.19179942729613     
   235.82635514596134     
   230.51937761048328     
   225.44504351704717     
   220.83200186151200     
   216.05849221655586     
   211.51337907231871     
   207.02661076610170     
   202.76199562659633     
   198.56008433032133     
   194.50091522937086     
   190.59815786192974     
   186.67953617989258     
   182.89340383805379     
   179.10638692700505     
   175.69662644520474     
   172.26950140134636     
   168.82097919645102     
   165.56992201571833     
   162.36243277047106     
   159.29667030729163     
   156.14004910832500     
   153.08246086437705     
   150.05101345247951     
   147.10683294503022     
   144.23937622685071     
   141.40381032673463     
   138.71953667668302     
   136.12170912874834     
   133.45786630844546     
   130.97901903004220     
   128.60956836032179     
   126.10233587048967     
   123.69919241962920     
   121.36695385470992     
   119.07669277053017     
   116.85489376998669     
   114.62812299155323     
   112.42568403908822     
   110.32247811989546     
   108.22608065657639     
   106.26574103757264     
   104.32763880971233     
   102.43530991491156     
   100.55406969626041     
   986.14575148906840     
   960.15613862964256     
   931.13225286627130     
   899.88768749141684     
   871.60840884842662     
   843.92370258855669     
   818.53572280292917     
   793.85107910722866     
   772.34159795194978     
   751.48030125123091     
   730.40818566896519     
   711.83419957698152     
   694.55980940441543     
   676.58244521373445     
   660.09767567320557     
   643.81089675847988     
   628.49227312671587     
   612.16248711329581     
   596.72536840833459     
   582.63467096282477     
   570.57235211789316     
   556.90426357969125     
   544.31595242330332     
   531.18707799148046     
   517.73920010221400     
   505.14088940892253     
   492.25138018325401     
   480.51342336229231     
   468.92128305312440     
   457.77367614389379     
   445.94239327891876     
   434.60278527659199     
   423.11917222575494     
   412.49207787781882     
   401.12920942046816     
   391.21549092863711     
   381.54658705296350     
   371.24456724498140     
   361.44538862880040     
   352.71613269522533     
   343.76482734610823     
   335.05586303602553     
   326.62915275517491     
   318.74227330682692     
   311.07170676985766     
   303.40568352072876     
   295.94077697437280     
   288.70276885885949     
   282.36103315150268     
   275.75863341680861     
   269.44251508425941     
   263.62432310902494     
   257.87103764974449     
   252.17333543350185     
   246.48115404817429     
   241.10069074266323     
   235.81447248970312     
   230.37504087575624     
   225.53542978227085     
   220.80741392975420     
   215.99574365308729     
   211.50945346892564     
   207.16071951795402     
   202.57894508418997     
   198.46068610588804     
   194.40211238436478     
   190.39572168754762     
   186.38666510293177     
   182.73000949005450     
   178.98483798750991     
   175.48104386535684     
   171.90186600341937     
   168.51736959033593     
   165.21397387487906     
   161.98083399055463     
   158.70192726617336     
   155.53150711754441     
   152.57138379955686     
   149.55582673427745     
   146.75073857907915     
   144.00456574122714     
   141.25864374704085     
   138.52065605437764     
   135.93153410739825     
   133.25747676912940     
   130.69616138964335     
   128.24621646170010     
   125.82759533484834     
   123.50120651267434     
   121.18034082912372     
   118.82654764221506     
   116.59186502399567     
   114.40744291106387     
   112.29952923871953     
   110.15850789858096     
   108.13914384742378     
   106.08032519353941     
   104.07958265120027     
   102.14855612966713     
   100.19166518112667     
   992.20717773149022     
   963.08433215381365     
   935.45751389412567     
   909.69543849622107     
   886.05785369364025     
   859.94774775628025     
   834.47567076406870     
   808.55912162491370     
   785.18894845383807     
   764.30525208618747     
   742.29986389508122     
   723.08397212440786     
   704.18143721026729     
   686.16948619387665     
   669.18934368460430     
   653.32414237700937     
   637.29020149516759     
   622.57760315884502     
   608.00696731708229     
   593.70798411726366     
   577.63994001781589     
   563.37111772107232     
   548.71082988815249     
   534.53130498812232     
   521.48301886524848     
   508.36149683801921     
   495.93331942392768     
   482.99050029277521     
   470.55931928033391     
   457.24860827893747     
   445.13466470966887     
   433.26089615395881     
   421.63433846361011     
   409.76190240876792     
   399.52293985239862     
   390.02185988264262     
   379.98988247673947     
   370.19045616530514     
   360.70427386110259     
   351.62632074471003     
   342.48899892397793     
   334.11792948552687     
   325.74071828199499     
   317.87689144337514     
   310.52522137201174     
   302.63400867175005     
   295.52678922102177     
   288.12226624541034     
   281.00627699222292     
   274.53261536306820     
   268.09383446277303     
   261.89581673089253     
   256.01971496339951     
   250.43341957514735     
   245.01972516102529     
   239.57014689357999     
   234.19145095143480     
   229.58163482522798     
   224.70850396232657     
   219.85320734978882     
   215.34221859106370     
   210.98735064866830     
   206.28400014044018     
   201.96686897479876     
   197.91852100085327     
   193.91744169302851     
   189.74537821531084     
   185.92738371492268     
   182.28032558572161     
   178.60523980795554     
   174.93801173355493     
   171.43328345051677     
   168.01628119291541     
   164.65676485076381     
   161.45832925900106     
   158.30556065800795     
   155.25802034530366     
   152.28861027152291     
   149.33698992651853     
   146.48698634407293     
   143.55677963499727     
   140.81445413445090     
   138.15840251463848     
   135.54816764755694     
   132.98878221550433     
   130.43667770934633     
   127.96907934287961     
   125.59173739830513     
   123.18653398381601     
   120.92503199289416     
   118.59140514738593     
   116.37202309979355     
   114.19978416385042     
   112.10694918587041     
   110.01850492434880     
   107.99936358464103     
   105.97993950798895     
   104.02580495942458     
   102.02180499590574     
   100.14712192824183     
   993.96724477742771     
   966.07558468443301     
   937.97079324169295     
   916.79265302230328     
   895.00467458290609     
   868.78810358878559     
   843.20809289613601     
   821.55839023475562     
   798.25657182947270     
   775.58929471294846     
   754.63966967540546     
   736.49612258407262     
   715.89671592818001     
   697.51719337467807     
   680.05337944426651     
   663.26553701997989     
   645.44407793654682     
   629.24094118250923     
   611.88566025584419     
   597.27011064573867     
   583.24720259306480     
   569.41629791126695     
   554.58379255013665     
   539.13493187128324     
   524.75705579988289     
   510.57091702218435     
   497.03580628989380     
   483.53192942931412     
   470.99401752566376     
   457.93365376223448     
   445.66378885891356     
   434.71014031966450     
   423.05337276656439     
   412.00400529817034     
   400.83156711537066     
   390.00629421235283     
   379.07813905141370     
   369.42406941076342     
   359.56926168013666     
   351.28116309578309     
   342.45228976894919     
   334.02160687938118     
   325.54076120692321     
   317.71811289545292     
   310.20176513537302     
   302.72422236833279     
   295.90107513387778     
   288.59500146439933     
   281.98271380497602     
   275.84275516285936     
   269.66261444320600     
   263.71941641892306     
   257.73775795381368     
   251.69284054113081     
   245.99539663427777     
   240.52162616786975     
   235.30047696206367     
   230.18064320103264     
   225.31247449702082     
   220.50860900522113     
   215.86313820811876     
   211.30266542933165     
   206.67092423620716     
   202.45274352294001     
   198.31226702347595     
   194.35508090925501     
   190.40863723417036     
   186.41805320820106     
   182.57686424117901     
   178.95884045531744     
   175.30087603070223     
   171.82751767464867     
   168.52535978417382     
   165.13511204882681     
   161.92152158151663     
   158.71746415685618     
   155.69593021948020     
   152.72889822468983     
   149.74511725428476     
   146.87403874529056     
   144.02312818353255     
   141.35651130391858     
   138.59898481547677     
   135.88883602763653     
   133.24871670568194     
   130.67976408547622     
   128.20997170188372     
   125.80971410787024     
   123.47284826901370     
   121.14423762863493     
   118.78895361472740     
   116.54657828638359     
   114.33721635359652     
   112.25856995785699     
   110.13330530344894     
   108.02118337264966     
   106.02150721085836     
   104.02727381850931     
   102.08296012996576     
   100.20004937681767     
   1000.4115772131736     
   968.31933794013594     
   941.68935017305000     
   917.62821341202255     
   894.85353659165730     
   875.67285551779423     
   854.11303937141236     
   829.00964545917338     
   808.84205588118255     
   787.80970980991970     
   767.58957536346293     
   746.12145080275150     
   725.51299389227211     
   705.26104552407412     
   687.10300778538794     
   669.13384724494210     
   652.71889508073593     
   636.49364705808375     
   620.14268411464525     
   603.08281767166977     
   587.21834707987523     
   571.09631207462996     
   556.30218323477368     
   540.73282821743248     
   526.22024369834492     
   511.87544542085209     
   497.17737169172165     
   483.81767577240782     
   470.74636134029009     
   457.15418624759309     
   444.74730194818096     
   433.78528965219385     
   421.93551437286879     
   411.34128266694876     
   400.55401430042838     
   389.98347320154056     
   380.06635984856212     
   370.92460163810648     
   361.36233329140299     
   351.83373279394692     
   342.71821652043150     
   333.92545710757202     
   325.68981925927636     
   317.74080334413418     
   309.85313012942208     
   302.65350229476053     
   295.24325380930605     
   288.22657709163246     
   281.53992855620919     
   275.14409998352374     
   268.83959707496399     
   262.73189268236263     
   256.71965522391065     
   251.27063842462459     
   245.96187719421067     
   240.46706179410978     
   235.41137327533289     
   230.11261626605926     
   225.18695649900906     
   220.18350189224387     
   215.63888682646692     
   211.04675421061438     
   206.77032946768330     
   202.46043262257029     
   198.31325350886044     
   194.09623614083145     
   190.11451131898991     
   186.18643215628612     
   182.34987471401092     
   178.66918330098096     
   175.24875721215994     
   171.70852329308374     
   168.13317942864518     
   164.91088374714371     
   161.67073414156238     
   158.49460286576581     
   155.41222036875675     
   152.33746517457837     
   149.32917673907377     
   146.38940544014287     
   143.57835033533556     
   140.73685560854122     
   138.01773687214407     
   135.41543046077416     
   132.82836377837856     
   130.36744851493461     
   127.90292540603353     
   125.40107189262237     
   122.97986487776140     
   120.71283846059470     
   118.44487590850704     
   116.22830022806701     
   114.09378090210625     
   111.97299717587120     
   109.88811936620031     
   107.80042301016863     
   105.79736714041177     
   103.83794085735924     
   101.84430201863356     
   99.967754332179467     
   1001.5470554334854     
   971.76175154770192     
   943.63321365423951     
   921.17249076990788     
   899.94474324344583     
   877.05743120273701     
   857.88912846134690     
   838.13839191956265     
   816.74053877929612     
   793.26659153007495     
   771.65135515748864     
   751.40734149711932     
   732.00098028792706     
   713.13943082576475     
   695.28307457615517     
   675.93281067224837     
   658.86711233593041     
   641.52696307908263     
   624.51350501579236     
   607.57175715366748     
   590.58678656467634     
   574.00122323040250     
   557.41947162018664     
   541.05163957976788     
   526.57600296038981     
   512.10526827759304     
   498.33940080104412     
   484.38051649646286     
   471.31515349296245     
   459.26574219311146     
   446.10072287087644     
   433.99704407743866     
   422.40151535907955     
   411.16367298303658     
   399.85191168029320     
   389.20222218658540     
   379.32383660672980     
   369.53550476480547     
   359.93119201212789     
   350.33106243693584     
   341.57928972403113     
   333.20430822052651     
   325.14356350595131     
   317.15406716970818     
   309.68779160624553     
   301.84770733831380     
   294.60217611468869     
   287.51100737591423     
   281.16474119817440     
   274.57302097936224     
   268.36793075159960     
   262.27918247699250     
   256.30459906875626     
   250.48430400932278     
   244.70642978335144     
   239.60875072564932     
   234.42780920531385     
   229.50635854436393     
   224.39385722357136     
   219.76801371822580     
   215.15802229230837     
   210.62602740968134     
   206.31694898355460     
   201.96686156606484     
   197.89803000793384     
   193.99098535873941     
   189.98271912307956     
   185.97297952715604     
   182.17194137662673     
   178.49790575063830     
   174.89735158551150     
   171.48836334866675     
   168.14853466003365     
   164.88761721272320     
   161.58392793851004     
   158.37057502145561     
   155.36375110124024     
   152.31511300975873     
   149.39738177442968     
   146.47238613774556     
   143.66071534288105     
   140.87770436539992     
   138.16715510469169     
   135.55012477473622     
   132.97666269843214     
   130.41889140477952     
   127.90773847388039     
   125.52052949262269     
   123.13665441340059     
   120.84954155510333     
   118.57550207097819     
   116.31965812779040     
   114.15846879974738     
   111.97797569915912     
   109.88026466875714     
   107.84529614465639     
   105.79611238655764     
   103.79573441085820     
   101.87123834036080     
   99.958926304941798     
   1007.9357251878347     
   973.36194952617109     
   949.44869995961801     
   925.30371971855811     
   901.03595093843114     
   879.11637888166524     
   857.47643649669442     
   834.63638216716572     
   814.42022707290698     
   795.87675761660432     
   775.80196959207831     
   756.19086709594603     
   735.70021959183850     
   716.53508707670062     
   698.45475830287933     
   680.15926504750985     
   662.79985478129981     
   644.42468250218212     
   626.83520151150117     
   608.14739964509863     
   589.75750417346694     
   572.26103316918068     
   556.78712237904210     
   541.30173252946247     
   525.03628087521372     
   510.30877459605392     
   496.36422325356739     
   482.55766211848078     
   469.96591782842893     
   455.50773585514639     
   442.94465696501152     
   430.90487901346785     
   420.74460995656722     
   409.71030351309560     
   398.16801431488028     
   388.22779713608594     
   378.30052702828840     
   368.78297663311537     
   358.79251478311477     
   350.05042766546239     
   341.87988269093796     
   333.38662782311940     
   325.29820344521738     
   317.20168211694613     
   309.69248195447261     
   302.24186546913040     
   295.37382261865611     
   288.60807295647146     
   281.93146968781843     
   275.46097650342625     
   269.28049408469633     
   263.25289537284829     
   257.51193682212880     
   251.85730402329790     
   246.62625586943341     
   240.85700680441414     
   235.46264123373069     
   230.29983734042668     
   225.11277580661420     
   220.16827082070262     
   215.57412905322383     
   211.03902388592496     
   206.35007973257416     
   202.00726857097663     
   197.72981957370772     
   193.75929421663739     
   189.81152495441739     
   185.92931834335786     
   182.16918801721218     
   178.61509218513098     
   175.11324940133403     
   171.48899758257392     
   168.12549442957004     
   164.76031777699492     
   161.47704436070902     
   158.36853807528848     
   155.24381991122678     
   152.16191756455629     
   149.23922188541493     
   146.39127080855332     
   143.57374809557987     
   140.87549434896832     
   138.13883952416106     
   135.58151233534480     
   132.96248732898158     
   130.39820720612724     
   127.93223820989959     
   125.42102690901055     
   123.03650927289694     
   120.70719928966844     
   118.37335235398089     
   116.12161221037653     
   113.99608354990808     
   111.83649927885692     
   109.72383727462554     
   107.66633645086337     
   105.63363262094764     
   103.62679516411832     
   101.69185280378800     
   99.695622168964775     
   1010.8383621105220     
   979.93947017052847     
   954.04669825727512     
   928.60154101331477     
   903.66689833590942     
   879.48038339976563     
   856.00990821692506     
   837.92339484326237     
   817.63279024137205     
   796.64040863988180     
   777.81434010690816     
   759.96048623868342     
   739.89916323435341     
   720.88037892998273     
   703.01257606247930     
   684.06726925786575     
   664.72857334930029     
   644.75641576675491     
   624.98536606589983     
   606.87788185402712     
   589.23022365105726     
   571.89788861259171     
   554.85716922314487     
   539.31773465294475     
   523.65405332660225     
   508.25489912667319     
   493.98914138088128     
   479.83353856896758     
   466.34231583072471     
   453.69137338128996     
   441.14362567684071     
   429.77160242231548     
   419.08052784399706     
   408.31144877858645     
   397.66799791916151     
   387.42919398560309     
   377.79857377310100     
   368.43345392715509     
   359.08676039987404     
   350.07463299566234     
   340.81070653840413     
   332.17912890862073     
   324.39923898077944     
   316.05983637514709     
   308.85640061277127     
   301.58041873674483     
   294.56619615081212     
   287.40865780583727     
   280.81624370541789     
   274.61348105937986     
   268.53427970895814     
   262.26139593834023     
   256.23871257574717     
   250.71804014640031     
   245.36110844705061     
   239.95663003450920     
   234.93276981706521     
   229.90816606775587     
   225.13987984966272     
   220.29123283633970     
   215.53881109750529     
   211.20413071102703     
   206.65299829129452     
   202.48706845830574     
   198.53211285758479     
   194.20248123252230     
   190.08958989131582     
   186.30561518127041     
   182.62475066318638     
   178.77184433854868     
   175.22721388364792     
   171.87690703788476     
   168.30809328006609     
   164.90528417883286     
   161.63140626031162     
   158.50098591678446     
   155.38037030401560     
   152.30904089387258     
   149.27334625748213     
   146.36959561769117     
   143.56189554934872     
   140.74624982154211     
   137.98095185093811     
   135.39644398743985     
   132.71878497978673     
   130.09739849250096     
   127.60628065648169     
   125.09598367422669     
   122.71736010119557     
   120.29838356115066     
   118.00411635129102     
   115.71739430844688     
   113.55557818446565     
   111.32496139021262     
   109.15491533530360     
   107.10238029663151     
   104.99873040838428     
   102.96802342710811     
   100.95155155134043     
   98.987418162138269     
   1017.4253607833142     
   985.12346773033516     
   956.88715290631171     
   931.67532813194157     
   907.26756671003727     
   885.17225069468134     
   862.98904764723443     
   840.60494364174315     
   819.46391544041512     
   798.57804649306604     
   779.53047928116791     
   760.17130279436128     
   741.23941558993840     
   723.06803454265787     
   701.89321729879612     
   681.24525788629944     
   660.28231392133193     
   640.19322015215948     
   621.74495642520367     
   603.89870153429888     
   586.19942330545723     
   569.15523177957925     
   552.41532944097992     
   536.62216124806105     
   522.15241388833397     
   508.73341031793825     
   494.50073141837373     
   481.22767989402683     
   468.27406319708217     
   455.44197579752063     
   443.59144703842537     
   432.10422012076197     
   420.19217753772523     
   408.34804056406290     
   397.50214450494678     
   387.87805864776033     
   378.41060802376848     
   367.91737233864558     
   358.31115592819481     
   349.67904371163081     
   341.53631741984174     
   332.60148228907531     
   324.08682466275252     
   316.18828129069919     
   308.70285706102618     
   301.29723122503026     
   294.33961867854111     
   287.54656170778696     
   280.96237663548362     
   274.12743042282227     
   267.80159838320094     
   261.44409126512517     
   255.61996760130495     
   250.26276371773159     
   244.92724705316999     
   239.39322664582988     
   233.97726239909616     
   228.88745073761862     
   223.88797507274936     
   219.03400135458566     
   214.54752451234964     
   210.40148630644137     
   205.89333628631579     
   201.33070981914838     
   197.28541122619814     
   193.09749495113854     
   189.20770507327998     
   185.33337321196552     
   181.65301707049395     
   178.01685499086489     
   174.55467211318967     
   170.99945711022318     
   167.76012295552877     
   164.39041617304969     
   161.18272465555415     
   157.98798933822161     
   154.86485596582941     
   151.79112895377557     
   148.89097329590976     
   145.96644644688152     
   143.11360554703617     
   140.56717519567800     
   137.65742408450728     
   134.94638926239946     
   132.31035451196618     
   129.66739051127834     
   127.13975415995449     
   124.71967299609065     
   122.26421094060905     
   119.83961314001746     
   117.52028885360706     
   115.09744704825061     
   112.86090806096499     
   110.56846142632227     
   108.41802690293754     
   106.25446222062681     
   104.12793597999276     
   101.96801391359760     
   99.969478815795014     
   97.956911257985823     
   1021.4320006195359     
   988.76533056631627     
   960.33354515560086     
   937.00661997204315     
   911.52478067263280     
   887.35597274178701     
   863.72518387838568     
   843.47521082464277     
   821.37345022230852     
   801.16785531769256     
   781.54734763025817     
   760.50385409141904     
   739.00667265611423     
   716.94031721907550     
   694.98338483553277     
   673.42500963610905     
   653.73865530341970     
   633.58846804460882     
   615.18009682700938     
   597.46120505074759     
   581.21080376195266     
   564.72535667835439     
   550.11218315593442     
   535.28078569476975     
   520.82389296655344     
   506.55298070880127     
   493.20986060900691     
   480.52044525309822     
   467.01137679460345     
   454.38364978340212     
   442.23394565934962     
   430.78323543999943     
   419.55172412514185     
   408.62229731151064     
   398.69783170140022     
   388.11313828573310     
   377.70392624910568     
   368.32515325016436     
   358.74631295659651     
   349.71284861370572     
   340.87649350623633     
   332.48778433212891     
   324.90462050956643     
   316.78683244968499     
   309.62685422065340     
   302.18643054830756     
   294.71294401834223     
   287.88101592133830     
   281.21447256412921     
   275.07701875562634     
   268.80938481970190     
   262.89892464397542     
   257.05311945949597     
   251.27775502111461     
   245.60403953729005     
   240.15163878644103     
   234.94077422407108     
   229.72907301570837     
   224.77967975490063     
   219.57837564165192     
   215.02210109961470     
   210.51221639741573     
   206.20447274086797     
   201.90448272567386     
   197.71262421819429     
   193.57033281353245     
   189.66646870286280     
   185.86059536022807     
   182.04606721783907     
   178.39662359364200     
   174.61879311120873     
   171.11046886607241     
   167.78728609491529     
   164.40263627705582     
   160.74007981755651     
   157.49448418183007     
   154.34397492524357     
   151.24215438650998     
   148.26151714143413     
   145.25360132264763     
   142.19340801939430     
   139.32103533851378     
   136.50295588394911     
   133.84763660540406     
   131.03309631286191     
   128.41414195955531     
   125.83930863003239     
   123.24312413789821     
   120.71783156154045     
   118.25458743600669     
   115.85119970102267     
   113.47796477930353     
   111.21773335580944     
   108.93080395606901     
   106.60231427723770     
   104.30463204690662     
   102.06645333384370     
   99.924213457622656     
   97.745115037794392     
   95.570286488581331     
   1023.2060039592119     
   989.74845974778952     
   962.63021979921609     
   937.28476629806187     
   914.05848685250442     
   890.37157356831574     
   868.54665927795099     
   846.72256963122720     
   822.41161963892705     
   800.92985995345316     
   776.90603589017451     
   754.11569053921778     
   732.02413788182457     
   708.52771387458870     
   686.78068514304232     
   667.36067177292307     
   648.23367873273105     
   630.29261624862556     
   613.11979371521215     
   594.99402603790418     
   578.55648296368543     
   562.28376352978069     
   546.47396323598582     
   530.76447932557198     
   516.52084599345881     
   502.54222399309560     
   488.93900949422061     
   475.91202328336561     
   464.76572338846051     
   452.27679674840078     
   440.45536479966353     
   427.73430127205125     
   416.54303156063463     
   406.47198671576172     
   395.64747647706957     
   385.39279328136809     
   375.75293734401367     
   366.42247024284978     
   356.65005919181522     
   348.36202687107516     
   339.74184716782440     
   331.39368796172909     
   323.63599804172048     
   315.78054078774136     
   308.07170727886307     
   301.01794250698549     
   293.86468854926346     
   287.03246370727970     
   280.29002572386582     
   274.11683594883289     
   267.77095511354287     
   261.63022735769749     
   255.61054226297210     
   249.87116785453651     
   244.55429221591697     
   239.29245585410044     
   234.04274345552255     
   229.08242345808293     
   224.11440517748713     
   219.21942345299973     
   214.69227526011650     
   210.01975951019600     
   205.17868949293126     
   200.89760717497674     
   196.90489648040418     
   192.54812411116637     
   188.55431279827164     
   184.65811040468773     
   180.52745323643148     
   176.87242237800123     
   173.23338349498195     
   169.51762348958169     
   165.74829940782294     
   162.22769585105857     
   158.89178940822404     
   155.47731852202611     
   152.32578653983109     
   149.13344136087468     
   146.07680009334655     
   143.10961471959553     
   139.98960210494135     
   137.12312235077280     
   134.30834537937841     
   131.37744719532984     
   128.52523307871513     
   125.69354287184667     
   122.93509017421368     
   120.35046755108833     
   117.68124211575763     
   115.01908379666479     
   112.43738484355350     
   109.83552621808607     
   107.47635403131713     
   105.09737837800873     
   102.72373910772085     
   100.34790134241867     
   98.041498782355205     
   95.807067386524963     
   93.503040424640915     
   91.334053915368671     
   1028.4112831453351     
   993.66415482711943     
   966.87613626147652     
   939.94344985790849     
   916.03739958560641     
   890.81115424141183     
   868.00331201588494     
   845.64559092132640     
   822.44363927459631     
   796.94215812353468     
   770.34378773552055     
   745.19123458294212     
   721.83607265527974     
   699.95285932599904     
   679.29448637301311     
   659.56704905820413     
   640.61198536386735     
   623.44415903432923     
   606.18961673013268     
   590.38342126310397     
   574.23912495551644     
   558.69785546781600     
   544.36313982628883     
   529.76365178435844     
   515.38197248328242     
   501.59348510111954     
   487.71230459875517     
   474.76538961503155     
   461.88950762069237     
   449.73113967143649     
   438.72473139096917     
   427.29601515389038     
   416.91434164887380     
   405.63512747855646     
   395.41637936690688     
   385.70560591634683     
   375.92042913755779     
   366.19116223606238     
   356.90425483080054     
   347.59400988282925     
   338.58097838778815     
   330.70182823500869     
   322.61052872399824     
   314.68505762250055     
   307.33638281423765     
   299.92256951622579     
   293.03843124530147     
   285.72475128397986     
   279.09415872465422     
   272.79347665446096     
   266.61252355566495     
   260.71214273146092     
   254.89708303474401     
   249.09374052317537     
   243.69764698900684     
   238.07670592822359     
   232.65987530859670     
   227.26338256743014     
   222.21086609671721     
   217.24833204717700     
   212.55738749318721     
   208.16552004141533     
   203.48343417239124     
   198.99252102319423     
   194.46440338601258     
   190.48364252091025     
   186.20401433919045     
   182.12130349433858     
   178.12511296541126     
   174.37961031615765     
   170.61157475044777     
   166.80668195006533     
   163.17280924038013     
   159.37191543219760     
   155.69289371752888     
   152.08988044457911     
   148.75366056617077     
   145.40221704523066     
   141.80430603025752     
   138.54496983487616     
   135.27009508248221     
   132.19239721967148     
   129.01078181907235     
   126.03218901126915     
   123.01475800536170     
   120.14898436109635     
   117.23936088987381     
   114.49960165446427     
   111.68849787992377     
   109.11504167113540     
   106.48132360083912     
   103.94569555958206     
   101.37337088190094     
   98.927025830815495     
   96.425720660466382     
   94.002922883133877     
   91.655587711890092     
   89.237691313610085     
   87.000456380320728     
   84.681933054818444     
   1031.4566331751746     
   1000.2421053019751     
   971.39423054147892     
   944.33709680500681     
   917.47555870056544     
   894.22433522095287     
   868.30476601599923     
   841.14747304394814     
   813.30200674849982     
   786.64884086945165     
   760.39423233845355     
   737.58143357346603     
   713.82232564439732     
   691.92489925506970     
   672.26463958847785     
   652.75139390049981     
   634.85034001019244     
   618.48798540270366     
   602.33400047979126     
   584.41022839029392     
   568.03437565892341     
   553.16544330032343     
   538.87472055301396     
   525.13315524001143     
   511.39757554323523     
   498.88279135122809     
   486.24733875421367     
   473.83056721582386     
   461.56407080693305     
   449.43641481260357     
   437.03080828718112     
   425.89864492132597     
   414.02149391805347     
   403.75472337542431     
   393.28661372307965     
   383.53498324377210     
   373.28008614907350     
   364.30126743383772     
   355.31720046222995     
   346.13891106338986     
   337.90945317730029     
   329.36682749526756     
   321.28454062190070     
   313.57004922136747     
   305.72366231276317     
   299.05359290870837     
   291.95334339525158     
   285.01574553538381     
   277.89457216035203     
   271.35457850695968     
   264.82989765667526     
   258.82223758042630     
   252.79091325844848     
   246.84171569517815     
   240.96153865394308     
   235.00237409426884     
   229.48070814958766     
   224.04597675509032     
   218.88242440332499     
   213.52885336152207     
   208.65873833507101     
   203.49876278144615     
   198.74463490386626     
   194.10548034365664     
   189.60737531170372     
   184.95291616571726     
   180.39125828414404     
   175.71925133843141     
   171.31516802960272     
   166.89159105805118     
   162.90125799270217     
   158.67817814568383     
   155.05125419181812     
   151.02765760346196     
   147.50614565323522     
   143.57800942653142     
   139.99123302823966     
   136.33065597006873     
   132.77750213662853     
   129.23949610358326     
   125.81802701427391     
   122.69479235995991     
   119.45780470863019     
   116.18748882164442     
   113.23673414658991     
   110.19067613559925     
   107.27190636284604     
   104.38335827638979     
   101.49779004977947     
   98.618983373566962     
   95.788763331810543     
   93.356246535732453     
   91.000201701161529     
   88.357231677126634     
   85.888813498258273     
   83.515143019557215     
   81.162476987584569     
   78.779405988181438     
   76.491980889918040     
   74.193904297871384     
   1038.2432654479155     
   1004.3998373382873     
   975.94040995809894     
   946.16563127185191     
   918.29263121724830     
   890.86603760460321     
   860.62859835389372     
   830.78660318746665     
   801.99561534432860     
   774.18633291190554     
   749.65774824248399     
   725.66858118291782     
   705.50893004844295     
   684.75334537103288     
   664.68941529922927     
   644.20796471932317     
   627.09067054435468     
   610.40237768396298     
   594.32463353496564     
   578.71349130321357     
   564.22526444859477     
   548.46562567576905     
   533.39039299786236     
   520.00498807368012     
   505.27162102324769     
   491.88300266183683     
   479.62994218393629     
   467.56940408157726     
   455.97366519991590     
   443.63991143188269     
   432.73935712724506     
   421.57411207331700     
   410.01248943306115     
   399.78631235403759     
   389.29771451586629     
   379.50318745137247     
   370.38939758012378     
   361.31480148392376     
   352.28570907038909     
   343.59557904350640     
   334.89055211683149     
   326.71298805935726     
   317.98872290917990     
   309.99172699804171     
   302.29810732715436     
   295.04697338154079     
   287.18741515039869     
   279.71223302891315     
   272.44717923582044     
   265.48433501895965     
   259.00655772582547     
   252.54816301249042     
   245.35427065946865     
   239.06544848799257     
   232.68530063292675     
   226.57548186870497     
   221.29200582460101     
   215.50654798772868     
   209.63899577870637     
   204.34799828962889     
   199.04488662881772     
   193.55642052138617     
   188.26291380931480     
   183.54256919689448     
   178.29126326227899     
   173.42425954130360     
   168.51595476567149     
   164.53307141155221     
   159.82543774806541     
   155.27533247799852     
   150.77407750842750     
   146.56822919714620     
   142.40813247954512     
   138.36082445456319     
   134.25286637105168     
   130.44817869982836     
   126.54060820461979     
   122.62876607755662     
   119.29765458004397     
   115.96989579522665     
   112.13950854858243     
   108.75383025457050     
   105.54793591857336     
   102.38564825440990     
   99.378825932899929     
   96.338434910065246     
   93.529018307268046     
   90.709662498274540     
   88.326264121903236     
   85.889486193042273     
   83.294721270203127     
   80.785516718168338     
   78.393570264527582     
   76.173834885235962     
   73.957629055160623     
   71.937110224296774     
   69.782974954966406     
   67.895519521234334     
   65.631592115917670     
   63.190648040500818     
   1044.1880602338908     
   1012.8161125894626     
   982.06782338018866     
   950.91574860063520     
   918.97872705312852     
   885.73565718313864     
   850.15560877056532     
   816.68993012571718     
   789.07841065096227     
   761.91272636381700     
   737.18266094880619     
   714.48687137865636     
   694.44499891140379     
   674.61549019736469     
   656.44369229644349     
   639.23093490850044     
   621.51677877399845     
   603.40774915824829     
   588.32866657482782     
   571.26736706580232     
   555.76981298665430     
   540.54409314891768     
   527.23586412999407     
   513.73962686280925     
   500.07193374442113     
   487.33783472580996     
   473.87991479540108     
   460.44745116596891     
   448.21522430610952     
   436.09156798289143     
   425.06379007228651     
   413.03812497587018     
   402.66535006533013     
   391.77738378453569     
   381.18013056721173     
   370.53849586385093     
   361.22546296355796     
   351.63920916137062     
   342.66062232750102     
   333.83768617349187     
   323.48530251652721     
   314.77898586433622     
   305.82026385959222     
   297.32003608765802     
   289.21169242022700     
   281.08317692022848     
   273.10862002856669     
   266.09811681773596     
   258.46058608617125     
   251.34475573842482     
   244.07329519117104     
   236.66464833763678     
   229.84800705786773     
   223.02216737003113     
   216.87291511931039     
   210.58669749180913     
   204.89278208453030     
   197.97686303019606     
   192.41401709302116     
   186.92835965152906     
   181.32732712437058     
   175.99726234146553     
   170.15532303294302     
   164.72633523380512     
   159.48838852722173     
   154.21804284975016     
   149.44804466560961     
   144.71452477294253     
   140.39372835388212     
   135.93818848981374     
   131.22552437735084     
   126.59318259366626     
   122.31285297056382     
   118.74638009520493     
   115.07055412465661     
   111.42307545639329     
   107.97934159033856     
   104.60920550909943     
   101.34444650754622     
   97.825383445742062     
   95.274432645893228     
   91.904965466590852     
   89.238806541480784     
   86.660445511204131     
   84.255034928017977     
   81.855895640800796     
   79.590776908395981     
   76.505982328428516     
   74.657721674540028     
   72.939936476558898     
   70.990684461246587     
   68.678112459545190     
   67.478850190251876     
   65.192844726564147     
   62.800521352614773     
   60.829679088629810     
   59.843798197343695     
   58.043222399418255     
   56.088137216218577     
   53.798978166464963     
   1049.8543410481077     
   1016.3037351220764     
   982.26119708357339     
   946.98544958057755     
   909.70611078705645     
   871.20453584397671     
   835.78786726744875     
   805.21219107000866     
   776.44574404652860     
   750.11175062326026     
   725.76981106762048     
   703.50049492987364     
   682.93660633240256     
   663.93503800409326     
   645.16127198022991     
   627.33864426911271     
   607.89938407145314     
   591.15579958306103     
   576.35754283834638     
   561.50892928916630     
   546.13197671794035     
   529.83313525863105     
   516.39659037434217     
   502.37150668706107     
   489.21111513052239     
   475.01941779550748     
   461.63887879512299     
   448.77359425344042     
   436.81828587511166     
   423.73961093668640     
   410.72780445362605     
   398.21009957904459     
   387.41838819569807     
   376.14375902410239     
   365.33776262226633     
   354.81811772358395     
   344.74307117729177     
   333.52489397624413     
   322.58237542365202     
   313.21241648284996     
   303.72653643902214     
   293.99818128429467     
   284.34894262484994     
   275.07591106018458     
   266.46813792372973     
   258.13319547049565     
   250.00237718677096     
   241.92280027142260     
   232.96119652098810     
   225.48777934045722     
   217.34254679585464     
   210.08304155455895     
   203.05211176611968     
   196.07630725735049     
   189.76536328624042     
   182.65713352966040     
   176.65976895519134     
   170.74878079700565     
   164.59647035418865     
   159.08667117957754     
   153.62551086470472     
   148.59178947595944     
   143.08815948469720     
   138.63389360218687     
   133.90612694197114     
   128.84187689597744     
   124.32010500254037     
   120.41622909464124     
   116.42239889397652     
   113.62203881320441     
   110.43084432188979     
   106.68034895122069     
   102.81235744338764     
   100.01618498017916     
   97.067222485882425     
   93.721174468365945     
   90.248831649903281     
   88.252578960179520     
   85.913123479636170     
   83.412270365094258     
   81.808371737705514     
   79.876623501247224     
   77.751293984229179     
   75.679648654027019     
   73.633633192303705     
   71.564997547617949     
   70.026240747932832     
   68.472344928190324     
   66.731623617758984     
   64.980399435375588     
   63.519834998512749     
   62.267245815755373     
   60.679038660457181     
   58.980405570279842     
   57.973216089415466     
   56.141728824255665     
   55.112055263518243     
   53.293370844560329     
   51.112913105315812     
   48.796353602941565     
   1057.0627573367619     
   1023.8878275924196     
   983.97177693436493     
   934.93048308267657     
   886.30427300635893     
   847.35504334150460     
   812.76335806244583     
   782.92912103889330     
   756.40920711063575     
   731.70775595555733     
   709.05919489838516     
   687.30328348982221     
   665.51172635227090     
   646.35743749905646     
   627.57393596034308     
   609.67258305368989     
   591.67350004771549     
   574.38333055188048     
   559.06667350513408     
   542.20093637591458     
   527.84504096917965     
   512.56690605674885     
   496.98970327983722     
   482.59066386524000     
   467.32691496907785     
   453.22730589136489     
   439.65146456213870     
   426.55996181561312     
   411.62029229390191     
   397.15297647432396     
   383.39859541256698     
   369.94237140850186     
   357.66718605936279     
   345.09957930139575     
   332.25328922261076     
   321.43566010206621     
   309.31694418039683     
   298.40232240092087     
   286.80535642718712     
   276.27755587551354     
   266.88402022986759     
   256.81655096963766     
   246.36561049855123     
   238.15361958464749     
   230.01610909644495     
   221.99700412199016     
   214.95221033384789     
   205.21638715518890     
   197.38725785094593     
   190.07996601910804     
   182.61132607666826     
   176.44315918126489     
   169.49139534701260     
   163.55433700945082     
   158.89660399125879     
   153.36008713118659     
   147.70069503737719     
   141.33866721944196     
   138.02765638153636     
   134.42929659926099     
   129.78579823873034     
   124.25581330807670     
   121.88658202671971     
   118.90901801444105     
   115.76804136807756     
   111.41611386525528     
   108.31348977866931     
   104.69010776031675     
   102.58467776149894     
   100.68756047073825     
   97.708973129189417     
   94.679922115141693     
   92.204624228860311     
   89.379731272429069     
   87.542009459486394     
   85.766382457915640     
   83.586122831797510     
   81.459537653876410     
   78.949502885761476     
   78.398987588377537     
   75.840683606137219     
   74.086505714106551     
   72.926438294273254     
   71.393202167611577     
   69.286842576017776     
   67.398448844236398     
   65.527561849522101     
   65.540538224532582     
   63.760783478917702     
   62.902586393254190     
   60.580972108724630     
   59.911315470361345     
   58.185112223990174     
   57.164610610634647     
   55.952096036179540     
   54.729858796633103     
   52.648369039571385     
   51.222796004657454     
   49.676987713471007     
   47.184320514929830     
   1065.6601064008787     
   1023.7930528930824     
   966.57602427048641     
   909.27221159692738     
   859.13516313562002     
   818.15235461952670     
   786.33949197112008     
   755.39627323356160     
   727.41423478131128     
   702.96492122210793     
   679.92166565071034     
   657.02076572174155     
   636.34353628383542     
   617.53123719291648     
   595.45561314533029     
   574.98196764262116     
   557.03430893264886     
   539.85654266789311     
   522.70495226643402     
   503.80031188401330     
   487.72982375583194     
   471.29613717991475     
   455.21812926753637     
   439.62245962501129     
   423.91169893170570     
   407.08977383777091     
   392.42402398755110     
   377.91100322499233     
   363.02008565784632     
   349.02396921743741     
   335.31175129766939     
   323.23613257850229     
   309.61646771950791     
   296.84227133770446     
   285.59952254548335     
   274.07283524874708     
   263.93230906230360     
   252.44764753087659     
   243.86807590010179     
   234.54305598393341     
   225.50126490076485     
   215.98584509970115     
   206.59075535665684     
   198.94205765572264     
   192.47558945821081     
   186.70112915977987     
   179.64368474922534     
   174.29272694002356     
   166.92562872678351     
   160.49421466461774     
   157.06745585172456     
   152.39266916507688     
   147.42763424944428     
   142.11754329463000     
   138.92525035234917     
   133.70508336791835     
   130.19288516397333     
   126.63823437028582     
   123.73043326651849     
   120.38240769742868     
   116.50391983545975     
   114.14456401507132     
   110.87468731024725     
   108.26198778204200     
   106.31649629598832     
   102.69656405998097     
   100.91035781504903     
   97.473991852141538     
   95.204486816424364     
   93.734256791674341     
   93.038790529530317     
   90.066018988846508     
   86.754785161139495     
   85.051083996350982     
   83.927403135799821     
   82.108126978055537     
   79.500977171245921     
   78.680835793102915     
   76.478938148410464     
   74.128876258267837     
   72.731467542684101     
   71.514193741784226     
   70.456950519739735     
   68.483425546798699     
   66.516945022240108     
   65.098785201505862     
   64.090510888154341     
   62.209334684063549     
   61.379507532920414     
   61.176618954966884     
   59.334693151165652     
   58.025075379308880     
   56.376252861684335     
   54.124798821952382     
   53.752784042688560     
   52.817152497476549     
   51.031247798334078     
   49.385484673679585     
   47.438591488738091     
   46.128030414321536     
   1080.6884257749061     
   1011.6106055305055     
   926.42461139889156     
   861.75721434352533     
   813.09722301097156     
   772.72063237820555     
   739.27702144125351     
   709.27348355022502     
   685.06536178621218     
   658.42608970901165     
   632.52626784477627     
   609.67801877015825     
   585.51988799482115     
   564.62781721207625     
   544.38301262564050     
   521.85342455676960     
   500.53081568098219     
   477.60303114565056     
   459.93404132419482     
   442.21303685751525     
   425.73556997478397     
   410.07471828144162     
   392.62889389848499     
   375.16876924473007     
   361.36752348839786     
   343.94377475012732     
   331.30668591761571     
   318.71405018958757     
   303.40225219194281     
   292.40576954178414     
   280.82082672094134     
   270.42324199095475     
   260.09223442939339     
   249.82130689988657     
   240.69928697157457     
   230.43347157947466     
   223.51354829499931     
   214.71797372364850     
   210.87319239683245     
   203.48284880903387     
   196.41847602203848     
   189.81822960491178     
   182.47358305634725     
   178.59354418281924     
   173.20990366396575     
   166.86446278439934     
   163.74386751212018     
   158.86384133752887     
   151.27824538195242     
   148.06467372988135     
   145.87100721425898     
   143.03283557572314     
   139.14559220897175     
   133.93667670324055     
   131.10128076083737     
   126.17410042347581     
   122.42196420048344     
   120.36315921378470     
   117.44490675200913     
   114.59116220144830     
   111.61912029847727     
   109.24835623187894     
   105.51872452806904     
   105.55503429643889     
   101.01892850783068     
   98.044202737684543     
   97.809503293855727     
   94.142499806029576     
   92.367359347068117     
   89.901694850472651     
   89.421981926899932     
   86.883601545713304     
   83.955690083017743     
   81.597665812468051     
   80.595892328064167     
   77.591084862574050     
   77.501732303036576     
   75.869715646611240     
   74.549567265536126     
   71.773308896176474     
   69.878190303468102     
   68.617584573165885     
   69.179874710401037     
   66.506930212362448     
   64.975110465811838     
   63.478101638550129     
   62.529006350248714     
   60.620163664710532     
   58.835970983815677     
   59.352551133117373     
   57.281545141910357     
   55.739070940464366     
   55.050621194782501     
   52.937876606353342     
   52.462583819054814     
   51.883694810853640     
   50.181929012654166     
   48.277698521493988     
   46.303475624775601     
   44.202260517613688     
   1091.5535370503508     
   967.42112059834972     
   860.83771781197697     
   790.28200932687571     
   743.52336131193715     
   706.04500790933071     
   670.71157997517719     
   635.96720422251553     
   608.56339275773303     
   584.97681697685493     
   560.88969664124625     
   537.75252301120577     
   512.08706078968646     
   488.22395340934270     
   468.38689569139956     
   447.28311893382744     
   431.60230813555694     
   409.99597093149384     
   391.74073708587719     
   374.15943381289924     
   361.23841915828950     
   348.51311815487941     
   334.63424739904144     
   322.68133852345079     
   311.67720939980836     
   298.06746890288764     
   288.37380418423908     
   278.16887637221640     
   269.83763348102877     
   260.29654455512770     
   250.68624672916221     
   246.41848045778704     
   237.98536233762513     
   228.05344541292587     
   220.43000258696571     
   214.56867840442692     
   207.37058965521754     
   201.49706422758763     
   196.78852751910676     
   192.86683781336725     
   184.35153547412466     
   179.16310845937576     
   173.15866115484829     
   169.46848881284592     
   163.34451560561359     
   161.54919972550766     
   155.96055966026856     
   151.75935010254102     
   145.63025747344921     
   143.23793853918275     
   140.34803865704816     
   138.90565497201467     
   133.33385046484523     
   128.46159068449231     
   125.84728736700679     
   121.67391900439377     
   118.69382965577466     
   116.15793620506503     
   112.97348724700535     
   109.38855486988282     
   106.31607635022101     
   105.15148166952737     
   102.54608606735218     
   100.27979924759138     
   97.464671232529227     
   95.576924837632177     
   94.071561773620587     
   90.950249649759286     
   89.409588011771518     
   88.546422058866511     
   87.475748083502396     
   83.956487672500899     
   81.307440158879217     
   77.769386180465730     
   78.664236874199759     
   75.725312901456604     
   74.682405290804979     
   73.911950322412295     
   71.668495844304815     
   70.116668099851651     
   68.048888285300990     
   66.545648191205657     
   66.504375644330111     
   65.401499622958312     
   62.820822023518389     
   62.561626008374127     
   60.249747593561992     
   59.010398066680537     
   58.548360887932461     
   57.120706550577871     
   55.942478184926692     
   54.451518550261419     
   53.094432177390246     
   52.280447987472272     
   51.225109103239362     
   50.191846014189700     
   48.412379628673143     
   47.168805038344047     
   45.462435750864344     
   42.736707896596549     
   1099.2239760070831     
   904.24107409414091     
   782.13210851334532     
   712.89790899154957     
   663.88472012481861     
   628.61713934232728     
   598.41560958541663     
   567.76966218977532     
   537.06923386994890     
   516.30954299451014     
   495.78418862891078     
   477.28950492769945     
   453.92724417297876     
   436.53716583979440     
   421.06136572672551     
   402.37435110713494     
   391.75374409471368     
   371.90817072000993     
   359.80094664647817     
   344.19248079130796     
   335.08893404889250     
   325.39275951220839     
   311.49030427450435     
   301.87939578695932     
   296.04557337281710     
   284.55011327288116     
   277.90737320142688     
   270.24039092308220     
   261.34331175286053     
   250.98503863324103     
   240.11707720272386     
   236.91611520402347     
   232.71307605739577     
   222.70146124382381     
   217.54730453455110     
   208.56679284996159     
   199.62752450885540     
   194.47729918300297     
   191.15710391318157     
   185.16284749533284     
   180.06106375008252     
   172.50470578304197     
   170.52553490151232     
   163.67138570970252     
   158.58012288089802     
   155.63899209080873     
   150.95882797491151     
   147.15647461094687     
   140.75739542724716     
   140.57075876549226     
   137.29274092818264     
   134.63297048429612     
   127.84099585522338     
   123.84509721041489     
   122.14020132837760     
   117.98162991585741     
   116.19018877821286     
   113.60198463552322     
   110.85178013749582     
   106.41935344706418     
   103.11269491583549     
   101.89347966723271     
   100.42819250020213     
   97.876474020296826     
   94.695065882248286     
   93.948853116915899     
   91.441067254399030     
   88.717889252668613     
   86.922665750851451     
   86.482037563638428     
   85.394218439169990     
   83.536166269167609     
   78.780085509685165     
   76.789155218849885     
   76.174179008396052     
   74.455353319147449     
   73.229288729795854     
   72.031484006711196     
   70.419993031579452     
   69.067017485942117     
   66.886187931934316     
   65.789977944292062     
   64.132617658446975     
   64.483399275476671     
   61.623858106976563     
   60.658122326645461     
   59.272378319943520     
   57.677384555782915     
   57.437022881347772     
   56.198447860193475     
   53.981548365889111     
   52.760225935763138     
   51.720897043043010     
   51.449151275615897     
   50.276947572543051     
   48.488287664881888     
   46.952344402387681     
   45.808651778485967     
   43.715448429450419     
   42.398543735162249     
   1122.8856443310931     
   876.01752646314685     
   735.16999455387122     
   664.19495812225102     
   620.13680537347943     
   589.15128706372866     
   563.00158425629229     
   539.13647064992949     
   507.60161631220569     
   490.72184766176304     
   472.58835283679292     
   459.83655521732976     
   438.32058933790023     
   425.07471844216070     
   412.66381153917064     
   387.58542828279212     
   378.34908285720093     
   370.15901926758875     
   350.43375117288906     
   337.34820065072921     
   329.15447093767330     
   324.27059476590961     
   308.23559401515274     
   299.65878582754516     
   295.64235962108751     
   281.48308059356634     
   274.72811391139362     
   262.25885522732892     
   256.68517023082848     
   245.19700440843809     
   234.68220235716467     
   232.84224574132446     
   230.23603365500182     
   224.49655813559974     
   212.62760362505361     
   202.78339522120839     
   196.35126350732040     
   191.27055808749225     
   187.02770203246891     
   178.87765151224491     
   177.94612995105169     
   170.22002497278740     
   168.06289180919205     
   157.80902814390600     
   154.54757609897220     
   149.72655603932378     
   148.30818324501428     
   143.10496003150277     
   139.25329626851556     
   138.96969410859057     
   133.42493525470434     
   131.69007917185988     
   125.14226976507420     
   120.20295253944643     
   119.70082442205376     
   114.92987756830757     
   111.97773834375133     
   110.08329110832868     
   107.07552421326920     
   105.59769501159430     
   101.61416856770030     
   97.913811078956172     
   98.006596787113779     
   95.575946375851544     
   93.243591222551530     
   93.336272114300925     
   89.464836117092830     
   87.141070162252760     
   84.387024423729514     
   84.430860049167435     
   82.538279295813695     
   81.000632763634997     
   78.039819241413596     
   75.666436336222191     
   74.042898848040949     
   73.025837501485654     
   71.489034630584385     
   70.065483669241473     
   69.953573853533626     
   68.124456833811564     
   64.715921324431378     
   65.062746230752509     
   63.237609827304894     
   62.613843737609102     
   60.720819543720062     
   60.024642669192829     
   58.376151376943724     
   56.448321485143609     
   55.041908780044984     
   54.134389035514360     
   53.292718998032953     
   51.566089101673413     
   50.533965204637170     
   50.502945150056057     
   49.983311571736500     
   47.880766489214487     
   45.979949664542261     
   44.305817870507269     
   42.819110640232523     
   41.465147525202717     
   1167.0852887251579     
   894.38790174042254     
   736.92041120057206     
   657.59369504399933     
   608.29581930420250     
   580.86314321032103     
   560.32744321733594     
   535.30976916732334     
   504.37928691427885     
   487.19884342700379     
   470.32364001826653     
   454.53556084707782     
   440.87510284758508     
   422.39733120605268     
   411.56498229420038     
   383.85489247392462     
   378.88624341028560     
   369.08316535938877     
   351.30671495006123     
   336.47656029975064     
   330.26372795720908     
   316.33817212722886     
   307.08432462875908     
   300.24943124774501     
   293.27800918104697     
   283.27585863927288     
   272.69181935587460     
   262.98809049892714     
   258.21481939287264     
   240.82334215840706     
   230.39767367074097     
   231.27440290063245     
   235.44421279591819     
   226.18726501556023     
   212.46261764545460     
   199.76771880781277     
   195.40938450623770     
   191.94687373074137     
   182.62147102207746     
   173.72122292855289     
   169.41312000414212     
   165.99506064664706     
   162.07698000626235     
   157.89478945912089     
   153.35399741086965     
   148.06949182906797     
   146.08207383125293     
   141.96714441379746     
   137.34168538302487     
   135.81712671022075     
   131.09055623688687     
   127.80336933014532     
   124.47349797644094     
   117.84676643285955     
   118.05424882407127     
   115.20099786368468     
   108.92205011098790     
   106.38160208320312     
   104.75518050391919     
   106.41265048744947     
   99.151631435512655     
   96.767551105345603     
   96.310303062784442     
   94.126564434519452     
   93.315615447489392     
   91.777080643057815     
   87.934834284780152     
   86.399764322721154     
   84.612829622970366     
   82.341056288018521     
   81.959848179578074     
   80.213087558056245     
   76.369449300735894     
   74.505720181187769     
   72.770612389765972     
   71.696814062096067     
   70.410380066484137     
   69.751461446715837     
   68.515626066218999     
   66.452751175726448     
   64.681075960909112     
   62.826631093871505     
   61.346734201938247     
   60.723248960523627     
   59.728243316579643     
   58.094377204733895     
   56.886134314400266     
   55.426509298253627     
   54.283166454646029     
   53.999773634457810     
   52.660677503243292     
   50.521292089013755     
   50.576296016559382     
   49.514446342185984     
   48.621820208194194     
   46.922542312979466     
   45.037365947833372     
   43.230039766645085     
   41.632474804590835     
   39.974013246163523     
   1214.7009023528908     
   933.06149102125460     
   756.28784719251405     
   669.64085958688088     
   612.92841727638177     
   576.59320759535399     
   568.87772549678755     
   530.73157117512619     
   504.06789324759353     
   480.44576671012106     
   467.58010618298363     
   450.92992533767415     
   442.80670087156756     
   420.05394791616010     
   406.06371815703892     
   388.19193855293508     
   378.22914742758513     
   371.64300603919969     
   350.08761966420502     
   332.33649716188995     
   333.74913014925050     
   319.33986433672516     
   308.88484641008881     
   302.15819260239471     
   294.86797533840718     
   280.13459038368927     
   272.14820315960196     
   263.73051049752172     
   258.51191663040902     
   237.63226916561047     
   227.49561059957747     
   231.44468784108972     
   236.25192620647147     
   225.73848087505939     
   212.65601413758276     
   193.63391963034269     
   186.57660707670428     
   183.92919814346715     
   176.21918221552440     
   168.00959637158780     
   169.09107273872547     
   161.84418079599587     
   156.47605036704607     
   155.28310398607644     
   150.74702582426451     
   145.66793155623790     
   145.84954887682844     
   138.95421350485111     
   136.24246315350885     
   137.04910255856089     
   132.10749566146959     
   125.21864541221626     
   120.76818519178289     
   114.43392119593503     
   117.69011203092563     
   116.49400874787651     
   110.16485765404451     
   106.58288702847980     
   102.93020862795200     
   104.36373876640644     
   97.507881478289008     
   96.148855888239126     
   96.506365916483958     
   93.539268432627537     
   91.156106039181353     
   90.520944781515951     
   85.389887430544164     
   86.087620647506952     
   82.818539846565244     
   80.945912853854409     
   80.285019170395287     
   77.569769982043880     
   74.155682830222418     
   71.488480201129221     
   70.496225574248299     
   69.983152837157121     
   69.287577149162843     
   67.854813881787763     
   66.713124359172539     
   65.842359526980474     
   63.571187490212260     
   62.495642658251093     
   60.664327567333849     
   59.310253004468834     
   58.755017727154510     
   57.530952539577463     
   55.949620256142111     
   54.935549764739534     
   53.839942372986599     
   53.110001191435373     
   51.479261047733964     
   49.665190891325068     
   49.388117708586208     
   48.386037448234241     
   47.611994717291282     
   46.100588199113218     
   44.596058191223477     
   42.179926310689410     
   40.548013397984178     
   38.169837482860700     
   1251.3711081056404     
   967.20085386109736     
   781.73218859877829     
   682.10098054953357     
   623.03893617286531     
   588.73526887606340     
   563.73082203912634     
   527.06597421373101     
   510.73439062617848     
   482.39807831445188     
   459.57130159984092     
   438.67359042638645     
   437.76848057777670     
   420.55154879218310     
   406.81758928405156     
   388.60060622644369     
   375.82752813884571     
   360.92821415602566     
   361.58394561418470     
   340.23399454923106     
   336.71097899325150     
   322.09672863989573     
   317.30004569325763     
   310.98225901522159     
   297.66160745191769     
   286.46496826907838     
   275.40822673068163     
   267.42511538369075     
   264.01580921647655     
   238.84042285345237     
   230.73293372308183     
   236.48533846619608     
   234.46410558427033     
   226.32489831816753     
   208.09438687065986     
   195.94906685990935     
   184.43955726453206     
   181.19525018675446     
   171.27339135657488     
   169.11446472243614     
   165.74797962021989     
   162.04295580278887     
   155.27486372368386     
   153.88154006586234     
   146.04623377883428     
   143.85189506349036     
   144.07942211111060     
   140.21777332842899     
   134.90082609686465     
   137.15909670309310     
   134.49655291188034     
   126.34620217489044     
   120.11832978283313     
   116.54133333811635     
   116.93170572950523     
   114.72346435408139     
   108.31783116487210     
   107.46747186469669     
   105.35987717646935     
   102.66946942661122     
   95.748261506981081     
   94.156313799563080     
   93.821954207032149     
   90.863360659489857     
   88.556087685445519     
   89.127715556136579     
   86.627010988192112     
   84.923750604044187     
   81.812705544841236     
   79.833268877072740     
   78.597177977806339     
   77.119183643580214     
   73.746924008836061     
   70.494634581525503     
   70.058007362233653     
   68.551920047086128     
   68.229836749867133     
   66.602099056457604     
   64.610000846073646     
   63.897179312388758     
   62.510392987226517     
   62.820201843002515     
   60.250806825630896     
   58.520034958113669     
   58.844964919210888     
   56.250940519468998     
   54.954091834172118     
   53.310020006895272     
   52.820798470138485     
   52.057152516551113     
   50.767794660389555     
   49.315113251035001     
   48.644112613290794     
   47.669112094715963     
   46.213386613563394     
   44.675233833980236     
   43.836138064306049     
   42.014158238336471     
   40.315309037747809     
   37.827696857105821     
   1284.1754292349153     
   1017.8837236752011     
   821.88635748091451     
   712.32664315321267     
   629.09068376201753     
   616.37233511472596     
   553.23395881963700     
   525.26854548619940     
   532.31630884551942     
   479.40169481029989     
   447.49313950759813     
   434.43038433513527     
   439.25941212953933     
   428.20085768047784     
   416.20680897672366     
   390.51473832553779     
   375.72055219497508     
   352.58828983190386     
   360.81399151036209     
   351.86582074037989     
   334.14130336923301     
   326.36731808656009     
   315.50364725960009     
   304.06117385630267     
   291.37224160946772     
   293.05775738446061     
   270.86083383871932     
   264.87735728996461     
   256.16044464940501     
   245.65437721892863     
   233.58360059841078     
   234.77170898296981     
   233.56917942435643     
   217.56296977842180     
   205.68273031247566     
   197.61050595153174     
   187.34956926832970     
   182.03009013375274     
   174.41788107001744     
   172.61118361139410     
   162.74066347861199     
   158.19650669283817     
   154.00692250425769     
   152.56426616559082     
   146.28121828830336     
   142.00891937623464     
   142.18674061680406     
   138.63143129161801     
   131.96062862032039     
   135.08317163782201     
   133.30131917231239     
   127.18490184511096     
   116.42988624033389     
   117.22672260903926     
   115.02809591888553     
   113.51323773462539     
   107.47303840690248     
   108.97669714071854     
   104.61710714472329     
   100.62743570591834     
   94.381668282714614     
   93.919644626044857     
   94.100645877520705     
   89.968292718861633     
   89.152207612503361     
   89.043156497419261     
   86.502345638737751     
   84.992290725571763     
   80.759550701880613     
   78.219215314923943     
   77.908337390915648     
   77.401951847003588     
   73.016778293922897     
   70.916756661764637     
   69.597529390847370     
   68.301519958507953     
   66.413519353242862     
   65.130509355928353     
   63.618121619490424     
   63.605387666126333     
   61.584399700772337     
   61.765717080933499     
   59.719529767056351     
   56.856261171534946     
   56.595490264435597     
   56.460458301935162     
   55.101820453177822     
   53.251938649283233     
   52.002650199570297     
   51.222873385814275     
   50.204300606474149     
   48.815231106698263     
   48.133436039945138     
   46.282354839482075     
   45.153292768408143     
   44.007710829797048     
   43.294588310020281     
   41.988426255870223     
   39.571152787538828     
   36.998783846775858     
   1305.3947802356804     
   1049.0897372979207     
   852.24447466968536     
   734.80079496336066     
   639.87025064052898     
   612.71330719629179     
   542.18906414638775     
   524.96342846460459     
   519.35150994343485     
   468.60859562747999     
   428.32084347999211     
   416.22585512522340     
   444.46608084496467     
   431.28709063725762     
   415.74207467503300     
   391.38517241409943     
   371.34541330600337     
   344.69398048785240     
   355.74845857076537     
   353.79250967939765     
   332.61353641767579     
   329.96697887355543     
   313.87288675724278     
   308.49268170937427     
   284.84454768160765     
   290.55909993531810     
   268.96804904292975     
   255.94791072397362     
   249.98289747169974     
   231.70032246639798     
   234.43035227065241     
   238.28545784739259     
   230.96721813653645     
   216.00685994436688     
   207.55778758762671     
   197.28404504751197     
   190.13333963488557     
   177.90123430749497     
   177.07955487678487     
   174.05154963207761     
   165.52600372290001     
   159.61814966515681     
   155.69685397874272     
   150.73618463963390     
   148.42756096729056     
   143.01931168991661     
   140.30517221190888     
   138.41091444349533     
   135.26493208387106     
   134.51539634191860     
   131.11072726882682     
   124.59966156270016     
   117.70499677295243     
   115.69901881319686     
   115.25442428941247     
   112.94083779263588     
   105.67403129294630     
   105.53621787320218     
   102.75455205161541     
   100.37730796433507     
   93.487334339160256     
   94.739134189308061     
   91.813506887890611     
   87.888968130108367     
   89.145981900186371     
   89.652276703951728     
   86.224961813446953     
   84.301139831018816     
   79.661498147630681     
   76.960524239356289     
   76.914759670145997     
   76.509119102508834     
   71.851367952293387     
   70.371836832350326     
   69.409074627116055     
   67.323398551276853     
   65.492222641992441     
   66.171101681857380     
   64.253107297543409     
   63.243386616288120     
   61.034331309373741     
   60.626902508502432     
   58.598543766190915     
   56.655938232275929     
   56.889558883209304     
   56.172450554340848     
   55.122271453610693     
   53.050629925691872     
   51.730417633939737     
   50.617211518400453     
   50.363264500842533     
   49.204193379882163     
   47.414027608778476     
   46.332407339788801     
   44.949862722108207     
   44.558828198880605     
   43.412496632001101     
   40.842330119779476     
   39.094043393905380     
   36.730341843608080     
   1306.0027155047414     
   1068.0932386326685     
   878.15605095060187     
   740.59619337180754     
   643.19985752188916     
   602.33036073736923     
   518.41715964601985     
   523.12197610492024     
   517.02517478621280     
   459.86041841649444     
   413.19234495951713     
   416.57851437572356     
   433.46803237558845     
   441.52030852447558     
   429.50128783911714     
   376.35343211140901     
   346.83289831293200     
   348.98090747364927     
   347.33422968935520     
   338.92239268665128     
   327.31372275555668     
   331.39529052573482     
   325.88750637367787     
   317.57605660450292     
   290.28139438918328     
   294.15879421081422     
   267.49871662223308     
   247.53923533276892     
   229.23385641319635     
   228.51876121264209     
   230.57533582170902     
   230.15558075226764     
   225.32314156626492     
   218.30393444366803     
   211.60367143209041     
   200.87020489242889     
   194.67650695114045     
   187.74336743152622     
   178.03389359857118     
   172.67865335444600     
   171.69973654013435     
   159.57491463472684     
   152.82681540091741     
   151.80023765790526     
   145.42451165330945     
   141.76223406746755     
   138.33657951842190     
   141.02906979576613     
   137.72560642961628     
   134.56425308580771     
   133.45096772002779     
   122.28726092336797     
   118.27708658292249     
   115.61024143735932     
   113.07879031226415     
   109.20092549856412     
   103.10413123038111     
   106.14660725005791     
   104.07042082221776     
   103.07096302445891     
   95.601886136954619     
   92.470554818542908     
   90.169699896171494     
   87.872136051453339     
   89.379184361816044     
   88.238213011797072     
   85.925490645562164     
   83.858279963854940     
   79.838836743379261     
   78.305323606562354     
   76.450404873255295     
   77.685472722933397     
   72.575531436206361     
   68.780902767733863     
   67.863281155293848     
   68.225295775077043     
   64.355437777442816     
   65.070526790115423     
   64.178668984044307     
   63.515794276097466     
   61.074227512189822     
   59.851495142730556     
   58.284271861239517     
   56.800415454234304     
   56.340795997741111     
   54.297211600855853     
   55.137102960286207     
   53.636926744299046     
   51.451214943005780     
   50.707552522904990     
   49.425334615642548     
   49.103915267353038     
   47.534724011735470     
   45.863594076457389     
   45.428163216421801     
   44.554396229443903     
   43.350888981018009     
   40.466116172327943     
   38.505468488569079     
   36.526015791691847     
   1312.7118296447043     
   1108.6384380690758     
   901.72848370720408     
   735.02426259307606     
   631.09021178674641     
   606.68761793096587     
   546.14662885828955     
   560.65912400245759     
   520.99824127426064     
   463.93575593029055     
   412.12919688222792     
   442.05945607106241     
   414.89060240268554     
   443.67530520937555     
   439.98234243254404     
   381.34266705281607     
   356.20901931246692     
   348.10860715861600     
   330.21585976268852     
   331.64385994453926     
   329.27987871266225     
   329.79633198115829     
   324.37738849838570     
   321.80939653007295     
   297.25117684126189     
   302.80653053340501     
   281.38288428719983     
   255.72813894219664     
   223.81567376211996     
   228.24147123484215     
   218.22332351180219     
   224.89726165674981     
   222.63735316726508     
   222.65963748936690     
   222.14817631785837     
   206.00117350745728     
   200.86790907956501     
   190.19213804631315     
   184.83491726224472     
   164.81306736155273     
   170.78113924862447     
   164.06716958603886     
   148.99035302815685     
   150.68701181531452     
   140.21677472615488     
   139.32393089799766     
   132.82204785550778     
   143.04908194323943     
   141.74892899862954     
   135.62979593876369     
   134.32142854959628     
   123.89215834957507     
   118.29797941057629     
   114.63902207975747     
   109.21165500556845     
   110.47649715953557     
   104.31208048600142     
   108.39937073259738     
   102.54436644512819     
   106.01275024746991     
   96.595572668902292     
   91.303659915048797     
   87.725117491162337     
   85.583580452693226     
   88.344024374049752     
   88.428270457396266     
   86.815723179451723     
   83.445813444536100     
   80.828989448419605     
   78.454881630423955     
   77.726987841915332     
   77.458126001854211     
   72.134983066553659     
   69.814164532277175     
   69.285049744346736     
   66.887316263332806     
   63.634227853795444     
   65.144438929171997     
   64.281671363812123     
   62.963939657484829     
   60.561421290755078     
   61.187117556598409     
   58.572675004510458     
   56.768657903698660     
   56.113984943303286     
   54.444032641522419     
   54.606774657178384     
   53.589883104787162     
   51.502583869083701     
   51.079323972140081     
   49.449846095163515     
   48.559764779928898     
   47.501270270093045     
   46.577531547938392     
   44.715939426194055     
   43.673679987842952     
   42.326220723163956     
   40.106868005953707     
   38.397847054691695     
   35.964873646501047     
   1301.1272539679019     
   1123.5043538045181     
   887.50447390819818     
   741.21395211227639     
   612.02496571788959     
   607.68343161313965     
   547.07707341754076     
   540.50641403722284     
   538.84317466963864     
   469.10833131298716     
   407.75989543464721     
   443.54176881580253     
   420.78611128918095     
   463.81644396661602     
   427.92880053046412     
   391.16121658167413     
   357.28701336420409     
   330.79520957645451     
   320.51035109293343     
   327.77875594887439     
   341.56982377649251     
   328.56646947760174     
   326.63483016701582     
   308.19694406120470     
   303.66850231432699     
   303.63225227976983     
   289.33214519006151     
   258.39175163740202     
   238.36780589309564     
   224.72190696084496     
   210.55909752358863     
   230.94946151004069     
   223.80012037662453     
   233.87172068774396     
   216.41303871612070     
   213.90131392832924     
   196.43232020223928     
   194.57247319216168     
   181.92058442563476     
   167.84603260239814     
   175.26992607828635     
   171.52277452753552     
   147.91228021513018     
   150.43917025322241     
   138.49734622440408     
   137.76441845736343     
   134.85332631867453     
   145.97513787926476     
   143.76311663290073     
   140.91180002842424     
   133.35985987352424     
   122.42751842844186     
   120.56045237941413     
   115.31700805594332     
   113.22614089134342     
   110.20160457663955     
   107.15649098933504     
   109.67411093800790     
   104.32983751898708     
   105.30672039530376     
   99.042958912700840     
   92.088556369412871     
   89.049352724430292     
   87.025413287019617     
   84.578101176222702     
   87.707768887193836     
   86.878983872373837     
   82.356747774410792     
   80.961907615215083     
   79.520616748843437     
   77.359716555335027     
   75.239005014579192     
   70.299900440658973     
   69.879893056858492     
   68.854087214020652     
   66.648168315741700     
   64.574499689308681     
   64.791376267903289     
   64.466017845294132     
   62.457504412804326     
   60.366742884205877     
   61.209036087188466     
   57.490278020960922     
   56.845096033720786     
   56.100982120275475     
   54.987960507340439     
   54.700983450119367     
   53.101531404906297     
   51.752859367033473     
   51.537573111108912     
   49.925836045914203     
   49.009206619547115     
   47.414333162055570     
   46.682737011643283     
   44.329417938288302     
   42.700652743682220     
   42.141344989203517     
   40.746098607992742     
   38.462934099664949     
   35.746051564805384     
   1306.4540312265581     
   1127.5171090846707     
   881.90854311219266     
   719.23218630893132     
   638.72147737988189     
   597.16308961394020     
   549.82275107178498     
   570.51377589795072     
   540.61023413627299     
   480.83528715104438     
   396.36984714686622     
   438.15837160616979     
   398.58377056796184     
   428.52211764183465     
   435.18527722014852     
   389.72776346735009     
   372.66103958728365     
   329.98678308028536     
   330.94353686259211     
   334.03854704989709     
   334.58565538301906     
   322.24001187181261     
   334.42255728204367     
   305.32340962580440     
   310.00088530234376     
   298.60783752602157     
   285.91404070308931     
   247.06411934605114     
   227.16185641346883     
   218.29385729119187     
   208.24966589815065     
   229.24153086628584     
   228.63744291830045     
   240.93087880969460     
   227.20144299624394     
   223.46138540166726     
   195.46420684189786     
   203.81080810485150     
   187.05004284688999     
   168.67244263246783     
   177.17810394681194     
   173.71833205261089     
   148.71625596364265     
   151.79745067885938     
   141.24451245790439     
   137.71011322537632     
   137.67705797660568     
   149.74368207518160     
   151.30426611697669     
   139.65547101107657     
   129.65295939317076     
   121.59019465511565     
   120.87467579549379     
   113.13641470529093     
   112.34747964884893     
   110.75537896143422     
   106.26449585787284     
   108.01531983726528     
   105.88927589620917     
   101.92122372265482     
   98.493759277504239     
   90.895309850059789     
   90.009343709506084     
   85.428979516615087     
   85.275342247385467     
   89.513107088422274     
   86.534609047276120     
   83.271364207761138     
   80.787667330418543     
   79.553167025372872     
   79.497171955636574     
   77.179872702501498     
   70.029736057096784     
   69.370041858143765     
   68.622158926181740     
   66.397859343923386     
   64.050777541421596     
   65.108945546918960     
   66.202982318609173     
   62.769457888730905     
   61.728251096279514     
   60.252323142112061     
   57.522370134967709     
   57.148837036472614     
   56.312441619087565     
   54.347112700105974     
   54.280272160574022     
   53.141321608012454     
   51.369074476573715     
   51.621994209413856     
   50.453391995674551     
   48.514760145232657     
   47.344149305837334     
   46.288958913615041     
   44.517616411273679     
   42.147356427779577     
   41.885810603288000     
   40.995712028084426     
   38.366900988819992     
   35.513348172032288     
