           1
        3200
           1
   996.54492024710839     
   940.04414732958708     
   896.78225047850242     
   865.27987491776378     
   839.24714456731044     
   817.47582907010474     
   795.78687063055497     
   774.60049408588611     
   754.84090439080478     
   735.62316375578985     
   716.60169249177045     
   699.81715731843269     
   683.54546977890288     
   666.52780071374525     
   650.48812116538397     
   633.76276960981500     
   618.55198136787226     
   601.65603300186706     
   588.14588105619964     
   574.25108389300749     
   561.60631698321674     
   548.11655778573186     
   534.78657756188431     
   521.53364036945084     
   507.83992425691343     
   495.81575212012456     
   482.64069249988557     
   470.28101896211513     
   456.58590815700092     
   443.30864688216940     
   430.43838367013097     
   418.40776194938724     
   406.58337379317214     
   395.62409878288952     
   384.99790804883406     
   374.36665035709899     
   364.93738056248856     
   355.79164700775880     
   346.07577871043702     
   337.21578681340350     
   328.70621130085351     
   320.56089186716633     
   312.80959798543961     
   304.58257864942965     
   296.88615993171641     
   290.13526543278840     
   283.09586451754041     
   277.02387128374420     
   270.48909794451203     
   264.33610590720667     
   258.48367409773914     
   252.39444525511766     
   246.60039023406569     
   241.17434722251699     
   235.88886320684702     
   230.87529878646461     
   225.47651955741483     
   220.74201077630556     
   216.02257268636521     
   211.08344592680751     
   206.57662137935759     
   202.33970470739320     
   198.06837935413256     
   193.89108552512403     
   189.75934265500902     
   185.77011977577030     
   181.86487775122887     
   178.32064652597367     
   174.55686754334192     
   171.18187039256094     
   167.61808465665720     
   164.35370572775355     
   161.05423718600241     
   157.70067742818804     
   154.65514777746793     
   151.66746245065218     
   148.69050562721893     
   145.82560860981656     
   142.91837821882729     
   140.12799700963262     
   137.39054153623843     
   134.80547919804019     
   132.12816103080470     
   129.66553948687331     
   127.18184344509741     
   124.77848278628225     
   122.33397812942854     
   120.03899715434993     
   117.70388502346948     
   115.45777475049107     
   113.23792505691281     
   111.07456960583792     
   108.94328841054116     
   106.91829606374451     
   104.84408906652121     
   102.75915766930883     
   100.84893570582651     
   98.902187958666389     
   96.974540021635207     
   95.135572691591022     
   1015.3977542225427     
   982.04518391939655     
   938.63084049449481     
   901.12647352056297     
   869.88014698479867     
   844.70848359563854     
   818.94145834826224     
   795.83181942734564     
   774.76661830145395     
   753.96459449951067     
   733.90407630024765     
   715.77682195673697     
   697.13908167867339     
   679.30757358915230     
   661.55782205239461     
   644.51476319453172     
   629.25035958999263     
   614.28628181321596     
   599.88585249794141     
   584.76841381805616     
   570.55425087214815     
   555.03032992086207     
   540.04721596334889     
   524.25901476532977     
   510.40822257669441     
   496.29168934155030     
   481.86213408887602     
   467.96183671359427     
   454.72940361392011     
   442.65702978565361     
   430.47892459371451     
   419.50098258205787     
   408.05430120387894     
   397.21698047827851     
   386.45505992097026     
   376.88363260768784     
   367.92631151127591     
   357.91057532667725     
   348.42273378909562     
   339.29104782518260     
   330.51316024631097     
   322.53905965170628     
   314.35401009557017     
   306.65100015845911     
   299.52853303657668     
   292.37137187074291     
   285.11382725205340     
   278.36239996084220     
   271.46621226124728     
   265.08931576891507     
   258.63537700292125     
   252.93577186593268     
   246.95269728352622     
   241.25369671224735     
   236.20096988569250     
   231.02853175460490     
   226.19865125223271     
   221.44939268077033     
   216.71085778457018     
   211.89021400459018     
   207.29121863914986     
   203.19958281580233     
   198.77312996563606     
   194.53108279913155     
   190.42483778609247     
   186.50943136687926     
   182.82094374371496     
   179.01903999712729     
   175.32513949090614     
   171.88580747341183     
   168.66170871706237     
   165.28063589868952     
   161.88254147941467     
   158.77584836712845     
   155.69815864649280     
   152.59099566104405     
   149.50020894001898     
   146.47128936604929     
   143.71316519052985     
   140.95711460382202     
   137.97855830175374     
   135.27706340361939     
   132.63304715107651     
   130.16864561993333     
   127.75182217753172     
   125.31795412116020     
   122.96215274551292     
   120.43923922283393     
   118.19609330836417     
   115.93550291527838     
   113.77279487911071     
   111.59738214487048     
   109.37532526064990     
   107.35775665891065     
   105.23894480454287     
   103.18264803078424     
   101.13120335057877     
   99.207985046023396     
   97.336222516745380     
   95.443746240026144     
   1019.2830840781041     
   987.74001059745001     
   956.59364781136537     
   926.57135296442982     
   894.37131442828581     
   863.30950050106708     
   837.62751026306103     
   813.16422857612520     
   790.62214605332179     
   768.76585833361912     
   747.47308111268580     
   726.96606001170892     
   708.10325535833420     
   690.79320948692975     
   673.51069116719600     
   657.36825605592799     
   639.84919881603128     
   623.08883067113743     
   606.34119944497911     
   589.74016269972083     
   574.75704758650011     
   558.95001966220957     
   543.34553243828304     
   526.79744839508487     
   512.39455093472657     
   497.98076774104646     
   483.60200461362763     
   469.84625533043135     
   456.73191057576327     
   444.35552328040944     
   432.11317521660686     
   419.89326353182344     
   408.42826602097284     
   396.38157138684062     
   385.79566924724793     
   375.29867431909139     
   364.91216281173951     
   355.44631999883927     
   346.39243615744448     
   337.97294025130208     
   329.45241440466827     
   321.60713710943395     
   314.29518934522577     
   306.62259840086972     
   299.31476709432974     
   291.59297644006801     
   284.98541312448424     
   278.18911814825418     
   272.09877870679765     
   265.89152775909849     
   259.57453012642179     
   253.62754697153221     
   248.35022551507373     
   242.54878791105057     
   236.99094381540442     
   231.39974483660876     
   226.29436722805389     
   221.36803410790372     
   216.55969474366029     
   212.20996187973878     
   207.73642944632135     
   203.47852624927995     
   199.23882678988520     
   195.05002282821951     
   190.95563971791128     
   186.88516225162337     
   183.12901732548619     
   179.43124088178450     
   175.82040253775247     
   172.19589445348853     
   168.51000748744661     
   165.35135046577656     
   162.00239099369702     
   158.80003565695569     
   155.67714269163795     
   152.58342785051761     
   149.56237454585118     
   146.58166078241146     
   143.61560129183903     
   140.86752391181645     
   138.06094899047301     
   135.43083393387323     
   132.79638771217648     
   130.16931835223696     
   127.70157606513965     
   125.16802823966030     
   122.65719409119919     
   120.17616956184776     
   117.89668588728532     
   115.61962750392131     
   113.28997919486579     
   111.05914121418910     
   108.80515076729590     
   106.70431548052625     
   104.50323132048959     
   102.40057539955417     
   100.37081783953396     
   98.392253051689892     
   96.339927192983623     
   94.331557195527267     
   1026.1558946056348     
   993.20898557022201     
   962.24776006516288     
   934.69792626713433     
   908.68411056375976     
   880.89651862769699     
   853.93086574633253     
   828.34406758880550     
   802.87556970576793     
   779.58365613895990     
   757.31531418917359     
   736.60064631176260     
   718.69397838191662     
   700.39727304215830     
   681.26430991093423     
   663.69816999720922     
   644.37577710849519     
   627.13789384562665     
   609.83475039012535     
   592.80686403737673     
   575.54984605983236     
   558.92595822283738     
   542.10197756936554     
   526.76242060835477     
   511.55987758803212     
   496.42242326345593     
   482.66671182159399     
   469.98325751678391     
   457.23179710122940     
   444.39517258470948     
   431.94912726329881     
   420.50435790820762     
   408.67281195027198     
   397.39035663126504     
   387.31938734502035     
   377.49199103716910     
   367.26348373345866     
   358.37119844703909     
   349.30070830894601     
   339.95770017973098     
   331.01188412304424     
   322.78257681601929     
   314.32836103543127     
   306.79972218609731     
   299.10561289688110     
   292.22289095927374     
   285.28452506640832     
   278.56629712233439     
   272.48458037609316     
   265.93781922018962     
   259.94020731358086     
   254.08138947994922     
   248.40740613245632     
   242.39376748952827     
   237.15774839180571     
   232.37378525303035     
   227.27643784579908     
   222.09722686205498     
   217.58844678084179     
   212.84379249013841     
   208.41420425110067     
   203.86938145722871     
   199.60092458917106     
   195.61770703729860     
   191.40562144186688     
   187.25383904762833     
   183.40011161489019     
   179.71717760722757     
   176.06775202885075     
   172.44624603868181     
   168.93119298058542     
   165.62351014112033     
   162.31315302419910     
   158.77725934545143     
   155.62262975833801     
   152.45748540037070     
   149.51450765992496     
   146.45907699214385     
   143.60552954295562     
   140.73118631375513     
   137.96805577792611     
   135.25723160937775     
   132.53448612601520     
   129.96891294749230     
   127.30379790995254     
   124.63287431598977     
   122.02774684206969     
   119.60363260058040     
   117.15286335502415     
   114.76907204235100     
   112.47254644852509     
   110.15311204945534     
   107.82880267137695     
   105.62143329761487     
   103.31621837561396     
   101.25210670599600     
   99.188459899859510     
   97.056825605022951     
   94.976375684953467     
   92.892866231091375     
   1030.3381713232582     
   995.79091039025707     
   967.42324820614715     
   942.16631539503828     
   916.69860944727168     
   893.17535420896490     
   865.53094647322825     
   838.58671089126381     
   813.94648011949778     
   791.29063974319433     
   770.00711046736819     
   750.23354685803315     
   727.23722196528036     
   707.36491183094790     
   687.27658208920809     
   668.41187621988593     
   649.30584142006865     
   630.43522705421640     
   610.50488737606338     
   591.45100497375120     
   574.06853940845781     
   556.93416425746614     
   541.47619719919430     
   524.94333063119984     
   510.69768371632927     
   497.30669192037112     
   483.11539804688533     
   469.76263961866175     
   456.12298315865473     
   443.28989257570385     
   431.46559810235942     
   420.16967515956281     
   408.98405636474007     
   397.81139003859369     
   387.68658441735187     
   376.87066522024293     
   367.03220901840950     
   357.45751295832576     
   348.74786084907743     
   339.97134214680489     
   331.53683724529128     
   323.61004348706706     
   315.67906198196602     
   308.14062063608225     
   301.03820071567850     
   293.96871079920254     
   286.64028164263760     
   279.68288901414371     
   273.53203511327615     
   266.77812367515139     
   260.24850087934055     
   254.04203017011378     
   248.21322964008004     
   242.62766138098530     
   237.65985769191474     
   232.31458795629399     
   227.25057785455729     
   222.46643514904983     
   217.57558862148824     
   212.47435297105261     
   208.14542390950845     
   203.87619264243219     
   199.54259318965649     
   195.33518151893833     
   191.30466876355595     
   187.20498898416653     
   183.30748176094767     
   179.40616421387463     
   175.43856937748586     
   171.88820592142193     
   168.32656124263968     
   165.02601978466248     
   161.67008888851123     
   158.39217661216469     
   154.93464225514842     
   151.70747970672528     
   148.52850245478149     
   145.37083717586765     
   142.32326791880519     
   139.36772327820555     
   136.40159439225050     
   133.44645031112790     
   130.79423688349655     
   128.05988441318169     
   125.32574915409798     
   122.54654944154018     
   119.95641304028459     
   117.52164823960078     
   114.93431471016677     
   112.37153400046525     
   110.08917157149222     
   107.75810090805442     
   105.41738043112237     
   103.10169280227987     
   100.83711600543427     
   98.579002983137087     
   96.323992437043017     
   94.191068702624960     
   91.889064799986187     
   89.748586487977519     
   1036.0836778839789     
   1002.1295194182745     
   971.40647699011345     
   943.68042826527528     
   920.86968602237107     
   895.63118890374517     
   871.00581791268519     
   844.64783317697527     
   821.85935565285320     
   799.90917729024477     
   776.94646870998008     
   754.68028656217496     
   734.78604384018001     
   714.95101023225754     
   693.08960249948075     
   671.36129858304389     
   649.26606505673067     
   629.31085378768762     
   609.19841231341434     
   591.37130401138018     
   574.57580091140744     
   557.03545309079868     
   541.01008691243010     
   526.16527522113552     
   511.34041681457637     
   495.77202372152175     
   482.30537417027062     
   468.61553495980479     
   456.57155207406873     
   444.06677525435475     
   431.33002331426667     
   420.42473993833477     
   408.35010427350727     
   396.66834041692761     
   386.42317786216927     
   375.40848046893041     
   366.00350317576448     
   356.22693869220234     
   347.17583531064361     
   338.45106440853147     
   329.92040181379434     
   321.74935821764655     
   313.14862359498449     
   306.02431792737815     
   298.65981836522280     
   291.59819707866308     
   284.58553838456788     
   277.63920141922415     
   270.85516777181510     
   264.37765433621223     
   258.78421906608793     
   253.37513190627945     
   247.54003265534303     
   242.02521945653558     
   236.90568410409566     
   231.52250719399717     
   226.21867044408819     
   221.45473626667646     
   217.11913201404164     
   212.29551152217778     
   207.57613480371816     
   203.01981161821104     
   198.58300148692391     
   194.53141830961277     
   190.21508683954752     
   186.10380143233715     
   182.46685538198938     
   178.45758967719846     
   174.78994724873786     
   171.19309642688523     
   167.49123413126836     
   163.87380120563404     
   160.48248916910507     
   156.93372149379991     
   153.33922654306008     
   150.04024860261859     
   146.68523929651587     
   143.45756527603174     
   140.36153879165087     
   137.25852581155004     
   134.18108392373790     
   131.25962438111574     
   128.20551529815708     
   125.33238714157160     
   122.44367728186248     
   119.51020346225606     
   116.73266983531536     
   114.05521965132738     
   111.34525414444563     
   108.68381389923590     
   106.13563568426082     
   103.61369019670263     
   101.12586328117204     
   98.698408754483509     
   96.166249043115073     
   93.843389662454342     
   91.541319851765323     
   89.313056580428778     
   87.124941357429236     
   84.791705804754855     
   1038.9578856775186     
   1002.7080441475127     
   973.13337998088150     
   947.28241006792382     
   922.38239202265322     
   897.86481465423356     
   874.40959865651860     
   853.52956580178795     
   831.03144914933443     
   807.31894709564915     
   785.10806776303718     
   762.06177122052054     
   737.98812351867787     
   711.69457060742275     
   687.96941648615461     
   667.12600937343359     
   647.51161535601682     
   627.89898856820480     
   610.23798747596470     
   591.90181649094666     
   573.21639467068621     
   556.64855862021227     
   540.21527671524996     
   524.51883054187942     
   508.98283186804514     
   494.54810418891969     
   479.70554976352327     
   466.05688828627160     
   453.70713078784411     
   440.96086998715418     
   428.18035903326319     
   416.80585497394327     
   405.94249043312891     
   395.51520014918259     
   385.09372118975284     
   375.15498479535427     
   365.79730157285019     
   356.64056646088545     
   347.59667307066519     
   338.72453653928392     
   330.23110702118584     
   322.30321304706314     
   314.20357025317031     
   306.79183804295178     
   299.25401590746571     
   292.38554214040244     
   284.80253727326209     
   277.75578825619834     
   271.42377885222862     
   264.98619091114148     
   258.85593685707016     
   253.07906937950216     
   246.89342747992748     
   241.31605776647399     
   235.80863387877420     
   230.31474662825718     
   224.82421825213774     
   219.78719385069758     
   214.83062868055154     
   209.99091130390872     
   205.15827438843112     
   200.46975329439042     
   196.09469233218704     
   191.43815731620498     
   187.09237352663450     
   182.92750948676618     
   178.96560611541591     
   174.93276242404818     
   170.98192781965994     
   167.04435365037904     
   163.26352560729237     
   159.43377048187313     
   156.12164136988076     
   152.42911521760604     
   148.69685366257070     
   145.15321048220790     
   141.65210845248538     
   138.27502606130247     
   135.09832366824045     
   131.77789510686219     
   128.58251023210889     
   125.43589705162273     
   122.60970529091001     
   119.51455952658304     
   116.31210117573943     
   113.39201759653471     
   110.58495809874827     
   107.89454361756546     
   105.03449442563462     
   102.29235098558185     
   99.715501603124636     
   97.212810833465880     
   94.681488334058784     
   92.104898953762870     
   89.664360469911657     
   87.045751579210219     
   84.769700121789427     
   82.389138351917268     
   80.039045130889690     
   77.778658993837823     
   1045.5202377340333     
   1007.4036280310935     
   977.39634739842438     
   950.50316690891373     
   924.82074825312907     
   900.50149282515702     
   877.16224404903437     
   855.23555009775873     
   832.96370811905263     
   809.44817920438788     
   785.05268769318673     
   758.33016040050654     
   734.33132235529740     
   711.48693227886861     
   689.31831455751103     
   667.02576004802495     
   644.78140542541792     
   625.01799592698876     
   605.62713326316043     
   587.70779382049102     
   571.07332337524804     
   554.83292105631244     
   538.65167140189158     
   523.74835221667558     
   508.53087662823680     
   493.75664826839716     
   479.63732217631639     
   467.11583119003086     
   454.56265433446117     
   442.04937298241356     
   429.91788558055839     
   417.99627027968415     
   407.18474392658425     
   397.04112006844184     
   385.67879142640800     
   374.82030225416759     
   364.62803934389018     
   355.69692071831355     
   346.63840210570061     
   337.28173115863490     
   328.98729091941192     
   320.97636919951862     
   312.49286980059020     
   305.16174667739841     
   298.13890975193647     
   290.88555460235557     
   283.71221035947281     
   276.80097782561171     
   270.47888972818811     
   263.91886762389333     
   257.46817684464389     
   251.20068744675922     
   245.00234621198121     
   239.30879525780227     
   233.41394908659885     
   227.74309062232064     
   222.19926400440846     
   216.89887977416794     
   211.61347886000613     
   206.63692906641668     
   201.99310413788447     
   197.18284089847256     
   192.33967111551081     
   187.67399064539384     
   182.73324914385793     
   178.34928617756191     
   173.96893654150745     
   169.33506913623799     
   165.20423913245725     
   160.90849778949243     
   156.78600150890392     
   152.63769816416570     
   148.63085737168831     
   145.01644276173008     
   141.17676829355864     
   137.37458911922346     
   133.35668061712215     
   129.97260270928814     
   126.39481046310171     
   122.79669455731297     
   119.34336684006243     
   115.93247357732231     
   112.86557120565195     
   109.82310598089774     
   106.68483806450139     
   103.76476030279954     
   100.76738582341487     
   97.843611837858447     
   95.104312594553960     
   92.545440602723289     
   90.051924687428297     
   87.522907901110031     
   84.942926214335955     
   82.575985536083635     
   80.393794462302012     
   77.807802342947397     
   75.456766280431609     
   73.329911521911384     
   71.224619747482222     
   68.964877987720783     
   1049.3117038339763     
   1011.5150243991056     
   980.42381483523673     
   953.92356504480063     
   926.33122146529490     
   903.27847585305631     
   879.11479485888526     
   854.69547128136037     
   828.79728131001355     
   803.75783714851707     
   779.05989377644096     
   754.06736321969913     
   729.42647079322262     
   705.08911490688342     
   681.11413802734080     
   660.35563055343891     
   639.65505461287967     
   620.88769299613875     
   602.09054078531062     
   583.79633505090646     
   567.21854108822924     
   550.66302229008852     
   534.65354707147208     
   520.19593541116910     
   505.26986878015157     
   491.54665684740797     
   478.85884888200746     
   466.13117748072023     
   453.42219369339244     
   440.76791997535594     
   428.57380356583155     
   416.81867030352254     
   405.72463368002764     
   395.64112340213035     
   384.73030387681183     
   374.67489393295756     
   365.12696022781802     
   355.57717879371233     
   346.07012584640700     
   336.74603028458250     
   328.29087114524498     
   320.14262109802564     
   312.25274217692765     
   304.43405191143535     
   296.43031108068556     
   288.89228419688607     
   281.53297984591950     
   274.25858417304119     
   266.96275399089154     
   260.26318335423679     
   253.62220314191359     
   247.05321375915713     
   240.69227447901073     
   234.31758426003586     
   228.06465921498605     
   222.44000369850528     
   216.71504829671505     
   210.60107339804995     
   205.17161919375772     
   199.94310485072921     
   194.87401657784181     
   189.62636598695923     
   184.42253451940243     
   179.35037576023487     
   174.24454735552737     
   169.29763564657713     
   164.99694968353558     
   160.54717316548897     
   155.81087058475927     
   151.24233989399963     
   146.76486483308508     
   142.88238241768781     
   138.47218747204172     
   134.33994575024607     
   130.46994548235674     
   126.37267823207691     
   122.84271950713526     
   118.95170488638982     
   115.20359888154601     
   111.79855275153682     
   108.81350966589423     
   105.41033762585681     
   102.54078536749606     
   99.350414931097475     
   96.298679304202636     
   92.985298047777178     
   90.168521626993112     
   87.683009802126477     
   84.835677456710400     
   82.035556463217816     
   79.980037168402788     
   77.123752613417423     
   75.068698321184172     
   72.413675391103098     
   69.928003540182601     
   68.196191087515061     
   65.763542826283143     
   64.002786627422182     
   62.110707402238972     
   59.681707417266665     
   1055.3171652094545     
   1016.7280023029093     
   988.10706697526678     
   959.59813035369928     
   933.20322352818437     
   906.04280749174632     
   879.15894631310653     
   849.89709868041132     
   820.61186681518836     
   792.35751672034326     
   765.04521310154792     
   739.68186123632336     
   716.42349841847772     
   695.75418208718963     
   676.14164397264483     
   655.81489989959732     
   636.02924023779428     
   617.16950539972117     
   599.69796527852213     
   583.23217054105839     
   566.12845306486076     
   550.87331781182149     
   534.69317373794024     
   519.16005405677765     
   504.95060034451410     
   490.09168297779240     
   476.18445388963090     
   463.10886375901657     
   450.49863079821966     
   438.07596022858638     
   426.37091495298046     
   414.38486671251758     
   403.12930163945236     
   393.06395652013970     
   382.08508327288627     
   370.96509200682948     
   361.16094718670394     
   350.68347995586242     
   340.81080937875470     
   331.87345153323656     
   323.00616470261173     
   313.25184580269024     
   304.99219937336989     
   296.49045319518376     
   288.44315136432908     
   280.66218808942017     
   272.93260629621557     
   265.10503068360259     
   257.41715699908104     
   250.33850446766206     
   243.32543375015945     
   236.89911385251389     
   229.89297146970506     
   222.81793441257179     
   215.72332859818843     
   209.47976680447346     
   203.25087889589929     
   197.53269638123683     
   191.88059517092620     
   185.46328763811860     
   180.13076798498821     
   174.97910930440293     
   169.07043677502810     
   164.13300298483335     
   158.73838896319333     
   153.88411394388211     
   149.06077676034420     
   144.25021517706264     
   139.57608634363612     
   135.48025089676486     
   130.61732597420900     
   126.81452763049430     
   122.75772258440867     
   118.80814341270165     
   114.67462052543327     
   111.19643851102202     
   107.34539422571079     
   103.84017799142106     
   100.45362598654896     
   96.806953254825302     
   94.331677559511490     
   91.684039501044012     
   88.730532896928935     
   86.107132001421945     
   82.932961688864793     
   80.445230428975691     
   77.731458173755343     
   76.067507278334475     
   73.764282711595982     
   71.894899840996189     
   69.688551899810420     
   68.322810575975154     
   66.383062185623842     
   64.260230676634606     
   61.945500345832812     
   60.410604785351254     
   58.360499329337088     
   56.078021195840670     
   54.359330126276888     
   51.794710165473560     
   1059.2566838079936     
   1021.6674707971252     
   991.63396793586264     
   962.36715556458194     
   933.31515093118924     
   901.65695090876352     
   869.58800838728780     
   839.02340219435678     
   809.46746585232040     
   781.02321932172049     
   756.51567933719230     
   734.12145379168669     
   711.58652486751453     
   689.86413550594602     
   670.43983937995245     
   650.99012295131456     
   631.81994147992646     
   612.99662457049953     
   594.43383419188399     
   578.56559306294048     
   561.54277996404551     
   544.31742306048818     
   529.29661888789440     
   514.96561063108857     
   501.04018386697010     
   486.78841972908134     
   472.89142663614803     
   458.19345290413469     
   443.99683256819742     
   431.52261682288372     
   418.13745467421592     
   406.58473865580743     
   394.36505354326113     
   383.31149927801437     
   371.10282366546284     
   359.96568798312018     
   348.79437702725062     
   338.49863462435104     
   328.71167812872750     
   318.70844163400591     
   308.81930654009545     
   300.17474351740111     
   291.07134967231320     
   282.63494953337550     
   273.80592245440153     
   264.77994124244549     
   256.37711267991909     
   248.61603113290667     
   241.57984861818935     
   233.34265740152429     
   226.07658422879103     
   218.56229545847270     
   211.41054135890582     
   204.44987045277350     
   197.84621510454218     
   190.59179754513983     
   184.63536841331947     
   178.67718914168475     
   172.30412348145063     
   165.52277278870440     
   159.45268393412002     
   154.09911023118727     
   149.14732954000732     
   142.96950649768883     
   138.16502153926012     
   133.47341561140078     
   129.95454791010363     
   124.86827648176873     
   121.20192654892340     
   117.49155304304868     
   112.54520644335328     
   109.94440102835701     
   106.47313947619337     
   103.50847571763342     
   100.68578536303056     
   97.836832053018554     
   94.168252485528768     
   91.474093892339454     
   88.694136782154430     
   85.538944897835123     
   83.530519514727501     
   81.296040148605954     
   79.731390894291422     
   77.593499767854453     
   75.835584119570655     
   72.796339380701326     
   71.149136985629738     
   69.446488762927146     
   67.309586186382035     
   65.982086921375526     
   64.309587223970809     
   62.877756244392423     
   61.472526587149389     
   59.756798517660066     
   57.557932761621686     
   56.710211367860765     
   55.023214938723790     
   53.203939490696541     
   51.969935968826384     
   48.738767507919761     
   1064.0164295362126     
   1025.7716839102973     
   995.73228015046448     
   963.67561919024297     
   929.18225782406341     
   893.84279650397389     
   859.13872275115602     
   825.58596831375814     
   792.47619702722818     
   766.49626064807251     
   742.21962897322533     
   718.70729809389638     
   696.99575349431632     
   677.25188301856269     
   655.57547026516022     
   637.29261411342497     
   620.15566864103084     
   602.31400562371039     
   585.77922172204660     
   568.92056423673398     
   551.12371451274487     
   535.10559357426064     
   519.21056880841695     
   504.45515225573502     
   488.11367903842950     
   474.34549425475802     
   460.59705305253226     
   445.63323385069441     
   430.89467187541516     
   417.74808909992862     
   405.31623103981815     
   393.59228182695517     
   379.98617469672536     
   366.73396374582478     
   354.50602084100717     
   342.85896275083479     
   331.90988478941216     
   320.61642071190590     
   310.85855777459597     
   298.85820328203596     
   287.06754640539680     
   276.72542145962757     
   267.86450811039396     
   259.44059727534210     
   250.04051143147740     
   239.66458337929532     
   230.94146979739875     
   223.69393578868221     
   215.29261934669677     
   207.97813734052880     
   200.32303433190054     
   193.11161161991203     
   186.31593921551774     
   179.79453399349330     
   172.25168611867952     
   166.23622260222660     
   160.42529311555646     
   155.36568156350211     
   150.87709669400061     
   145.23649691082150     
   140.30822346119447     
   135.27709930145772     
   130.20221384112145     
   125.83994328245765     
   122.56844233728357     
   117.85742860125805     
   113.79913543630843     
   110.32857853955869     
   107.79953035244459     
   104.54108841422058     
   100.88606843748499     
   98.683324423197561     
   95.287124035342913     
   91.827212124080432     
   90.501468527926534     
   88.308951303969081     
   85.893003559275712     
   83.625451292386700     
   81.041345917106923     
   78.534001877307247     
   77.223233015430552     
   76.304054922449765     
   74.107253627028228     
   72.769330737156324     
   70.452129313179668     
   69.627540148039813     
   68.287913504032048     
   66.214305698002434     
   64.278104253350236     
   63.033306346042963     
   61.496368675205517     
   60.260296530477063     
   60.210726650309304     
   58.005068323632777     
   56.192643927414501     
   54.389727760857227     
   52.830065774319635     
   50.978762076246646     
   49.879512150707264     
   47.564339451002503     
   1069.8501682443155     
   1032.3925612188191     
   993.66801589355873     
   955.52175595260940     
   914.05423637945205     
   873.69424127859020     
   836.70793773172886     
   803.92056403319896     
   773.82692403611111     
   749.81057486941336     
   725.55915219266672     
   702.26604343526060     
   682.45657709085674     
   658.37849870111052     
   640.94282302331123     
   620.90483283551578     
   601.60504896620614     
   583.12088176395741     
   566.68885597664985     
   550.79001410321894     
   533.66686059368908     
   515.83996959524779     
   499.84589650626992     
   483.71304963181075     
   468.75854879450583     
   453.34612387359789     
   438.37941498622206     
   423.89496769332874     
   407.45389088022404     
   391.99522290189020     
   378.56563585864319     
   363.63409357406221     
   350.29255264480071     
   336.68693393568708     
   323.14807975971416     
   311.55623725649667     
   300.46275093796402     
   288.17036050566708     
   277.05563137306285     
   266.13165432657479     
   255.74672710274456     
   244.83276723302544     
   235.45274924441100     
   225.08053548453896     
   216.70282430881741     
   208.72490971432836     
   201.23382514932032     
   193.67187297300032     
   187.06123915265715     
   180.97758133082030     
   172.91740957265034     
   166.98167176543285     
   162.58074493028093     
   155.54391686816120     
   149.81224963308833     
   144.42246511054174     
   139.81805823717639     
   136.42840302462392     
   133.80699701274060     
   128.14617279977469     
   125.26204119150316     
   121.50771467539191     
   117.94664796630596     
   113.34029749637531     
   110.04817063626119     
   107.20433147136822     
   104.86533182671953     
   101.94836686689175     
   101.00069437240128     
   98.240927830582621     
   95.752886310330709     
   93.466053272838309     
   90.101579821496983     
   88.113444239187999     
   86.175440872387995     
   84.134109746419924     
   81.752887605876396     
   80.752067786722733     
   77.471961826945204     
   76.063453884586139     
   74.347522681074480     
   73.030633485919481     
   72.138571593669639     
   70.338364232388429     
   68.096105933398007     
   67.504518899380798     
   65.282698082413162     
   64.373204642453771     
   62.741037855625756     
   61.339369153393690     
   59.928674713144105     
   58.567474166098208     
   57.131585988869588     
   56.101379403932356     
   55.182221170380984     
   53.348409876334749     
   51.363772658267891     
   49.225024711878639     
   47.780849937629078     
   46.391792923530460     
   1081.0410873072847     
   1037.3418247079494     
   989.66962048069786     
   939.84037184635895     
   889.99992114869440     
   848.40047479751570     
   810.86169044584312     
   778.79452071274659     
   749.00036558212889     
   721.90164923179202     
   697.87840855343336     
   675.62449177101485     
   656.11116182512421     
   634.86481464525832     
   614.91109808933288     
   595.21714016998703     
   575.78206563037224     
   555.04629927226824     
   536.47777493282672     
   519.32298468573447     
   500.74828394104435     
   482.09352880731933     
   465.70663323478232     
   448.19718184908385     
   432.51574905513473     
   416.48578051119443     
   400.22671561783540     
   384.40258341348635     
   366.99883822579113     
   352.60914738097665     
   338.87103475002903     
   325.34381172157066     
   309.50747908914883     
   295.89716930395468     
   281.10431816472556     
   269.97159595878742     
   260.02670838892544     
   250.82468892509723     
   242.11147005634788     
   231.53522815378449     
   221.29122366051178     
   213.12855858179361     
   205.86327938672832     
   198.72485658513261     
   190.55756295846248     
   184.48121880604765     
   177.94150440954263     
   171.90314971763374     
   168.18226027619994     
   163.57508389675104     
   157.35495525457486     
   152.66701676294727     
   148.50460167139701     
   142.14545624687412     
   137.66768037616845     
   135.10624954976106     
   131.14065217549415     
   128.56620739782520     
   122.86789505237550     
   120.93702479049695     
   116.05849799066009     
   114.65865111765567     
   111.51644255729207     
   107.23632572828872     
   105.59212700144940     
   103.12033716058738     
   100.64200365920185     
   96.828444506213089     
   95.927128728412910     
   93.866774366611295     
   91.713773734812278     
   90.151122462957929     
   88.682704998884731     
   86.060656491906656     
   83.323053619608615     
   81.094918575692716     
   79.105383103367529     
   78.077458064368884     
   75.695886272362472     
   73.371750191207269     
   72.466357756797237     
   70.495009420809012     
   70.239606390180782     
   68.077815249469396     
   67.153116739593983     
   65.866763277260503     
   64.180623119488899     
   63.188285906561504     
   61.764077827088677     
   59.632736048520812     
   57.853770076391577     
   57.644164219817597     
   55.834935219575826     
   54.976570300622029     
   53.053096812888022     
   52.080897386553069     
   50.005732788414960     
   48.787195973985718     
   46.657688591207283     
   44.905627507836542     
   1091.7591995568152     
   1038.3671038077775     
   973.95232264903973     
   909.35371056675444     
   854.55075973743010     
   810.11193720395806     
   774.30413215107137     
   742.29157382124333     
   713.88647140121680     
   685.89666887404348     
   661.25021144913592     
   637.99286251815010     
   614.33394624892458     
   590.94644666086072     
   569.14543967621148     
   549.04337877686601     
   530.29089081453412     
   509.04340172850959     
   489.02200304991089     
   470.67696671020383     
   452.38808334907532     
   434.33598009948105     
   414.74926321495002     
   396.71157754595913     
   384.46780620656727     
   364.15429677765985     
   350.66573200087419     
   337.09718122915888     
   321.25370631431531     
   306.19178588789276     
   295.09234733100612     
   285.52452021777606     
   271.62508236909520     
   259.36635239877552     
   248.35399856848841     
   238.05650475554262     
   231.25702591063674     
   222.93569515093856     
   214.08069682347886     
   207.74975545278582     
   200.82286635532100     
   194.08160391551357     
   187.89575950192318     
   183.98880410878880     
   176.18868999434756     
   171.07062508227077     
   166.17001277822189     
   161.41990973262543     
   158.25812191394982     
   154.96684797338591     
   148.80640322904534     
   145.16717196755019     
   140.79465223412979     
   136.59026570891004     
   132.72825055909379     
   129.23509416739682     
   125.80961955250207     
   124.14849733312224     
   119.91985329990722     
   117.41153268820263     
   113.54083963986324     
   110.93547642556234     
   109.45044813630281     
   105.02427749829408     
   102.84841266940111     
   99.604990660836350     
   97.647186095915117     
   95.083893937924373     
   92.417602241253036     
   91.487372082173323     
   88.872687731720291     
   87.737633846456646     
   84.708735934353712     
   83.024692368552991     
   82.008945924279473     
   79.188010323850818     
   77.457181746839737     
   76.183019300341059     
   74.464244022281690     
   73.026996621686067     
   70.488275049618309     
   69.526477649822851     
   68.155611172427157     
   66.799398417728909     
   64.987620957191297     
   64.216457621362068     
   63.430673023990998     
   61.608713996684280     
   60.346930364847807     
   58.174073509390389     
   56.597725129648481     
   56.167138032268006     
   55.137450203627523     
   53.834050842244828     
   52.409271019584246     
   50.908462972437896     
   49.401515722598283     
   48.018585033558146     
   45.239822069144360     
   43.353488785911622     
   1102.6921582687442     
   1022.2165224321944     
   931.29383801775634     
   859.11834270124382     
   799.99850424486499     
   757.35913694183751     
   720.35687051110415     
   687.81173327947101     
   655.78048767490282     
   627.30253288684003     
   603.67988556276759     
   578.72369588518598     
   553.73807991011563     
   529.50255276884218     
   506.38376765060957     
   487.56805875956877     
   466.84179196156282     
   447.22554681444785     
   431.72432029953973     
   413.07854397664300     
   393.67588049976337     
   377.43028587689201     
   362.02552375898881     
   346.83661737511278     
   336.73585000824698     
   324.17753992626700     
   310.64023304640477     
   301.54597947202365     
   289.86076321755536     
   276.27388430966397     
   267.98037455095505     
   260.99915491601803     
   249.88229406660525     
   241.39314914718955     
   231.49354515948900     
   222.95819274303523     
   218.97642753884378     
   212.02252452569141     
   203.15499186595156     
   198.65010830533214     
   192.04640050397839     
   186.99291047136975     
   180.98935835292730     
   177.08452373759712     
   170.00084828935337     
   164.67143500888770     
   158.75408999025012     
   156.07631173863419     
   153.86708508557325     
   148.09226075147919     
   144.88351408559649     
   141.71894466627373     
   137.41719685391874     
   131.41316338196575     
   128.58829793508795     
   126.66422236111578     
   122.58283883421575     
   119.77161915702791     
   117.23460560962437     
   113.88527540295208     
   111.70422548627295     
   108.37228079801827     
   106.78245409971228     
   103.75820948229111     
   100.21401371610119     
   98.179712103410992     
   94.840557166661171     
   93.280000835256772     
   91.475779053209337     
   89.868683316645274     
   87.705099043499473     
   85.067211162963034     
   82.591700814196940     
   80.141128818298029     
   80.321741421586481     
   77.770407868555935     
   75.652076910995049     
   73.857057755831590     
   72.626034690216329     
   71.009971737981431     
   69.224962517738334     
   67.750080191880812     
   66.400867747587924     
   65.151392539297547     
   63.801750868890522     
   63.394451797130259     
   62.011540655084602     
   60.136324294695569     
   59.212635951472834     
   57.330369020991029     
   56.258011722106545     
   55.123132283426877     
   53.477028543956372     
   52.493250926237252     
   50.851517973564015     
   49.517133910260256     
   48.270429632183216     
   46.961747958306091     
   43.722663452474123     
   42.114730482011069     
   1115.7522731283011     
   991.95966719281421     
   874.27186904076734     
   792.24724219659083     
   733.25431558503487     
   690.70447832430023     
   653.30499194155254     
   622.99163124636129     
   591.85761996408712     
   565.43008302907663     
   537.31227362688639     
   513.49461476247120     
   492.94700940753347     
   471.45942173584496     
   453.24266476519165     
   436.23329650198400     
   421.11530275886247     
   405.13552551830412     
   389.56592124722778     
   374.37406227944786     
   359.91157646207569     
   348.89029241754753     
   337.31298037221291     
   324.23690438965286     
   315.72162185678724     
   304.17507567819018     
   292.71687884831186     
   285.01577365601781     
   276.17624506329446     
   268.19356322727555     
   260.97554730997803     
   250.86267285682084     
   241.04581666273106     
   232.36696314658167     
   223.05913390396751     
   214.19268059502238     
   213.57931056046468     
   204.87467844945164     
   199.09821503645514     
   194.73618556184965     
   187.74871562001996     
   182.55625247343718     
   175.11872305489800     
   171.01256933411881     
   165.43835026114212     
   161.93996842639712     
   153.62058866998098     
   151.32698698966954     
   150.70791601661091     
   145.17527835096868     
   141.93174189275223     
   137.63886694911844     
   135.71251676980290     
   128.33057176136811     
   124.55038032414618     
   124.09148395424441     
   120.65220628855654     
   115.82383167755413     
   114.17267185158234     
   110.18953409975018     
   108.99571096745166     
   105.49570530981794     
   104.03634418132799     
   99.967994145825642     
   97.023012472197820     
   94.945503559961338     
   92.852197983143924     
   91.122405358498142     
   90.718576532891518     
   87.594648460148349     
   86.169137030174483     
   83.469742387270060     
   81.332898513720650     
   79.090096347453539     
   78.250675897188501     
   76.793430016699318     
   74.632969604724892     
   72.694087399202914     
   72.105104485332049     
   70.209262410001770     
   67.410453871481877     
   66.542363886205862     
   64.956111009232131     
   64.235676578268979     
   62.688144721727994     
   62.001492035901251     
   60.640338685854921     
   59.547726976802238     
   57.811005991358769     
   56.513745394230895     
   54.999401241458344     
   53.766655663816096     
   51.966288446475374     
   51.743470629069449     
   49.094045863886187     
   48.457454538194035     
   46.698315824956204     
   45.280693407849327     
   42.903775564162302     
   40.811899898236703     
   1134.4054034231376     
   949.02714272826029     
   813.56029301593560     
   730.85352707236245     
   677.53575451057804     
   633.65085767023743     
   600.82980240705501     
   572.55716057113341     
   544.68025657785063     
   520.95825012750947     
   496.01923108478530     
   477.05381137302601     
   457.16754062356290     
   438.73692907155555     
   423.93798009108014     
   410.00869325443841     
   399.61843510062698     
   385.44354632112015     
   376.32917731755703     
   361.58845931233105     
   349.83538756338442     
   340.12566137306527     
   330.87518398538157     
   317.04490690975416     
   306.22427029064147     
   295.53623825513921     
   287.46873643777690     
   280.20733879524511     
   274.11478012785363     
   267.08246485890447     
   255.31089967551580     
   246.58581483460941     
   237.57895574094738     
   228.09783658897709     
   220.56039480930230     
   215.41333523196198     
   211.80334521991890     
   203.80070696896178     
   197.76782539687306     
   192.25170461190959     
   183.27308965149496     
   177.47824213582504     
   170.30573541587910     
   167.65402412329027     
   164.96807505829199     
   157.82273392463185     
   151.13022993686053     
   150.47276389855051     
   147.23882058752503     
   141.40343264853024     
   138.62836161779970     
   134.56413657616213     
   131.91675188952323     
   127.64166131318896     
   121.88814397131048     
   119.48470651187525     
   118.25025581010908     
   114.30895642104591     
   110.64265438521836     
   108.22793025449894     
   107.20305279327471     
   102.68767566881938     
   101.16733921903015     
   98.503653383833580     
   94.987487987223943     
   92.872125749068303     
   91.290884765936170     
   89.524981352519035     
   89.097044578586036     
   85.431891835117796     
   83.576850460313352     
   81.232272442201833     
   78.764807798721407     
   78.627633329110381     
   76.217066723501262     
   75.103981757834433     
   73.419282011110653     
   71.470092046451256     
   70.734065683994402     
   68.785500214116695     
   66.313314908650312     
   65.349958558383037     
   64.517044665412314     
   62.452298771528248     
   61.543641499818854     
   60.669850685699494     
   59.546179231514252     
   58.671213971143182     
   56.934455934889264     
   55.899168656866706     
   53.979211128729673     
   53.199259214918101     
   51.418519381823458     
   50.618483133639174     
   48.906942026413617     
   47.456032264095512     
   45.951197659729743     
   44.166630150870247     
   41.754276059836712     
   38.955410567717735     
   1159.2912539381259     
   935.63280918520957     
   790.84757596467227     
   703.55547180468830     
   644.39639753052802     
   611.51206745416198     
   578.19752262446275     
   552.40174735965184     
   525.64648590663353     
   507.11807167505509     
   482.74457704898350     
   462.07134614890947     
   446.64056198718021     
   434.68356259602177     
   413.94217047483772     
   402.69228048133385     
   392.11800010081697     
   386.35377094821888     
   373.73866128178679     
   358.22240462474809     
   344.60456386178555     
   336.33583387515915     
   328.09587816682972     
   315.66697651293737     
   306.60061127879322     
   296.07242142503719     
   287.14336983323278     
   279.82114949691839     
   271.50995688232376     
   264.07432477362090     
   251.92100638590892     
   244.14764971619425     
   234.56464060593680     
   226.64363212226755     
   218.31612145446113     
   215.80862701056924     
   208.64936044217310     
   201.29070370847415     
   195.55348131009686     
   188.90489537499161     
   179.46409771371916     
   172.02103125534023     
   171.08294147215435     
   165.39100682849258     
   161.25551479244245     
   154.76153523650066     
   151.32161771884262     
   150.26686317247453     
   143.45059546564784     
   139.62069129853538     
   137.31306358373459     
   132.49318648161085     
   130.03646310742269     
   123.66909694686802     
   120.94769677157737     
   118.22202075652753     
   117.44925023880550     
   112.30352139855246     
   109.79453176025687     
   106.57229896579527     
   106.25704263914071     
   102.65645326994368     
   98.962434995924767     
   97.194621835202156     
   93.926746667992262     
   91.305626952996676     
   90.058420066712841     
   87.681268190493512     
   87.103796733739543     
   83.900940117648474     
   82.249333616591471     
   80.907776296467972     
   77.915872021187596     
   76.204114194212195     
   74.616301024015101     
   73.230963862834130     
   71.521552677427366     
   70.321474866939724     
   69.780244286256249     
   68.279282740373745     
   66.802315229204552     
   64.971672853321678     
   63.851197787087713     
   61.752237954798069     
   59.938623511424588     
   59.338105002412604     
   58.677517378760399     
   57.856596726740335     
   56.808387052704958     
   55.309220457759508     
   53.123830794247610     
   51.954311732188145     
   51.127599411848195     
   49.857115947346323     
   48.577816854643238     
   46.716155201478450     
   44.926231520544128     
   43.425194174690589     
   40.893134026739183     
   38.846873651582733     
   1197.2779055713627     
   953.18653425089997     
   803.40597892050641     
   708.27643818778915     
   646.98349099908478     
   610.98337991560061     
   572.46437780296196     
   547.31913545413681     
   522.90513824062555     
   501.72370487281057     
   480.24342410913357     
   457.93611509799030     
   441.06264238613920     
   429.78827136245576     
   410.70251408306365     
   402.15944519604977     
   389.10634499912584     
   379.53199801200583     
   373.04235874073032     
   359.92681733126790     
   346.44182407982458     
   342.56643063739375     
   326.84830723046656     
   315.56308540559530     
   303.61897173004837     
   297.59610631111525     
   282.36015576879464     
   272.21511232389810     
   271.97978708039204     
   261.47702166940280     
   253.03314238515316     
   242.49729316993768     
   235.97125650388330     
   229.03177980095674     
   219.77544414377087     
   210.98174246892637     
   202.88345706359752     
   195.33422673819837     
   191.20030786800012     
   186.98137518059690     
   175.55041298094866     
   172.40806083630417     
   169.34908838456437     
   165.70031897414603     
   161.24611000539139     
   152.78315810403635     
   147.81462632370665     
   148.23057639604403     
   138.49903723323970     
   135.38398339273684     
   135.69626645045733     
   131.26710738954739     
   129.13746820868386     
   123.37800467217814     
   120.75086258973647     
   117.56637250902308     
   115.15147493285517     
   109.94937092797241     
   107.22817567808364     
   104.03775259520366     
   105.12244920068359     
   102.76806232568596     
   98.762178203503908     
   95.139113247842346     
   93.309139552118609     
   89.808593698001204     
   87.787880342136063     
   86.744492019940324     
   84.588783025976909     
   83.180463824808015     
   81.420743305746470     
   80.119129074269068     
   77.448952432878556     
   75.361224562641127     
   73.261729803793244     
   72.077821096800022     
   70.155086777911762     
   69.307803345307434     
   69.712425970747532     
   67.111597785430405     
   66.567087681824049     
   63.603557606910471     
   62.691937425060900     
   61.011823532194455     
   58.552781589442375     
   58.563874784335610     
   57.198460355011683     
   55.641186094768322     
   56.341581047908065     
   54.493434833844546     
   52.791271089891858     
   50.981284752830462     
   50.004809515746601     
   48.659728539545988     
   48.001343684698838     
   45.854100012834316     
   43.565519673564921     
   42.779082230789101     
   40.052304120514307     
   38.089084099979587     
   1244.8134080725119     
   986.55793575605549     
   826.40416318686482     
   724.09592240053826     
   660.60129920304678     
   615.32776059228081     
   578.74302302706076     
   551.74580009028432     
   528.94687401036686     
   498.08274441314768     
   478.59198439675657     
   462.07643302127485     
   442.54355728461172     
   428.23285521319787     
   409.90190584016142     
   400.27083582314026     
   379.41815608156338     
   380.08077510543706     
   372.27066076036192     
   367.86922209995402     
   355.56802816119136     
   340.00571350668889     
   329.93878585646468     
   312.13233029526333     
   300.96002184132487     
   291.95114175270129     
   283.62124602661606     
   274.68862377741789     
   269.49609316740941     
   265.49700465389617     
   251.21098804188733     
   246.45186293772394     
   236.28304973041224     
   225.98716740486950     
   218.15260330396160     
   210.62310741364882     
   198.45556459850687     
   194.31759585175507     
   196.23764927678400     
   186.85342669444503     
   178.28470245734354     
   168.46269972138884     
   167.91886498319647     
   163.80724415033600     
   162.49245251194304     
   151.11411565585203     
   147.02517715206173     
   146.76706207894068     
   137.66525712471335     
   135.06040740214701     
   134.05787956988749     
   130.43541537064783     
   127.80026468276985     
   122.20540369112209     
   119.34355286799084     
   115.21691808089672     
   111.96875152545934     
   109.67847625366409     
   105.64530920126758     
   102.20522247038976     
   102.68761077130966     
   101.55979593609121     
   96.371956918118514     
   93.920684336100322     
   90.601645028834298     
   87.962252404384557     
   87.245364650732043     
   85.379071508823216     
   83.993601895804602     
   82.309759558290324     
   79.572982738577636     
   77.846463267749670     
   75.258763796905001     
   73.850167548551156     
   72.598885922127693     
   73.237351183811626     
   69.490495179593154     
   69.364976584951435     
   68.356169291302962     
   66.828364985178212     
   65.642026505188170     
   63.159010940269795     
   61.397475967071095     
   59.720791474331037     
   58.401215040757563     
   57.009674157050931     
   56.198639080803602     
   56.428767922550996     
   55.629949948446132     
   53.792951027794459     
   52.096051544365331     
   49.961594434083402     
   49.638201183713022     
   47.467433974129015     
   46.610004286914091     
   45.643956787047273     
   43.621754141346784     
   41.484629973817306     
   39.581288782126876     
   37.594281091018736     
   1281.0903290535434     
   1026.1243503288888     
   847.11853080777996     
   744.65049603421210     
   674.09321468114535     
   611.43847304822430     
   582.62888485325936     
   552.67704587859396     
   520.24371436643651     
   498.46496804308742     
   481.11797965638277     
   464.44780790681824     
   436.08057604979660     
   425.49170190053178     
   414.86797213073902     
   398.44416660450855     
   386.81405941856889     
   375.35571349784146     
   385.18013955541420     
   367.52163994538785     
   353.28026824552404     
   340.42535986045669     
   335.08129699931163     
   306.46577129524462     
   300.98590732299169     
   295.98537181640842     
   283.66920579311579     
   274.60205606109776     
   270.42006513789784     
   269.10341994224160     
   250.83662593869735     
   248.88050572783021     
   235.49131750726005     
   225.80865455011221     
   212.05628756120115     
   209.00810496748559     
   202.92831107971375     
   192.02848401425479     
   195.71778509660589     
   186.90904243244319     
   179.77210620004425     
   169.32067391254179     
   167.54203096528826     
   161.84874469117267     
   163.62449645914018     
   150.15598982705808     
   147.61154616074785     
   139.90312490133786     
   134.27696869298799     
   134.85877668197080     
   132.07269065011042     
   132.93718236085238     
   127.46437120781668     
   118.80069460388404     
   117.95932798989205     
   113.93495725221935     
   111.38723219176259     
   108.59772224203836     
   105.09692250247438     
   103.37305803807672     
   102.77859467058227     
   100.80088085337863     
   96.850640853088464     
   92.045681446877396     
   86.696625688675780     
   87.732663159820348     
   86.450702955271169     
   83.692659122072271     
   82.517973493107249     
   80.682980950847210     
   78.406588128527702     
   77.365860497480284     
   75.589674769826104     
   72.848657961573537     
   72.731575211998177     
   72.062720285119099     
   70.200041478226836     
   68.427024359716299     
   66.390346037429637     
   65.790426663992008     
   65.232051517942850     
   63.706000934240777     
   61.246698055054623     
   59.369149456052227     
   58.518798176356057     
   57.032644039022642     
   56.118240414852735     
   55.902290024346115     
   54.735224789666162     
   53.245875181454252     
   51.895405540411332     
   50.062858289665442     
   48.564888225785701     
   47.223348493823408     
   45.604348109361837     
   44.744519720229995     
   43.311109677724360     
   40.581447548491717     
   39.455670214808450     
   35.917423396134716     
   1301.5720231996995     
   1059.9651044979016     
   873.61012238702870     
   767.08825394980283     
   682.27223832087043     
   613.56631206894269     
   594.55239132853285     
   551.74512712118712     
   518.13682631684276     
   502.69384599118547     
   478.93572507154897     
   466.54940365082894     
   438.42712283834823     
   421.10768621709241     
   426.49411098427800     
   405.90559809808724     
   392.73986863527898     
   385.34340119547250     
   388.59891603302464     
   368.12036063632394     
   355.86834255786118     
   332.21329097771923     
   325.64673194962677     
   305.77590777505191     
   312.08596377852626     
   301.59067349895838     
   274.99336277643010     
   265.30440258194983     
   266.60246861963350     
   270.26900712821327     
   252.67801982074127     
   247.21768848181796     
   237.39324332749391     
   226.97333244127663     
   220.36688388919862     
   208.84380932782392     
   200.64329114084447     
   191.90209741704891     
   191.29132999921148     
   181.88676876910409     
   176.27893127834810     
   172.78846669678998     
   165.74365263981491     
   163.62466783745316     
   159.51190458534282     
   145.89405693185060     
   148.30197453756685     
   140.38478039201649     
   136.81101110152758     
   137.64234194418961     
   133.06580763527361     
   131.84099531553218     
   124.04884971531109     
   118.87818884280821     
   116.49352402677280     
   113.25893979542977     
   109.98877979173095     
   109.78145672264063     
   104.61180140079037     
   104.92594903160003     
   102.55887691008104     
   100.32731438117527     
   97.157058121983553     
   90.760135851724101     
   87.153983962637739     
   86.041907759117180     
   83.922458957134381     
   82.343883068193321     
   81.389702816602110     
   80.188940475666271     
   77.186085094950698     
   76.312754814288382     
   75.753717975205518     
   72.649382576718978     
   71.660035032426464     
   70.106635177442968     
   68.847519055030119     
   68.728756127340461     
   65.576537793661359     
   65.288168149712604     
   65.326366242382107     
   63.610769833334487     
   60.443036493844673     
   59.039656512801677     
   57.785404400845664     
   56.125150409824130     
   54.672491170630920     
   55.373432021681019     
   54.263541209995381     
   52.839185937716820     
   50.299826421464452     
   49.070426583658168     
   48.430909288080819     
   47.225212891003373     
   45.519250991047961     
   43.989340720095946     
   42.464068788324319     
   40.684087842739636     
   38.955840604472883     
   35.499316853075960     
   1313.3817627591498     
   1090.5259773290029     
   914.10330130300963     
   796.77238387068246     
   708.09375899902636     
   633.39843948025907     
   598.28042344518894     
   560.00556007913747     
   530.45850802597920     
   505.30509261823204     
   473.63688977585559     
   451.59015794190822     
   433.80801680514026     
   424.26681486227113     
   428.83279586222517     
   417.31574542282317     
   395.38872707394614     
   376.51981953421790     
   391.55920249686937     
   372.12535217079301     
   352.53677894366285     
   328.10040652562827     
   313.92131659485051     
   297.24713985136322     
   301.77171049335482     
   293.54107343072843     
   273.76869971343035     
   263.92355579734908     
   264.34316164770394     
   260.74284948848197     
   250.02424830992294     
   245.02654298864493     
   236.26626786671875     
   222.70651810044882     
   223.02198166360236     
   211.40772206939766     
   202.63216665499166     
   191.40137019038949     
   186.85583439514727     
   179.91732623792106     
   172.50554024941977     
   171.46175096783395     
   167.38275430013698     
   161.97897266891357     
   158.76276731699448     
   143.95384583595779     
   146.13663920341924     
   143.86445334294640     
   138.99511643376812     
   137.27986297567969     
   132.45040290871856     
   128.74678739964611     
   122.58621019664862     
   119.52084702667072     
   116.49144923649749     
   112.71418547915088     
   110.63436425337540     
   108.86490562376049     
   102.89420541014860     
   100.54970466175267     
   100.72869322816702     
   100.08983157572924     
   95.380324087874271     
   89.845212510836035     
   88.637973024523760     
   85.677175731666438     
   82.929127209649295     
   83.251444187159066     
   81.309082690331152     
   79.484126671706946     
   77.800177803150603     
   75.211130037808744     
   74.552285515472363     
   72.269605810667215     
   71.116100972764443     
   69.058513399975794     
   68.304840895101648     
   67.093396258392218     
   65.454221355687622     
   64.622349199183830     
   64.871148896080228     
   62.878540303489125     
   60.561300850328024     
   58.964872852468865     
   57.135050549506410     
   55.292721659007704     
   53.503641116062148     
   54.461745293933774     
   53.444343543992495     
   52.125984653749200     
   49.618048067989903     
   48.854777205725071     
   48.373651929693288     
   47.095339892122489     
   44.900401874720963     
   43.478887248356862     
   42.135684518114815     
   40.030633505405646     
   38.076881210432568     
   35.167291461399273     
   1333.4740363261299     
   1124.0465134885751     
   944.39097965920337     
   812.54967195490576     
   710.89992898434957     
   649.38856166680148     
   608.94039002796205     
   569.14912082380647     
   520.68266701312223     
   493.50799661563019     
   469.94869751110468     
   439.36462414060736     
   435.69210584277795     
   423.60550081691633     
   424.56188017569866     
   418.78583693049092     
   397.38122973310533     
   373.01400396101917     
   392.76437993189666     
   367.82458053519861     
   352.29502570818153     
   328.53181039920150     
   320.59556512018321     
   300.62977670362551     
   306.85032665441491     
   285.08914276257502     
   285.79789145836116     
   277.97890623387747     
   263.99304618332980     
   254.38014697788634     
   248.73433658221933     
   236.05011480443278     
   235.00721327129028     
   217.25023405061066     
   217.12800372235040     
   215.56742860522149     
   210.22120438186712     
   189.86514638501217     
   193.75909047441249     
   183.12986655128216     
   174.31626234030810     
   166.48373460923375     
   169.14620922810448     
   163.14445857621519     
   160.09449005507932     
   140.07203209734240     
   145.96976687268369     
   142.67068152342796     
   137.66325186569210     
   134.97377177982821     
   134.50780172053305     
   125.74310421579204     
   123.09082072331901     
   119.96541491757120     
   116.05168066081043     
   111.94052814372252     
   112.72028813278435     
   106.84212882915905     
   101.47024129692470     
   98.844590786165924     
   99.739735804152843     
   100.62364690925833     
   94.172691948177544     
   90.014707342258731     
   89.410925731252121     
   86.068278571998604     
   84.579271314652786     
   83.122845675088655     
   79.837581284033860     
   78.302453640565403     
   76.667798665737593     
   74.606092909123092     
   73.458997348894030     
   72.629613957278153     
   71.096209087990786     
   70.712932899621549     
   69.026745379204499     
   67.205704651737122     
   65.190553400386719     
   63.921325539479447     
   63.495935551196311     
   62.651723766653653     
   59.561868348359738     
   57.978974963697034     
   56.074429565963726     
   55.865352235003421     
   54.391273311183866     
   54.298335815623503     
   53.291751588567067     
   51.558364469896546     
   49.421751610501737     
   49.212205793869785     
   48.299139993153645     
   46.266019502845069     
   45.032952195291500     
   42.911085298092019     
   41.864782760075137     
   39.652922083267967     
   37.197154534777503     
   34.536568794999660     
   1332.0766953921204     
   1136.0625978950204     
   975.38192291281439     
   839.18138738802895     
   742.42806389865336     
   668.02686513863773     
   632.83162404147424     
   560.71661297393644     
   521.54906719167423     
   480.57045570397167     
   488.69811198187824     
   463.42139280010088     
   439.20116630670566     
   419.60820469299955     
   420.72969731471676     
   415.88289713336360     
   387.67561582577110     
   378.26433443179690     
   390.09016754141737     
   355.87972274787262     
   343.59216085369860     
   325.79240550756231     
   316.40155753901985     
   307.18038690230793     
   298.29039204885578     
   284.53669324659165     
   293.84788848222820     
   275.83239577315703     
   259.75083715292817     
   252.45059602317045     
   236.18852385223036     
   228.44435808779897     
   233.12049414552314     
   209.72445731013065     
   219.81979685929980     
   220.03712281160375     
   212.33295654884446     
   202.15591048189799     
   201.38722892953757     
   178.33854752970365     
   177.98811097511455     
   165.70594496428237     
   171.01213383579062     
   164.86945816560331     
   152.33295805182107     
   137.52068833524518     
   140.00538847534077     
   145.43762518903819     
   136.31579603364148     
   137.34901896021032     
   137.97957476868950     
   127.79646805613748     
   122.60487642171772     
   118.28273773007652     
   114.90177016898278     
   109.84654663752383     
   113.91801909781285     
   108.29451712081450     
   101.36818793358347     
   99.964459784237221     
   98.776114517720544     
   99.946056180156432     
   93.914720422654653     
   92.064736078607552     
   88.030456227462039     
   88.075853469642510     
   84.520497641900562     
   81.961921719898314     
   78.421983670544122     
   77.354304423308733     
   77.591499216639875     
   74.515548508069344     
   72.836294179672279     
   71.888415053032901     
   70.154998100067786     
   69.958006337972677     
   68.078474066749791     
   67.289745037297394     
   65.004201779753970     
   62.633194520271388     
   62.147414841715950     
   61.572855808766228     
   59.239367557077237     
   58.139532908545235     
   56.042069374573650     
   56.142215021296188     
   54.994742291241245     
   53.956323788900249     
   53.493319616300226     
   51.241453876394409     
   49.670702483011297     
   49.369667462765214     
   48.199231553641056     
   45.739148832902707     
   45.118809530107185     
   42.799719930118201     
   41.282318702411395     
   38.915208035530931     
   36.550758055323854     
   33.700362488374665     
   1346.0233622724622     
   1149.0811933055347     
   990.02518974199063     
   851.31480201207592     
   748.18659573409150     
   672.17476554155348     
   624.47569259107308     
   573.53483643081927     
   532.06065372787850     
   484.46457287908646     
   503.11099868782020     
   480.22163200600983     
   454.46377717889288     
   425.49459128735191     
   407.50591653379581     
   398.60408982934564     
   365.97381278285320     
   401.16988974783976     
   386.24429504070963     
   350.06747117219106     
   348.90721337457967     
   334.87059060038456     
   320.64176334041196     
   299.23993079907598     
   293.69878553788408     
   281.33328657364530     
   289.24925569829145     
   284.52642585876339     
   263.53386945543377     
   250.81388106720215     
   237.37110165050061     
   215.35732914948204     
   216.66596731456232     
   209.57489864344652     
   211.40263284272672     
   214.11919979918360     
   214.59670912812828     
   204.97182541926850     
   206.49092729952756     
   184.37605345567141     
   174.50916242375703     
   169.42781891315525     
   172.11017355129167     
   165.33979810828697     
   152.00305765854517     
   141.06283945049404     
   139.79483076820338     
   141.93575240168570     
   136.59911494658189     
   136.34924732364405     
   138.71106045502768     
   122.81047941217355     
   121.75260831125954     
   119.69687377149361     
   113.83214680285812     
   115.21445526082532     
   108.97998581297631     
   107.22314480839015     
   104.36289072845240     
   102.50838994077486     
   100.44170924839254     
   97.635762811551672     
   95.560808794430756     
   91.694135207821802     
   89.404233697564379     
   87.336837696350656     
   85.252672712033927     
   82.473559512266277     
   80.410991938699681     
   77.708190878787320     
   78.344222844075020     
   73.045800716764205     
   73.460742944610985     
   73.044620385870161     
   70.414513874398921     
   68.901635872020407     
   67.246450109783524     
   66.812961408411311     
   65.991218303175415     
   63.184233406250058     
   63.124146749067123     
   60.882455782702259     
   59.894362249724722     
   58.191204222948315     
   56.229949653740171     
   54.464541658839458     
   54.226942697764336     
   54.190654539993723     
   52.763841617643735     
   50.673178658936777     
   49.269483222803821     
   49.149398562520545     
   47.474077871740548     
   45.765647473338682     
   44.705506508726579     
   41.821989133162226     
   40.822413526361800     
   38.351643314008598     
   36.424402906258351     
   33.395876696913419     
   1334.0838080763710     
   1163.2002041871845     
   1019.3445615710361     
   865.22707375483560     
   766.21208226789588     
   679.46215151335991     
   636.81898908512369     
   567.29822168966837     
   557.16412084109027     
   514.49557015958203     
   499.37465083040945     
   499.56521883569377     
   485.53347048217137     
   436.81702442813349     
   396.73196215392784     
   390.94117729171921     
   360.19158173798644     
   397.91968085888419     
   382.73857525004451     
   354.94536284042806     
   348.82254361752985     
   338.43239128087521     
   310.25263546462577     
   288.61494672585371     
   284.57944946707886     
   272.04371586122164     
   287.83376331767573     
   272.95626622645449     
   268.64848324311134     
   247.21935127092340     
   246.13509717415531     
   216.58845262220143     
   215.36381000431538     
   216.21548275039669     
   224.12884631057707     
   209.51851799689712     
   212.96380938077755     
   205.43504674262186     
   203.13917299989441     
   191.72816536604194     
   172.07834073469084     
   167.98744726214437     
   164.73870203761157     
   169.39617561964783     
   159.62369453250756     
   144.90512240734350     
   145.33442572014050     
   142.45009093046400     
   139.03970965946809     
   136.59833854475568     
   137.75517931641326     
   120.86512720444016     
   122.01745785123562     
   119.22473868590346     
   114.08617217223093     
   115.75344256317446     
   110.08860601397825     
   108.76348699420176     
   102.41752915557458     
   100.38813404110741     
   101.10772186795968     
   98.682291624386309     
   95.998714875303122     
   92.099251817933819     
   90.173687752093400     
   87.051811920463933     
   85.251613938386200     
   82.866410851148800     
   79.886525794957123     
   77.818165474565689     
   76.231314017138160     
   73.868280242140514     
   73.476362897622550     
   72.297473447564755     
   72.265580022235071     
   69.414435076770474     
   67.675879946718410     
   67.432175631628724     
   64.923971974451348     
   63.454380731874565     
   62.853372541253847     
   61.068635582351945     
   59.356340976362738     
   57.932277894594094     
   56.672027435988852     
   55.474579549256632     
   53.686237196614258     
   53.968720089249558     
   52.220418882052059     
   50.662187217206707     
   49.293910702029166     
   48.692654714183803     
   47.117397455604333     
   45.339724425537668     
   44.437467055439171     
   41.710382642324618     
   40.209822704334037     
   38.249969016849178     
   36.831582992768723     
   33.864174929340805     
   1346.7512357089290     
   1168.4971621689679     
   1024.0298664854445     
   864.54225425667096     
   770.84113486314777     
   692.21078376269622     
   656.92932375180294     
   573.13808079787952     
   575.78113429235759     
   502.82358060116161     
   501.01487944516055     
   483.97687817658220     
   484.52720233420428     
   428.31893619018672     
   375.08269755231061     
   391.79622110598177     
   373.06964398493636     
   373.29941126623669     
   381.87817333901506     
   350.35201797955295     
   352.11967709027783     
   329.58348649050168     
   301.35659133354432     
   280.09317393892928     
   295.37484418515129     
   266.86591818607087     
   274.40911369503812     
   282.71337680649287     
   257.27532405583906     
   241.57353210071682     
   234.95551372872308     
   226.98028392868642     
   216.61883226969010     
   227.71651612867754     
   212.61873381817475     
   209.58732099966500     
   205.84058690580099     
   210.85856363677260     
   205.39124875848410     
   193.29955821859323     
   171.00275858252164     
   164.53564472437955     
   161.57562931173874     
   165.37301533646459     
   165.19389781872832     
   147.99435969271801     
   148.54038173728975     
   144.91944076081538     
   141.89503573606868     
   133.04689020961828     
   139.45917063468704     
   126.35403033445483     
   122.83828552896676     
   117.32433260218764     
   113.12609266700974     
   119.78382275721383     
   110.83490619390898     
   108.45099322468573     
   105.50434384833775     
   101.55832558713782     
   99.383191968353430     
   98.609458557570363     
   99.013165166273922     
   92.339903657950558     
   87.936544186939258     
   86.226712450988657     
   85.620298255983158     
   83.644703081007606     
   79.963825426093535     
   77.627840536455196     
   74.919666399849916     
   72.997917971961755     
   73.270780514043935     
   72.421406930145778     
   71.842652833272311     
   69.407395779045800     
   68.553385515432453     
   67.438142685261980     
   62.837963007987064     
   62.666543353354122     
   60.598155416768336     
   61.225517617856852     
   59.192667544843985     
   58.269904837268484     
   57.073303663351432     
   55.298588223666677     
   53.673761344462562     
   52.943691147929414     
   52.021695876112787     
   50.474039857053327     
   49.284899349737003     
   48.477181096213158     
   47.768265462529541     
   45.857532805231557     
   44.668000896066317     
   42.175025047571054     
   40.714268361657560     
   38.225203742816795     
   36.718196511544171     
   34.242732140137115     
   1333.0356658250921     
   1155.3479925643001     
   1036.5829845644582     
   877.77422257792250     
   770.16322486416948     
   733.08098242629933     
   659.45255088735701     
   610.88851443330941     
   556.94499315100074     
   521.28558646407282     
   493.83305692875325     
   470.70336948059798     
   485.44328349097447     
   441.05033207224966     
   387.85092898437273     
   407.25405824557470     
   373.26526601917431     
   361.46778157997744     
   371.79727146799058     
   361.70112965616477     
   353.77471817409469     
   330.28489267536884     
   282.77267518835595     
   277.63983514519487     
   285.68806460507324     
   266.05974395928160     
   245.44036171697243     
   269.87437531014473     
   248.57276506879265     
   253.30959476166487     
   231.68640666870269     
   227.57395018520953     
   208.30215031524807     
   222.04261630012812     
   201.66848350843736     
   202.70297211556741     
   206.19366442352202     
   212.33901122399084     
   205.53293028117810     
   193.32314726327675     
   164.55228165903316     
   147.83859820204992     
   164.00708232871145     
   166.35634135852223     
   166.62248509623220     
   152.20962781040578     
   144.37988923958943     
   143.40205395523716     
   138.04357149942831     
   132.49794769871301     
   142.70775228690266     
   126.43162861499064     
   124.58842962863514     
   113.32913917103309     
   113.53663038594642     
   120.25416618715622     
   111.53878231045887     
   111.25352073484613     
   107.31550338457842     
   103.75760723422198     
   99.324665879277006     
   97.690012471541237     
   97.719591546604462     
   93.024008270238113     
   88.252224693281391     
   84.444101299328821     
   85.211044722153417     
   83.783359116025466     
   79.117452184726460     
   77.540035102576866     
   76.072405192841217     
   74.369582865708622     
   72.655118786409517     
   72.545848533407721     
   72.243794483679565     
   69.333664119740121     
   67.023739223525155     
   65.634029035523568     
   63.304145665558508     
   64.708803499329107     
   61.216278210781013     
   61.222836923999452     
   60.124966236986786     
   57.463117829270679     
   56.341693449922317     
   55.120182098426575     
   54.346276617636320     
   53.285440057199878     
   51.031888873457802     
   50.973869488551742     
   49.462934793499258     
   48.282726175853774     
   47.420116680306073     
   45.569395785486655     
   44.168505309750223     
   42.009389490931042     
   41.099418345274550     
   38.959728177778402     
   36.131179451591265     
   34.450657490276903     
   1346.1095381608927     
   1151.7777089992676     
   1037.0949787085926     
   902.05772533646109     
   754.62301086008699     
   721.82240553951715     
   679.23810049092572     
   617.71004649069619     
   559.10423069451531     
   526.65584609658629     
   477.47129790351482     
   470.11889022539441     
   489.57397383360171     
   456.37564485046488     
   418.82211035074283     
   420.61093257083621     
   374.61204591007299     
   345.28816002965596     
   353.90898888576237     
   361.24629780191242     
   346.49475641350989     
   302.59462024496645     
   283.62779403573222     
   283.91431244136004     
   278.28677561620054     
   256.50927955343309     
   227.58347503415033     
   260.12820308415576     
   239.25581914143126     
   243.82059457396818     
   231.60324911943718     
   230.73975666460598     
   219.42198948639378     
   209.89984111528361     
   195.69236634557387     
   202.96793960501387     
   212.41395404140223     
   205.93542173543776     
   198.07607809070308     
   193.34486263735087     
   160.17198984863415     
   146.35117912953589     
   164.19956200263874     
   171.36069622504408     
   171.35477871961277     
   147.93668082542771     
   140.38354446016507     
   142.88643901478892     
   137.49350673301791     
   137.07583308001509     
   141.65093100238565     
   129.96651075924996     
   126.74549952639964     
   112.82039058229385     
   114.91853761224573     
   119.75763845930389     
   112.77621567724174     
   111.86075287942363     
   106.61136852838260     
   103.19057555312168     
   100.09042884076273     
   99.629234591841666     
   96.464232559828048     
   93.941108841394595     
   89.095423083436387     
   84.092712383768514     
   84.612491716425041     
   83.499399242895592     
   77.902200940516508     
   77.779906818124203     
   76.513316272686524     
   75.028408741966615     
   72.126367331778710     
   72.271999873695179     
   72.154569520107600     
   70.077979293929303     
   66.646773979194762     
   64.707403840953418     
   61.703087899088061     
   63.826834352981898     
   62.195683531452104     
   60.376486608986454     
   59.110352762411523     
   57.779971090637261     
   56.192651235765922     
   54.877887431073873     
   53.940864783064328     
   51.989759092835712     
   51.245059794478330     
   50.428938143952145     
   50.333304222651591     
   48.439267001201550     
   46.652057569682391     
   45.606035525122081     
   44.179818510036817     
   42.085745472183660     
   40.397079323023618     
   38.992293625738469     
   36.480216836207362     
   33.471861682548550     
   1346.2606029456069     
   1169.7384907652827     
   1051.1116134181982     
   906.77963916328827     
   731.77374995645766     
   725.67451088134908     
   653.12658083881706     
   613.09410449367124     
   554.86860943829652     
   506.19271576256625     
   451.14578098194772     
   449.81445784670325     
   482.68414877065391     
   432.34060063234040     
   408.27947201732962     
   413.79131802602456     
   411.33197240959578     
   321.49054628440035     
   329.55513783579255     
   360.59406377513335     
   342.55209778742801     
   309.74501966561661     
   280.25137136900992     
   282.65221007836556     
   268.36529477290259     
   228.59267090706635     
   219.13409023294059     
   243.73575109657628     
   261.94514317212861     
   254.45629871021896     
   245.08428749463627     
   238.73581456974048     
   238.65031826499370     
   203.03196587635648     
   202.45067960252521     
   203.78013257201789     
   220.07154674021677     
   217.22179941094950     
   190.04104870063949     
   186.01446111836466     
   158.09832892528846     
   156.22682198918483     
   165.65169423652785     
   167.62532420305408     
   169.49960039695270     
   148.68103043748994     
   145.86872994261378     
   140.67570455650460     
   135.34194318308539     
   141.40070701850152     
   138.73076268807705     
   129.79581925135909     
   129.57892196568341     
   110.28407665119238     
   120.02556686800693     
   117.62746965687917     
   107.81569383656952     
   108.39043834812543     
   104.81302508945011     
   101.22136180331489     
   97.187552128035364     
   99.470235440601925     
   97.219154538718442     
   94.312167733595373     
   88.947163318592374     
   86.717328204869474     
   83.174106941436690     
   83.210053657105817     
   76.937748751921902     
   77.060424801926729     
   76.897854158478168     
   75.456725975847490     
   72.311745599778703     
   71.993601770793347     
   71.235251209218774     
   69.435310930008100     
   67.009700544267645     
   63.634942157181378     
   62.642497249925434     
   63.548415416492858     
   61.374113500591534     
   59.752171489157995     
   58.900620250725161     
   56.871775644174228     
   55.534476396105774     
   55.765523721817374     
   53.360707908341361     
   52.436957543702363     
   51.024931655035978     
   50.042521067048696     
   50.849000922565658     
   48.629347782581334     
   46.438581416059982     
   45.504339869128103     
   43.968602191596389     
   41.883433342584290     
   40.152101304591660     
   39.268559076573247     
   36.680716393410627     
   34.006627136452650     
