           1
        3200
           1
   875.97598462465874     
   830.43008645528903     
   797.40097706227698     
   772.56801498036612     
   751.93430895972745     
   733.90317486416598     
   714.65406176606882     
   696.74943250228409     
   680.73417722161946     
   666.87796969894521     
   651.92881329845397     
   636.74528072264400     
   621.73034777765747     
   609.04950840966012     
   595.93173923119218     
   583.61958513303205     
   570.50984371166828     
   559.40851980560092     
   546.04326261312212     
   532.09111309436059     
   520.03689865146987     
   508.12336125685351     
   496.17488572751836     
   484.13995449265553     
   471.73311417780855     
   458.85076995316740     
   448.88109526561391     
   439.17273638423359     
   429.39938779994520     
   419.90406496558160     
   409.85459300542277     
   400.54145785098103     
   391.85279889977909     
   383.18131284241070     
   373.86595835485366     
   365.20288905199106     
   356.88844341182607     
   348.60937727884834     
   340.14505430395275     
   332.52670175964056     
   325.00066316172314     
   317.56088020788593     
   310.58529412318205     
   303.61303944793679     
   296.64399829928055     
   290.18077881660736     
   283.38426150789473     
   277.25211739393990     
   270.83792960481765     
   265.03602244457795     
   259.60261171180611     
   254.24826458593668     
   249.04086167084569     
   243.45644096962189     
   238.27163877650196     
   233.35167224814103     
   228.64785814542375     
   223.88440846537162     
   219.16931182467289     
   214.56946979587940     
   210.36954685424848     
   206.30091983529456     
   202.18485418723918     
   198.03719841251046     
   194.44615058715809     
   190.84743287191776     
   187.27464063272396     
   183.54567180684728     
   179.96723771809087     
   176.38111291790153     
   173.01859166263844     
   169.80222775978569     
   166.80434938688785     
   163.83540845359104     
   160.98146713830698     
   157.95660303134059     
   155.20823763672792     
   152.44245224028592     
   149.69856435267675     
   147.35093980256516     
   144.76124822548684     
   142.43959159091756     
   140.20591070843275     
   137.96696218592933     
   135.47051888158325     
   133.71925503992631     
   131.35099241836468     
   129.38508923977759     
   127.35351497711886     
   125.72388819474222     
   123.66033340054464     
   121.97815213610826     
   119.88730322290408     
   118.19927767089473     
   116.35184241012055     
   114.12278957569121     
   111.91950316159722     
   109.37696606457979     
   107.19837499458285     
   104.58713631793388     
   896.11726124234337     
   872.52987153436561     
   838.50202436804852     
   807.22917660625251     
   778.40016831862761     
   755.70529236582718     
   735.52532003111378     
   716.12131113926102     
   699.16343923992849     
   681.05164718460492     
   664.92195445626101     
   650.27346540266853     
   636.08539089090118     
   621.21816003508866     
   607.27824397448273     
   591.43725953608896     
   576.43723295033362     
   562.27565997298416     
   549.59260318819156     
   537.15867436106055     
   524.15376554556121     
   512.30707076605597     
   499.24450517402227     
   488.34052493782639     
   477.67799201368473     
   468.22885310378865     
   457.06503830187768     
   446.48824416968841     
   436.05180487493891     
   425.05236699181830     
   415.25946070316695     
   404.96757992997425     
   393.68547597753422     
   384.15761799103382     
   375.44751543864328     
   366.75311185897971     
   357.73332662194372     
   349.73571417890724     
   342.51377547472794     
   334.54547768413613     
   326.81081690886464     
   319.48023703791858     
   312.51318159720961     
   305.68281972873370     
   298.67557256142800     
   291.93298459436340     
   285.87594988832461     
   279.54227281617290     
   273.76008822908153     
   268.10665078959784     
   262.28308664360492     
   256.47588025785535     
   251.14172018901124     
   245.80681231897813     
   240.75652232240208     
   235.60045680072045     
   230.89098331105356     
   226.13505049472118     
   221.70353125486506     
   217.19568283207832     
   212.91701430829988     
   208.76149305508324     
   204.78380028460791     
   200.58432258614846     
   196.53089766285561     
   192.91423548787606     
   189.24363514756186     
   185.75406854963359     
   182.18303008380082     
   179.08972186153889     
   175.81102524102957     
   172.15417689505654     
   169.32333891849672     
   165.98007590507228     
   162.88029149497459     
   160.09888828948789     
   157.16654887494605     
   154.41965878380626     
   151.66977735815087     
   149.17488247586567     
   146.71135668644081     
   144.06811772150240     
   141.73048910465036     
   139.60098626104389     
   137.17193547230812     
   135.17812491398098     
   133.14830929702711     
   131.19645439173382     
   128.90345671440099     
   127.04899631465091     
   125.42302315095054     
   123.45848950271676     
   121.51292559710485     
   119.75451548513732     
   117.98922974472201     
   115.82124041483613     
   113.20001634860904     
   110.89327620218491     
   108.47402258863085     
   105.92267588702029     
   895.76183878539223     
   875.17322100714273     
   853.42551342050342     
   828.37026050512031     
   804.27198884817358     
   779.31071787563064     
   756.86626120818869     
   736.46848365300525     
   716.67194611763023     
   698.78865368426864     
   681.66120508542554     
   663.77650954208912     
   647.61122106071957     
   630.91346111847656     
   614.74865111937095     
   601.61058042561194     
   588.04832598499820     
   573.68989719372792     
   560.41611455152770     
   547.91576419934950     
   536.44510121692849     
   523.22947482949837     
   511.61105207143282     
   498.90827825429812     
   485.73894292855084     
   472.60611013029643     
   460.15499845913052     
   448.73174805594152     
   438.40931913026282     
   428.19668278803255     
   417.81816574346612     
   408.12980382404703     
   399.78488925744426     
   390.20493637668579     
   380.71874818909964     
   371.75661989235721     
   363.40857228878912     
   354.95884287404760     
   346.23925585713101     
   338.57554307932384     
   330.67212471766106     
   322.74555015273182     
   315.19866732776342     
   307.69247173798760     
   300.95980296310421     
   294.40776036845182     
   287.61822372200106     
   281.46678056036842     
   275.17716931084937     
   269.67590428008572     
   263.91373063725575     
   258.55829159918898     
   253.02416819673732     
   247.83548001713896     
   242.76808642751541     
   237.73998248255953     
   232.78461664499301     
   227.82455793458948     
   223.32026508340408     
   218.91532718641969     
   214.50874355809765     
   210.15523993492235     
   206.07577058780782     
   202.07272705866757     
   198.17161034543741     
   194.35030426412078     
   190.59418375884377     
   187.07677508852507     
   183.50423875187064     
   180.12666220762034     
   176.62522116687759     
   173.30593612725698     
   170.10249452896460     
   166.95062717511860     
   163.73402747171764     
   160.86420267828910     
   158.03115562058468     
   155.10808480472224     
   152.57827136096788     
   149.92689110255577     
   147.33116900375501     
   144.74186294984511     
   142.22710406720529     
   140.23460308739510     
   138.02965666299764     
   135.83759564934275     
   133.90817796998058     
   131.85665520350506     
   129.70146769574040     
   127.81551859673718     
   125.96369872113590     
   124.12565343963490     
   122.38431511181027     
   120.47736427188957     
   118.66734101214900     
   116.45424663214787     
   114.09032507423883     
   111.71606326714611     
   109.14670491090673     
   106.77083272620894     
   902.67649774015536     
   878.09119441128053     
   860.28979618992355     
   841.53145824150715     
   816.94448377907190     
   792.10514143401520     
   769.96499125658465     
   747.88871421384715     
   728.87965255714278     
   709.24010617354008     
   691.19364533335170     
   674.13487329514862     
   658.42963047670401     
   642.66362865703275     
   629.55566337054006     
   614.44555378625023     
   598.57496619556559     
   584.90181985284505     
   569.39866937488569     
   554.27229512651718     
   538.77736940502700     
   524.39471482593513     
   511.19509074500422     
   498.41465692456211     
   486.98272097357096     
   475.35287391132874     
   464.81237664850119     
   453.22833467909356     
   442.07818203541450     
   431.23865636577398     
   421.56330649162760     
   411.62621084803266     
   400.85696063534556     
   391.30310388088799     
   382.49431631646632     
   373.35737151943567     
   364.90861699298750     
   356.77463335301223     
   348.54630938844457     
   340.54570877452039     
   333.14690715838447     
   326.03575221096776     
   318.71090681667204     
   311.74559896884364     
   304.79402802224695     
   297.91547890313285     
   291.78882174511278     
   285.53651694314703     
   279.33229619930614     
   273.26098692108269     
   267.16054232222041     
   261.14199902277852     
   255.22972080531630     
   249.64762197117528     
   244.02531328320970     
   238.96740981232858     
   234.30792029710210     
   229.31194169807304     
   224.55833031064495     
   220.04636011509635     
   215.57821483249114     
   211.30978054263062     
   207.07623014581651     
   203.07670224455154     
   198.93160112662261     
   194.88834868032035     
   191.01270392107719     
   187.41939778018246     
   183.73728450161587     
   180.12521956325423     
   176.95425794382680     
   173.62085484710261     
   170.27191506508689     
   167.25275779163559     
   164.20351607962050     
   161.40949046401192     
   158.55020447623994     
   155.66526431872703     
   152.86619325136502     
   150.49562491638443     
   147.99352503194402     
   145.61872933861690     
   143.16400644519564     
   140.80001240496546     
   138.61253359052895     
   136.33099704769890     
   134.38434429821689     
   132.25624025264764     
   130.37774060617375     
   128.25119675433965     
   126.58601496204346     
   124.66063759078418     
   122.81468044913855     
   121.14289077705624     
   119.26330092949685     
   116.99845528633051     
   114.65582228817021     
   112.39712180513676     
   109.57681403685811     
   107.06859828603444     
   905.50437210106611     
   886.72059056240801     
   862.85259310391507     
   839.21085623978433     
   820.62223234218072     
   800.97754740612572     
   779.09461978771549     
   757.90542095040541     
   737.18225261598354     
   719.00227802457573     
   700.32959447423184     
   682.55276086376023     
   665.04062959408191     
   650.00754771277207     
   630.90504621842206     
   613.43061927539293     
   599.64791521463690     
   582.92405491583861     
   569.46965479004689     
   555.70005783535782     
   542.55617762020211     
   529.65314290028675     
   517.41360805696036     
   505.19877940047087     
   493.54687978682961     
   481.84060138742160     
   470.42015834970312     
   459.30438545863973     
   447.85772759979329     
   437.42829901869374     
   426.62860426639401     
   415.80829120724513     
   406.37184606013540     
   396.92087823141958     
   387.54126330921366     
   378.90633562525124     
   369.99476503592024     
   361.05868229763365     
   353.19702148981094     
   345.38035820206403     
   337.13496788713587     
   329.64350470521060     
   321.92465079941519     
   314.51921618597692     
   307.05017770951338     
   300.37288897703706     
   293.36091355403471     
   286.42157511698178     
   279.75192423574856     
   273.52842719708161     
   268.02183583297409     
   262.42134495779874     
   257.29150347033158     
   251.68094477362359     
   246.28795930833576     
   241.18901687124759     
   236.08017456709524     
   231.19848518653703     
   226.27688459131002     
   221.55986137717869     
   217.13662618810122     
   212.61577161195737     
   208.29626684571275     
   204.06716695229906     
   200.14180667633971     
   196.15829486068691     
   192.33155719402305     
   188.79353151096996     
   185.24099150092988     
   181.66655148438394     
   178.31452875786096     
   175.11999427452946     
   171.67691519752788     
   168.46764478012318     
   165.44995744783523     
   162.62702009587008     
   159.59841258840981     
   156.95414763644953     
   154.19267062282660     
   151.45697374670712     
   148.68706102805521     
   146.60267118489472     
   144.22422316785128     
   141.59779160605666     
   139.44520393435630     
   137.43733512030440     
   135.07859376073424     
   133.32454956532885     
   131.32614235136410     
   129.28521312184350     
   127.46509168499770     
   125.65883958744426     
   123.76831506899416     
   122.01113589915261     
   120.16231385287226     
   118.08042229670565     
   115.71011230602613     
   113.20738008779909     
   110.40310023421330     
   107.85270588746951     
   911.73769665825421     
   888.54850465613549     
   866.88084409661383     
   847.48174674925826     
   827.41849567422116     
   807.99985983419037     
   788.24072701097521     
   768.64644034216929     
   749.22763307631851     
   729.72574734599345     
   710.30277070486704     
   694.35411422304128     
   674.48945908425117     
   655.46199749802543     
   638.62928968234417     
   623.16024132097368     
   607.35389600256883     
   591.57346310525838     
   576.94503357527594     
   563.43504627640789     
   549.22451397177554     
   536.83849470773407     
   524.76955846684336     
   511.67779656407828     
   498.40678436587200     
   486.36236867152013     
   474.11569161045816     
   462.33688335686639     
   451.70170867003384     
   441.65421064248568     
   430.54731186219880     
   420.74751928063870     
   410.79435215879647     
   401.07719304198901     
   391.33733753976270     
   381.78507557423387     
   372.16826811110514     
   362.62005855890857     
   353.93913710381770     
   345.16965177933719     
   337.31068597771088     
   329.01457552555541     
   321.66011695008149     
   314.48963547608111     
   307.39498212602393     
   300.48486754251024     
   293.81150994376583     
   287.35418281516309     
   281.29904334792684     
   275.09936738650833     
   269.13576149081393     
   263.65052184156337     
   257.94201057328348     
   252.58550403435083     
   247.31183794864884     
   242.07089220134083     
   237.16665290437669     
   232.14729343304023     
   227.35286793012682     
   222.54982900424682     
   218.10490446650857     
   213.98965780785579     
   209.79186326754728     
   205.55003937561429     
   201.51555143579225     
   197.43808331897807     
   193.64574997203857     
   190.19371642714952     
   186.63583104270822     
   182.95415540508736     
   179.43318283082868     
   176.24032055839118     
   172.96731315819122     
   169.79128748147809     
   166.40609577269532     
   163.33867435302122     
   160.41113957799820     
   157.71911029100059     
   155.01322276220910     
   152.45413181683278     
   149.74855998973129     
   147.32952742601529     
   144.78188936212626     
   142.34661227462442     
   140.26809862264915     
   138.11972014351790     
   136.09362029219386     
   134.16900864782835     
   131.98232076347577     
   130.06299084965735     
   128.09315781550151     
   126.46078438895428     
   124.59885954266591     
   122.74992524688059     
   121.04962528232190     
   118.76691349899062     
   116.46685362387115     
   114.16048850878522     
   111.32186311845929     
   108.44117165759286     
   913.81362618880917     
   890.89412481981140     
   870.61408229710071     
   849.53131849138811     
   829.42654307136706     
   810.00855053312978     
   792.93335924135124     
   774.46336398638573     
   754.25487563390834     
   734.37484693773035     
   715.36059308641438     
   694.59405799749538     
   676.37718536522004     
   659.41672466293676     
   644.59164570580731     
   628.34819104802068     
   613.70757497606155     
   600.02137565746034     
   585.01516017043207     
   569.70574141657312     
   555.47665030087364     
   541.55797681428339     
   527.66835181068984     
   514.04038511771819     
   502.13917834670224     
   489.69650713842248     
   477.39691651644034     
   465.91066388042753     
   454.67347046072757     
   443.62920116068250     
   432.73773530804488     
   421.87541572144653     
   411.84262709822508     
   401.38180287782637     
   391.57340406674814     
   382.35125508739634     
   373.74204825828690     
   365.50566321923213     
   356.82791524283289     
   348.45360268616173     
   340.21067294057292     
   332.63437585993699     
   325.19516629665179     
   317.99826843927804     
   311.35062181942601     
   304.33879244379688     
   297.29781285033755     
   290.77524453343864     
   284.41863433508263     
   278.08122051846135     
   271.60289541025054     
   265.63651108443889     
   259.61120917820847     
   254.14596193220910     
   248.79399495106350     
   243.51408243290101     
   238.47562372672431     
   233.34795333210064     
   228.78727607570087     
   224.17888939239467     
   219.62686078788215     
   215.22579995276402     
   210.69005420666511     
   206.38508875378500     
   202.41901005574977     
   198.41980881413559     
   194.43040468215932     
   190.61939259397772     
   187.07558987431671     
   183.54662467034569     
   179.97140659454135     
   176.56230742296580     
   173.34725817706246     
   170.35068176757264     
   167.16868567124305     
   164.15266772789380     
   161.11021962638677     
   158.37553594726407     
   155.81132130133329     
   153.08867688516764     
   150.54021431624705     
   148.04982891555696     
   145.77843325188203     
   143.36531916942607     
   141.22295024148235     
   138.85090978478411     
   137.19681406495246     
   135.23848750596019     
   133.05955117530439     
   131.00846907597304     
   128.90069280545396     
   127.51714468960597     
   125.68956515731327     
   123.80373825435697     
   122.00913426386390     
   119.85364616406309     
   117.49796517589667     
   114.82375139445415     
   111.75590099089001     
   108.69359497842905     
   917.66666939655875     
   896.57224127174652     
   875.57097208757796     
   856.70328415557913     
   835.14543541357216     
   815.40067941918483     
   794.23026151226645     
   775.67580542560609     
   758.89692233219898     
   739.68276287924357     
   719.61606316606446     
   701.45089498261279     
   686.25919042250086     
   668.09937237487452     
   650.04204692183339     
   633.96099296808359     
   616.04407424504711     
   600.82703009778652     
   586.37020698537935     
   572.66773711314488     
   559.04906787436505     
   544.67007407306187     
   531.06557094583980     
   519.22722719144974     
   505.78940495622646     
   493.13283709488843     
   481.25120739349865     
   469.79152275389146     
   458.49545098472561     
   446.52390140113715     
   435.94047682251562     
   425.52759011051671     
   414.30288720001471     
   404.78169292063876     
   394.92186704701066     
   385.48406924099288     
   376.44114062742727     
   367.60926312890012     
   358.93417928104355     
   350.34854150625176     
   342.30167745677448     
   334.20319445949576     
   326.12250864598019     
   318.53812416420726     
   311.40494907714304     
   304.22292733128597     
   297.46217673859445     
   290.96175517784991     
   284.12690144882669     
   277.99860555460674     
   272.14996990055170     
   266.48296689999768     
   261.09762670255441     
   255.73658305661129     
   250.06244222086838     
   244.90548836277665     
   239.89919037255976     
   234.95993994153758     
   230.02300579354392     
   225.12536077172877     
   220.43206749032981     
   215.81640775107462     
   211.58717800286297     
   207.30455612660967     
   203.10464269276727     
   199.03107454870940     
   195.32023672267724     
   191.54798063600418     
   187.81986337611269     
   184.40383190755534     
   180.69718706349533     
   177.35081802178254     
   174.14799323652704     
   170.92550856891484     
   167.86055286977094     
   164.93924936926661     
   161.76260247008199     
   158.97354341509359     
   155.98143211838311     
   153.48735766568058     
   150.86805819820916     
   148.44894355943453     
   145.94252881845696     
   143.75523303509527     
   141.29418631682512     
   139.03681872036313     
   136.87788054645216     
   134.96682621720336     
   133.01354298882711     
   130.98214194784026     
   129.03429697698223     
   127.76498593369647     
   125.88934515502967     
   124.17934535630805     
   122.30036917796778     
   120.15202098223867     
   117.98010608004765     
   115.25500394620931     
   112.05286949153420     
   108.43507815979135     
   921.53127542995776     
   902.18433731171092     
   878.15712852774982     
   855.20162837350199     
   838.84664827482675     
   821.77546148575630     
   803.67245851118378     
   781.10876935526494     
   758.40489259112906     
   742.02769733732225     
   726.62237208341435     
   707.28229864411708     
   687.80790258606521     
   669.25787467783857     
   652.81032129329617     
   636.27545052096639     
   620.42656378047388     
   604.51615801132107     
   589.47669256528184     
   574.28677512348236     
   559.69422527380800     
   546.96513900405319     
   533.13035928483521     
   519.69813937790059     
   506.27288408190475     
   493.98314991851646     
   481.43778290983448     
   469.33574562880233     
   457.66252144429603     
   447.09316016356172     
   436.16702769284109     
   425.27167757334587     
   415.73698278486256     
   405.92171579376446     
   395.78192121902873     
   385.96036902217963     
   376.38910723220778     
   367.32343735265931     
   358.57881297053723     
   350.71893862625194     
   342.42798663946439     
   334.83590031477667     
   327.58539429570385     
   320.27678564634158     
   313.23947653379128     
   306.28408535570844     
   299.37944534456659     
   292.53609723078773     
   285.94379511656172     
   279.49785403575140     
   273.62872497017213     
   267.78808911609701     
   262.21369573143494     
   256.56236592000727     
   251.15096020784617     
   245.64488493519906     
   240.26822641820542     
   235.13023978384939     
   230.44211377755340     
   225.45546254556317     
   221.00263277719102     
   216.85307597898014     
   212.51931784576189     
   208.15485607140457     
   204.20997903226998     
   200.17496304374541     
   196.17265876656580     
   192.42795760095146     
   188.55184345294572     
   184.94895357871656     
   181.45124697948171     
   178.09127596508887     
   174.84808610421345     
   171.49896672727348     
   168.32712819183666     
   165.34556342083062     
   162.41864863911118     
   159.61450762879122     
   156.55887953209793     
   153.99246721607307     
   151.28168783052604     
   148.92512290449645     
   146.65979621778925     
   144.23049905072190     
   142.12578796740587     
   139.84554875747779     
   137.60780053491860     
   135.74684641764173     
   133.80491960642831     
   131.85538919372161     
   130.11005947100949     
   128.48457125648187     
   126.79167454193345     
   125.24272270744154     
   123.16807852416622     
   121.16941781399919     
   119.13548956679882     
   116.54809876879432     
   112.74792859788496     
   108.43383226901615     
   926.28038307074007     
   899.65443297533182     
   883.90505194702121     
   867.39273648112328     
   844.18447948349262     
   819.65013615970599     
   797.04828603523094     
   781.08657085315099     
   765.30167690132510     
   745.29012297173938     
   724.95988670547035     
   709.05145445382516     
   690.95606825253901     
   674.56280493883321     
   657.48915957678423     
   640.93869202789062     
   625.15762319929240     
   609.17874272985853     
   593.93475328433988     
   579.97914868923829     
   565.42459823932097     
   549.66503998731923     
   535.79747496879975     
   522.28835134631140     
   510.02922195098915     
   497.83482938230020     
   486.29974471800989     
   474.90909601767692     
   462.71431864786416     
   450.08991545900665     
   439.47822567878586     
   428.97248633683006     
   418.44613222294072     
   408.42048901754839     
   398.87666416462008     
   390.28287814383344     
   381.64485493742018     
   372.41906180507726     
   363.51546586326282     
   354.52969188239234     
   346.10095165363236     
   337.94683691114705     
   330.25191420226599     
   322.93710653481594     
   315.52660302928979     
   308.41375876201272     
   301.56364505890417     
   294.77747141087508     
   288.13185075156514     
   281.75448756942325     
   275.35959595429961     
   269.31749175569502     
   263.40574551493091     
   257.79667967877555     
   252.40945505448451     
   247.45185303997735     
   242.40325519278340     
   237.43042372135022     
   232.43111369251591     
   227.74948981089432     
   223.03857903975313     
   218.12544916769150     
   213.81277932346546     
   209.53020285907655     
   205.03175001339588     
   200.90730898591909     
   197.21136870965671     
   193.39517919647025     
   189.67303999924107     
   186.02835601083507     
   182.61367874813718     
   179.11479918842994     
   175.61908530758524     
   172.53518144469504     
   169.39401182332784     
   166.29686832673380     
   163.31306578913041     
   160.27694522222504     
   157.50797824851514     
   154.73925595946801     
   152.13478627995124     
   149.54157711542177     
   147.04201055866062     
   144.66416512545419     
   142.50016018764151     
   140.24508540098407     
   138.32539404560768     
   136.38597824619205     
   134.37129911268781     
   132.49413560473303     
   130.62803399534079     
   128.99576393647874     
   127.24260484336534     
   125.48483845921527     
   123.96146060835865     
   121.84793260971512     
   119.83260238997971     
   117.26937774850389     
   113.11252967828469     
   108.47898038232569     
   930.61330678182480     
   912.25536909660457     
   888.20456545550724     
   862.68634296313780     
   842.26699730960274     
   821.83116605941746     
   804.41394196663487     
   785.22559256534248     
   764.69048191120635     
   745.25153302533931     
   728.39235783523679     
   710.57224278090780     
   694.01380979531245     
   679.22601829385758     
   663.05473287258644     
   644.78919911886862     
   629.94676534417442     
   614.82193013771075     
   598.77709971361026     
   583.16060368376975     
   568.77567503318357     
   555.12709126593052     
   542.06244170341802     
   528.44442540519344     
   514.94213786602813     
   501.84454931552466     
   489.17407508006545     
   475.81217733470208     
   464.29197572012527     
   453.92188339181433     
   443.11208424443583     
   432.41421149081111     
   421.80080820542622     
   411.81056930207097     
   401.98956870828482     
   392.19855142797689     
   382.71340509442024     
   373.74720789314625     
   364.77903641496675     
   356.26256349355697     
   347.92939959770450     
   339.76000201384721     
   331.60090742931226     
   323.65084233889377     
   316.36233444798654     
   309.26566983200149     
   302.35706493775268     
   295.68766758092283     
   289.65117883698645     
   283.23476565075555     
   277.17101101747778     
   270.83840972445603     
   264.54239049824798     
   258.99459353702798     
   253.09008463219823     
   247.48759435395422     
   242.24245204350177     
   237.27299671776856     
   232.30343722716341     
   227.54473951346188     
   222.86649842226493     
   218.50842242238133     
   214.21816459038155     
   209.88914457142886     
   205.86836522509896     
   201.90553535112889     
   197.68047221566212     
   193.90697551898865     
   190.34786958826299     
   186.50614918385165     
   182.83506347565753     
   179.42293966037431     
   176.26144778650652     
   173.00836232210909     
   169.80918841883556     
   166.54264270834793     
   163.62882903398793     
   160.64559739765372     
   157.80316517263958     
   155.09436031676051     
   152.58338360970743     
   150.13982888055477     
   147.52050030981547     
   145.16745231853798     
   142.72432241239662     
   140.43681800541142     
   138.52020280449335     
   136.61893176860593     
   134.65084196050725     
   133.01942689951960     
   131.19630356001034     
   129.74779473732514     
   127.87509863913127     
   126.54220936922405     
   124.87868828434773     
   122.90681324595968     
   120.70266121535823     
   118.26169343132588     
   113.41409755632942     
   107.76996806780568     
   932.88269607384120     
   909.79186575266226     
   887.04157715703366     
   868.03445570616509     
   847.77473161304749     
   829.31262241149591     
   808.44144481739181     
   786.47734122670215     
   769.05552996773883     
   751.94248454844899     
   733.80839816830826     
   716.26144786790087     
   700.17338815926382     
   681.80443498873592     
   665.42308339760609     
   650.00959629127874     
   632.33562261498901     
   615.51757095827099     
   599.43957187853459     
   585.78003303909372     
   571.28727595001749     
   557.03529366910777     
   543.72788259483286     
   531.23823185331935     
   518.37304955280922     
   506.75556910515752     
   494.50473012818168     
   483.36036275317110     
   472.33362557731152     
   460.67750780363656     
   449.30596924111472     
   438.14990509362281     
   426.76046878272990     
   415.55413542725466     
   405.49024352567142     
   395.71593637561091     
   385.73040110074987     
   376.27011145218063     
   367.40143669726308     
   358.62560317011707     
   350.33261353756768     
   341.75105057594436     
   333.75636002049617     
   325.99919027863507     
   318.23529223750131     
   310.51197921306709     
   303.16721365162584     
   296.06616259327967     
   289.10535986234515     
   282.77918219951891     
   276.52360827718888     
   270.74885071537290     
   265.14586204252930     
   259.27490763130709     
   253.71183772596061     
   248.34478262162006     
   243.01766169059695     
   237.89917088018183     
   232.90024622435629     
   228.05855802696431     
   223.57065145203137     
   218.78660530577520     
   214.40506984490435     
   210.37783128851225     
   206.12913688010542     
   201.89590925376217     
   198.05750192948139     
   194.20038983553547     
   190.41093440722278     
   186.92686870418203     
   183.31649045957835     
   180.02093684836393     
   176.73970520133278     
   173.56640042049196     
   170.18847642692958     
   167.34152776664970     
   164.28833020394916     
   161.35463554098061     
   158.67288202930567     
   155.60408997902027     
   153.13901021737360     
   150.73280878273272     
   148.27626905932576     
   145.97817201499282     
   143.57568393733584     
   141.30778795268358     
   139.55279280925765     
   137.36360764665110     
   135.48643875912626     
   133.50167349946207     
   131.66682432576297     
   130.27180309371840     
   128.47711532383431     
   127.21643547296632     
   125.60109278584686     
   123.68703133568913     
   121.60011050278996     
   119.37121368557962     
   113.98230950860503     
   107.45181099940595     
   937.19967238569166     
   914.65174028080833     
   892.82195999651401     
   870.47365290441371     
   848.67284909610760     
   827.89715613141914     
   806.40388478412854     
   788.16660134165545     
   767.74892605406478     
   749.70839536889889     
   732.98735997820199     
   714.79674896394499     
   697.20526445259679     
   680.06694917065238     
   661.98817635574665     
   647.70185246212907     
   632.97403341552445     
   618.19355128764562     
   603.97738384153820     
   588.71306177561314     
   574.51768282461728     
   561.02714754246563     
   546.99751481724502     
   532.77870901400809     
   520.44219010102233     
   507.43217823772090     
   494.65197170505985     
   482.39772127650366     
   469.69610941308690     
   458.32236263607052     
   446.38476502566493     
   435.69549453735186     
   425.97154669410162     
   416.29117822959847     
   406.50790748727240     
   395.84199608865356     
   386.03391828797373     
   376.49767178454931     
   367.93026528562427     
   359.27883254173548     
   350.46652110643265     
   342.74570068257555     
   334.87221242656489     
   326.92252033124487     
   319.31758580627741     
   312.32219692947422     
   305.68939083984981     
   299.18899219972809     
   292.48748877117163     
   285.88526014881586     
   279.67166206439617     
   273.36963555046924     
   267.34718446161162     
   261.83295438859648     
   256.35724722246778     
   251.07930121742891     
   245.90122230227092     
   240.84129652677649     
   235.92740289705455     
   231.26513173120114     
   226.38167778449966     
   221.82159832100021     
   217.50008433730318     
   212.99102327092862     
   208.82749565476570     
   204.84188038119169     
   200.79574191589631     
   196.73502310219808     
   192.83121841438509     
   189.03268465790501     
   185.65400158459374     
   181.98415915312097     
   178.61937070436289     
   175.34890281181444     
   172.13592319446931     
   168.95309432239537     
   165.79333564197134     
   162.94284403319514     
   159.92349994984559     
   156.90958873259095     
   154.36879863113438     
   151.80199508765304     
   149.42844642321307     
   147.06150474704665     
   144.67988385253565     
   142.54349277816752     
   140.40555465447690     
   138.48988548942108     
   136.49451977464096     
   134.36073400908060     
   132.61901522952374     
   131.22030441551686     
   129.81662790798788     
   128.42127847395903     
   126.79308379991517     
   125.03498644451082     
   123.09028117625036     
   120.48852311581082     
   114.22212014397519     
   107.01720660999570     
   940.72595989249908     
   916.69908867396862     
   892.59595904655612     
   869.33438456198678     
   846.56074887582486     
   826.55460933089478     
   807.09744295318842     
   788.00741725957914     
   771.18242720296234     
   751.13847385358986     
   731.52550399393840     
   714.45978668214161     
   697.67245067193346     
   682.85792893817495     
   667.97226796668861     
   652.30582365887835     
   636.88207495927736     
   622.97894447656086     
   608.40885503825143     
   594.08452603135231     
   579.80148182059816     
   565.38060646305837     
   550.62189974464854     
   536.42822819419598     
   522.04175378693856     
   508.66304212360700     
   496.41732152430041     
   483.62423466789755     
   471.57515069039505     
   460.42271710228465     
   449.47439088344674     
   438.41318770897772     
   427.74359495052903     
   417.42840783235101     
   407.28237566012842     
   397.84799719898353     
   388.70393374371662     
   379.75827773915142     
   370.04224592415841     
   361.40840856245643     
   353.39873174542333     
   344.85605604707058     
   337.28061099608669     
   329.52313325376787     
   322.12731553988192     
   314.95667428772327     
   307.82624282831387     
   300.86244391195999     
   294.26142815335118     
   288.00618382575408     
   281.59287867247502     
   275.39061482536920     
   269.43324043899497     
   263.45630533185908     
   257.59513738750212     
   252.15400462022623     
   246.77864158416236     
   241.58639638837565     
   236.42971319829627     
   231.32897150814202     
   226.56423939376555     
   221.82351260604582     
   217.27137559825761     
   213.14816280941253     
   208.69111472932985     
   204.51908675426679     
   200.39254927566574     
   196.37656696084795     
   192.59562775011918     
   188.83289534764245     
   185.56949687897119     
   182.29164612309870     
   178.67315505954858     
   175.25379589697150     
   172.02197050357717     
   169.08373736602306     
   165.80539508723723     
   162.89954281603571     
   160.34359129803107     
   157.62415118098451     
   154.77814163760229     
   152.04913168500582     
   149.53137940431719     
   147.32106483905585     
   145.02448347416689     
   142.65572176493316     
   140.53059943653247     
   138.47569907521375     
   136.61492899631833     
   134.81198339187586     
   133.07005646609753     
   131.55721638935520     
   129.79868417444558     
   128.71339804673460     
   127.19295891585132     
   125.89089797481472     
   122.60091871652713     
   117.50795555501789     
   110.91245126666125     
   103.04890974071665     
   939.33854720802492     
   916.12092886896448     
   894.21126037608769     
   871.27806833843260     
   848.83425240009751     
   826.01950851249831     
   808.36645103389333     
   790.17729737010325     
   770.40399919993388     
   754.84545098793444     
   737.33882781176612     
   720.19411105061045     
   702.83897257342448     
   686.55476644437510     
   670.57111070852773     
   654.11834850304626     
   637.66705469569376     
   622.23169124887659     
   608.58303888491093     
   594.17539176734942     
   579.77854931914328     
   567.06248921389715     
   554.15316904533393     
   541.74199875507179     
   528.84378159446999     
   515.74536306468076     
   501.83320213907223     
   488.69724950005821     
   476.27451222560711     
   463.78557198180130     
   452.56444249336698     
   441.31965460400698     
   430.40096562975680     
   419.21964688064656     
   408.86552182585234     
   398.97117416601299     
   389.90937556781466     
   380.84869151614430     
   372.50587208628031     
   363.57863580053095     
   354.85931041927313     
   346.67248600629466     
   338.55810724634659     
   330.56849701069183     
   322.85688289364498     
   315.30185641610149     
   307.88416305283192     
   301.14817772218015     
   294.39720561889737     
   287.78195115141290     
   281.53170784302682     
   275.16801621322315     
   269.22059026169666     
   263.70351575891175     
   258.15024421604693     
   252.53066311737248     
   247.48725330361677     
   242.16638226185154     
   237.03871047645720     
   232.07443312448157     
   227.38084540299585     
   222.57350581293360     
   217.99072129330898     
   213.26509289296212     
   209.05148989459587     
   204.95248926245020     
   201.05425579446745     
   197.07885557859149     
   193.31282208214623     
   189.76002719413566     
   186.14218791882189     
   182.64793803031318     
   179.21571639174599     
   175.82640906661854     
   172.24703835786033     
   169.28196192972246     
   166.08666140922759     
   163.07354972874879     
   160.27670965238275     
   157.65268269523889     
   154.99989517660464     
   152.24400280758459     
   149.65219782180321     
   147.41089841875993     
   145.19714449287792     
   142.81037812745291     
   140.97735595189295     
   138.79899846716950     
   136.87102201745031     
   135.11251446248775     
   133.42417819637896     
   132.07922313350110     
   130.58014678429132     
   129.32721092081661     
   128.08290677207032     
   126.94183752546996     
   124.39103444299863     
   118.02609602400760     
   110.22283305770260     
   101.53650632850605     
   946.20479518687875     
   917.86212686548913     
   894.49982375286436     
   871.55937488591701     
   852.46484609924937     
   832.71636600308966     
   811.00414447459775     
   791.79611613463442     
   773.35201465416344     
   753.03988398740739     
   735.22469129304841     
   718.91541312946299     
   702.46862351710581     
   685.03077346599787     
   669.16769055782015     
   655.53806740508401     
   642.28605270251990     
   627.38110151877925     
   611.39186220750719     
   595.01910915687233     
   580.29471258114233     
   564.76799103209794     
   551.16626940334106     
   537.78541922223951     
   525.10546622663333     
   513.57188784343123     
   502.32005568982783     
   490.48124676544296     
   478.78574958571579     
   466.53685049321280     
   454.72759382759415     
   443.72699098146268     
   433.09701555702566     
   422.77444015049974     
   412.52751060694135     
   402.97939553846783     
   392.50284884360406     
   382.52972647738392     
   373.17564672819799     
   364.42171149576632     
   355.94378592436152     
   347.73911177816473     
   339.45383391020778     
   331.73147854088000     
   323.86804038016754     
   316.70411267752792     
   309.40169075366066     
   302.22817326090365     
   295.11414095983565     
   288.33721563578501     
   282.16675955983538     
   275.83545424478586     
   269.55741053763597     
   263.81942768256704     
   258.20742345267450     
   252.54997730064642     
   246.97685205334750     
   241.88950177084698     
   236.90824099469171     
   232.11271102362554     
   227.16374071209225     
   222.60262182049487     
   218.14624211765639     
   213.88463298044587     
   209.47545683355705     
   205.38169843962766     
   201.30256461012942     
   197.34162202353977     
   193.47407365329013     
   189.44968508179161     
   185.95151930289583     
   182.31632967032400     
   178.92741711555635     
   175.75306421663055     
   172.49783359299320     
   169.07457360983295     
   166.24818741691570     
   163.19540576733328     
   160.32358904882463     
   157.73069114190022     
   154.95179491920561     
   152.40148721859612     
   150.04478149300738     
   147.61527397807427     
   145.32178871378477     
   142.93612160828195     
   140.82234015870534     
   139.02180447154677     
   137.03244622238108     
   135.27309244897751     
   133.47080392748742     
   132.13576517274581     
   130.75743316520695     
   129.59471862294103     
   128.64945944158933     
   127.92735045162664     
   125.25675691088284     
   118.01581676891450     
   109.51099030786114     
   99.596656895829042     
   943.10503421085662     
   920.78958975368369     
   895.54059832557391     
   874.42292399953726     
   854.98115078553712     
   835.45496950435881     
   816.07014577590940     
   793.17118751909663     
   773.32396986274421     
   755.90243368818005     
   739.28786267717135     
   720.95321529508101     
   703.81351091298643     
   688.31851877180111     
   671.99998875257961     
   654.78546244750646     
   637.35304816538110     
   621.25168194532694     
   607.13429340365428     
   593.42404451706409     
   579.73771221549646     
   566.56564745532216     
   552.07922914276901     
   538.09053067258867     
   524.92690304677024     
   511.24251108997112     
   498.10108028497012     
   487.42617662573099     
   476.48645274026984     
   465.12376803581805     
   454.42662775151388     
   443.80054050617645     
   433.70642592393972     
   423.05041258188595     
   412.72676223039537     
   402.31369504422406     
   393.17396140938808     
   384.00110976943517     
   374.93161339841765     
   365.94523116314133     
   356.73970757718030     
   347.75738666438735     
   339.33759445739412     
   331.65875665025987     
   324.19376028057729     
   316.62925405583348     
   309.07619119083347     
   301.49135165253074     
   294.87324720726627     
   288.38052081585886     
   282.03597483260904     
   275.60924354789921     
   269.58421350941836     
   263.74579536928934     
   257.80959052477345     
   252.40812532202278     
   247.02052572956629     
   241.93944707345307     
   236.99142148580577     
   232.20495143370403     
   227.30809934899011     
   222.69328175773524     
   218.23974531572063     
   213.87401802491578     
   209.61270811585445     
   205.31274991006677     
   201.20994431120869     
   197.39665848169523     
   193.54355447990031     
   189.68089765185030     
   185.98746007231227     
   182.59671906321847     
   179.10862405917831     
   175.87423966596720     
   173.05532854814203     
   169.76492063534005     
   166.68555925060994     
   163.74821027623125     
   161.07405046684153     
   158.23013400517721     
   155.67096231875468     
   152.89390303917568     
   150.10279212783786     
   147.81284705010407     
   145.88337402860506     
   143.70650298130192     
   141.43530085156684     
   139.54560817430644     
   137.39105652913810     
   135.68936333636705     
   133.87151151386570     
   132.56833099794270     
   131.30988497232349     
   130.21858993085976     
   129.16611162615749     
   128.83065142084138     
   126.17993321116604     
   118.13973236216319     
   108.77463328827739     
   98.555758733908704     
   944.52178787149046     
   919.02723314946900     
   897.60453127122946     
   876.71887043620427     
   852.28484165070449     
   830.20099817067114     
   809.54584266665529     
   792.48771169879581     
   775.81167659879020     
   756.74125544078174     
   736.60811235386871     
   720.32499466632055     
   703.77652602837748     
   686.80504929785548     
   670.55125273064482     
   653.91566392076902     
   638.51237626741272     
   623.26611978871892     
   607.91088548498317     
   592.90458022139080     
   579.37442805554417     
   565.18201388339639     
   552.44711244907978     
   539.15850626916358     
   527.40246440712394     
   515.03468961952967     
   502.65398940457152     
   490.89680284062399     
   478.82678245676652     
   467.98118463888761     
   456.54393557226200     
   446.02787370712792     
   434.31950888677909     
   424.23826164763915     
   413.60897368499843     
   402.86256391796644     
   392.76396382932057     
   383.18029654328177     
   373.53541960948797     
   364.74830766164104     
   356.46847634526296     
   348.07244350194168     
   339.72776000820363     
   331.23219770476464     
   323.85099769725929     
   316.64649003540899     
   309.66987786034815     
   302.53219255263639     
   296.03270649591752     
   289.44597410728352     
   282.72651626058121     
   276.87681934434949     
   270.86640018172295     
   264.80973678406087     
   259.12975003744123     
   253.53542106787529     
   248.09207118512262     
   242.90701292597535     
   237.76416781982994     
   233.11946177703376     
   228.73612519035288     
   223.82138352733654     
   219.20088857391099     
   214.56937840613904     
   210.23033256679713     
   206.09824830967864     
   202.05224510235206     
   198.12176479558579     
   194.35259655928834     
   190.42088998966062     
   186.53042944674473     
   183.13805901965429     
   179.86136900634858     
   176.52637815464291     
   173.21658281998785     
   169.75002401522423     
   166.51046270621578     
   163.73758997828270     
   160.82864196970854     
   158.03101304596063     
   155.20435118221397     
   152.74063101673983     
   150.31673643561311     
   147.82776622892965     
   145.69504644285917     
   143.38821665683096     
   141.31901027622894     
   139.23930951502427     
   137.29166958014008     
   135.77454407394154     
   134.21201400103268     
   133.04852080750987     
   131.93771827973598     
   130.80198789875271     
   130.00464835836971     
   129.53555628797403     
   127.25474002744077     
   118.61689193381228     
   108.64591872199908     
   97.396203691965383     
   946.11773245685106     
   923.42538617000253     
   900.20354217185763     
   876.26020807601469     
   853.37254465033118     
   833.90768477953702     
   813.82051096212786     
   794.36747324838063     
   774.01250843516402     
   757.39509646962347     
   741.19114862224740     
   723.65770052313042     
   705.26439780188457     
   686.43747898545894     
   669.81045167991158     
   654.21280328718558     
   637.87453047976510     
   623.37311590095248     
   609.54144855070490     
   594.82959974055677     
   580.05676792465863     
   567.51503933100139     
   554.23842935327070     
   541.84813451391869     
   528.40597601387822     
   515.36448300033044     
   503.46897584726241     
   490.75086317652608     
   478.53424406455355     
   467.62239900116049     
   456.07029440152172     
   443.54225929988212     
   432.78434224200043     
   422.20756881625357     
   412.53504251534542     
   402.91482137774562     
   393.37238970431991     
   383.94088809629636     
   375.48016324201916     
   366.97089888696894     
   358.48118656258907     
   350.69794351299703     
   342.78235869505960     
   335.70499314234689     
   327.57990195360833     
   319.60821637753440     
   312.27287889017799     
   305.27285304814853     
   298.18257954203773     
   291.35740184300181     
   284.89476839881672     
   278.29772343598455     
   272.27778014845501     
   265.97287487291987     
   259.96067088564450     
   254.06372896879498     
   248.62047919470302     
   243.27050964676326     
   238.02068854078897     
   233.09217557499119     
   228.10077855338733     
   223.38918419078027     
   218.48071045043304     
   213.99272612270443     
   209.72156123287718     
   205.40034865261890     
   201.31958286282878     
   197.37703359390861     
   193.51251796192099     
   189.74982467185808     
   186.04379831258592     
   182.61275490782072     
   179.45127467661922     
   176.25298110432979     
   173.17986804046066     
   169.87646498629775     
   166.92104176530174     
   163.97332790804296     
   161.12189170143756     
   158.32315069118272     
   155.81184995307513     
   153.11915626964893     
   150.37948750780870     
   147.93550468180669     
   145.53289828910931     
   143.43486003468365     
   141.54619798096095     
   139.64433399491850     
   137.68724849431467     
   136.13271173176784     
   134.22973683091791     
   133.07696994450797     
   132.08441359064278     
   130.91528441347728     
   130.48236560501380     
   130.33624827494606     
   128.27434045685266     
   119.32287880252611     
   107.99054222885454     
   96.141628518180227     
   947.40903557400748     
   927.04238911388825     
   905.51080099246110     
   883.06731115803836     
   861.18331866593223     
   838.74906761796956     
   817.93223884191150     
   797.09859769222089     
   778.78193705102080     
   760.42738948262195     
   740.77511755970966     
   720.33977260043685     
   705.20975137178311     
   690.23139950652171     
   672.74393681505762     
   655.90787737501341     
   641.57636334995016     
   625.04176977544137     
   609.22362255726773     
   595.79738404303612     
   581.81159286290097     
   566.56492864026723     
   552.25257077848596     
   539.48896851557288     
   527.19398836716312     
   514.35569905087664     
   501.89422362342248     
   489.48126264013217     
   477.55394630323053     
   465.70408523348988     
   454.76453388997516     
   445.03336357329476     
   434.19382805264684     
   424.07233059725615     
   414.79747271172050     
   405.48381099401263     
   395.60590680944870     
   386.34908777649417     
   376.80770985109427     
   366.82812415491173     
   358.03810180167034     
   349.68277787567956     
   342.07309232806472     
   334.03295501152814     
   326.86721879666197     
   319.47031171999703     
   312.07853948497461     
   304.81815179905902     
   297.66740377924674     
   290.62377287806254     
   284.17886113220072     
   278.02292191093539     
   272.14884869685221     
   266.33839140371487     
   260.70072730168732     
   255.17915311527460     
   249.49276432387487     
   244.19946177040822     
   238.83887905745456     
   233.95601056998629     
   229.28722039868489     
   224.86280938224425     
   220.44642259556059     
   215.97651288526220     
   211.52983476748327     
   207.56907202595022     
   203.51502919518185     
   199.38787626136303     
   195.48932167438684     
   191.76774498436455     
   187.92790758062173     
   184.27461844633865     
   180.71994308329525     
   177.39350988223808     
   173.84651292074915     
   170.76778081719419     
   167.61288575433062     
   164.83840848754704     
   161.88808730616964     
   158.91504184135661     
   156.41149675548883     
   153.99197967622234     
   151.18587326846421     
   148.74125760318785     
   146.66574616869980     
   144.39640509578351     
   142.44007172796171     
   140.53068168911690     
   138.51960036218858     
   136.71028571663820     
   135.21018935137309     
   133.72937004039397     
   132.72855296246763     
   131.94598021765736     
   131.41206637350533     
   131.26655493001110     
   129.08863381660660     
   119.36189811483305     
   108.19174612304106     
   95.996200222162912     
   956.04688275573062     
   930.22811278498352     
   904.92166703476005     
   883.89203788442023     
   862.92365241821540     
   839.58699427592978     
   819.71067427810772     
   802.57129036304127     
   781.56087342869284     
   758.81871602634214     
   740.72130203037534     
   723.97588328540087     
   703.75659580900560     
   685.43685743091282     
   670.28571236239497     
   653.75372082763784     
   638.12491347395007     
   624.49405439859447     
   610.04417020489279     
   596.47302245817855     
   581.83896997280408     
   567.92020952721305     
   555.48402046138449     
   541.59102853015088     
   526.91305772698684     
   514.59131013935701     
   503.39577323496388     
   491.70289572331694     
   479.52173352442702     
   467.75410219317683     
   456.79186469449763     
   444.64363006982319     
   434.01876089890902     
   423.40348772459163     
   412.51179052169522     
   402.50178753181206     
   393.26490618550883     
   383.71683688551383     
   374.26195370548407     
   365.67322215196879     
   356.73822521632985     
   348.15154976650865     
   339.92150039709736     
   331.90918825319454     
   324.19878379359477     
   316.79040351967234     
   309.59535954401451     
   302.96140124623935     
   296.65682663240534     
   290.39121036762390     
   283.83499004942644     
   277.55821123423152     
   271.69407858480787     
   265.92250546014799     
   260.39578582044368     
   254.89650030799584     
   249.72506496081957     
   244.70890119033839     
   239.58721734606951     
   234.42293462790201     
   229.44312066467563     
   224.72138484152927     
   220.15990471104917     
   215.74769737415863     
   211.44214295246616     
   207.05377666262450     
   203.12151965258064     
   199.17815654487927     
   195.37811039676259     
   191.58382856747750     
   188.14699273603640     
   184.75725838186679     
   181.13563126236446     
   177.71660778968538     
   174.61181315161389     
   171.27946495884504     
   168.25513570162627     
   165.31811103869919     
   162.42584106165177     
   159.73274188070786     
   157.06885370338625     
   154.46173916034678     
   151.68505338894457     
   149.25353317370389     
   146.90807117649166     
   144.79584273437914     
   142.89292362027604     
   141.17345419601625     
   139.24006807587054     
   137.36033708093024     
   135.70033858780889     
   134.27903454479605     
   133.25183963958068     
   132.53565851442511     
   132.24122353420876     
   132.47650362466129     
   130.10300933001301     
   119.62223150139231     
   107.91226904120035     
   95.167739421676828     
   949.52163003917815     
   926.80141445564334     
   907.22169546677878     
   883.33214147100227     
   861.34995384823799     
   843.65731629091817     
   822.21412180377774     
   797.88791261307460     
   777.63061116177391     
   762.33695128729482     
   742.33255002865917     
   723.77266809078526     
   707.56212965502039     
   690.11881463353450     
   671.79052098483760     
   658.37338345926901     
   642.54833204396573     
   626.93281988998422     
   611.70741554172537     
   596.47851534976564     
   582.06546841346028     
   568.40557880515007     
   555.54961946173125     
   541.57870676556263     
   528.79327852330232     
   515.84703663697655     
   502.80251915898322     
   489.79323506968149     
   478.13840898291562     
   466.31887904428277     
   455.07420007510262     
   445.23987461849123     
   434.62194692143822     
   424.12987761411978     
   412.81064825479376     
   402.88465417783431     
   393.04529234029940     
   383.47463679363273     
   374.64368546764956     
   366.06195711840712     
   358.02787438513298     
   350.10943357516078     
   341.35708048748370     
   333.24964368766075     
   325.83366061567608     
   318.45783298723001     
   311.24867162962772     
   303.74851840583051     
   296.64361769557723     
   290.10525674433705     
   283.37072891744748     
   277.33762721253743     
   271.52720104543010     
   265.79862816895906     
   260.21685518933282     
   254.65745448812612     
   249.19364288764905     
   244.00449581123831     
   239.10588088339611     
   233.97975780123741     
   229.12420872370259     
   224.44388214276879     
   220.11995883980808     
   215.71231095105898     
   211.46365193986361     
   207.41825401926084     
   203.49325023168629     
   199.36895253992122     
   195.50458648358364     
   191.80332695398087     
   188.12105008230296     
   184.50977749769569     
   180.78224730225148     
   177.46104441833626     
   173.95069150592744     
   170.93709567819062     
   168.02053666114631     
   164.81352565479094     
   161.93299754337343     
   159.30205786398707     
   156.77317513200705     
   154.19762348150755     
   151.87417593343429     
   149.14425208264899     
   146.85318006743410     
   144.89863818249225     
   142.87681022239741     
   140.86836544145714     
   139.11505222966736     
   137.43087583941730     
   135.77537339919709     
   134.24533916027781     
   133.40615153299103     
   132.76180249099994     
   132.68730073707223     
   133.01547917551710     
   130.67400739171535     
   120.41700681081635     
   108.37563120518605     
   94.462449783374666     
   951.31498212410838     
   927.56820203924019     
   902.64522148718174     
   882.19503480590993     
   861.34806843415640     
   839.96828408947908     
   818.02319154843531     
   800.45854649456919     
   778.16082049203965     
   757.41280158235509     
   741.28515975915593     
   722.97955475026470     
   705.50202885906378     
   690.67546028449476     
   676.29401389705640     
   657.81788098219215     
   642.59943328041777     
   627.37825990641750     
   612.74241760589473     
   598.24997253300683     
   583.88537923332353     
   570.58523395089730     
   554.96088110675328     
   541.30064406331257     
   528.15145302211090     
   516.07604316893151     
   503.25532187227350     
   491.06203907392228     
   479.06324954760493     
   466.60888830817532     
   454.03785777569669     
   442.10989779404423     
   431.32189664738485     
   421.01823759314999     
   412.17243976001095     
   402.65449122164353     
   392.67434620224651     
   383.39697454279087     
   375.10540778484324     
   366.35307421512448     
   357.14210516071432     
   348.86709338140662     
   340.88569502470119     
   332.79474453014097     
   324.99626898434440     
   317.41141831110878     
   310.78065699088557     
   304.16609682655940     
   297.91154472655796     
   291.39215567425958     
   285.18967363302721     
   278.99760712290390     
   272.89919585518498     
   266.65700581259614     
   260.66663602359233     
   255.15224880771805     
   249.80897731345271     
   244.53340890198177     
   239.30776822984623     
   234.24263822646066     
   229.54850155406115     
   225.02612810496743     
   220.59405500287332     
   216.14117219923037     
   211.78471323008057     
   207.48390868011859     
   203.27866502418192     
   199.47713554304542     
   195.73067738160853     
   191.96503494427276     
   188.42295543737438     
   184.81391283959641     
   181.33649467226914     
   177.92633219292381     
   174.78118624453532     
   171.56506940681234     
   168.33080453533881     
   165.32074733724565     
   162.30011802364174     
   159.34198760351927     
   156.92660735932063     
   154.25913041496079     
   152.19814125476864     
   149.71558498373861     
   147.39811277336847     
   145.24602795515182     
   142.97707874673625     
   141.05090055924131     
   139.22116167472481     
   137.55012513625317     
   136.05807517394823     
   134.66119112231229     
   133.84660425354332     
   133.32572174838992     
   133.09372675155683     
   133.73905568511293     
   131.36847652681868     
   120.66990022645609     
   108.33064656416128     
   94.306024705831675     
   953.13272138870684     
   927.94242547253714     
   905.58234138900207     
   884.12001053014637     
   862.98352596267694     
   840.62521887730315     
   820.39752094603443     
   799.78129562400682     
   782.18231888667594     
   760.55296560853139     
   740.70098248565250     
   723.87153125963368     
   707.02183824566680     
   689.22919307213544     
   672.63870565891295     
   658.60146702005704     
   642.60714517809140     
   626.50755320232906     
   611.10613030420257     
   595.35274610268311     
   580.25219736983172     
   565.17994347666308     
   551.94739768941531     
   538.79598224621975     
   526.97049827858643     
   513.38787803805360     
   501.35693607949702     
   489.10083343312874     
   476.88749511717094     
   465.92721323144679     
   455.29186240704843     
   444.78906471765265     
   434.79126424558228     
   424.45006423083652     
   414.05133097543131     
   403.60096255256775     
   393.83935181167038     
   384.75078788770372     
   375.13219740912200     
   366.69517009522815     
   358.81769711059752     
   350.28010759160986     
   342.59108257296464     
   335.23792668752162     
   327.75528940810119     
   320.55108431081521     
   313.18947099753052     
   306.04701475379625     
   299.18728544094535     
   292.67136364340917     
   286.24575790563722     
   279.94369305303729     
   273.77297123907317     
   267.94357949550698     
   262.22133064512866     
   256.69925794649112     
   251.09726823753789     
   246.03716271881359     
   240.99564376030585     
   236.18575220824945     
   231.23410556495088     
   226.43645473034087     
   221.58870093790500     
   216.97397051186618     
   212.48542587280514     
   208.08959301195830     
   204.01369226589401     
   200.10829870282629     
   196.12273856720464     
   192.10549017090563     
   188.37371601736768     
   184.88966068994043     
   181.36884087680977     
   178.10438188811582     
   174.88166772314668     
   171.80714795344340     
   168.69521706129649     
   165.53713966055466     
   162.48663055953219     
   159.99635360547020     
   157.29534906884084     
   154.43409547408285     
   152.10474171522162     
   150.01058931730955     
   147.46223675147155     
   145.36466237641790     
   143.10563652956850     
   141.06264721686676     
   139.09619181084355     
   137.80178842112176     
   136.17794447817141     
   135.18273528762595     
   134.20680112417477     
   133.41580786468990     
   133.64204458954777     
   134.27612254333891     
   131.90168577710403     
   120.68143877090486     
   107.97399760222143     
   93.851576345738167     
   950.20810364380122     
   928.52676491612613     
   906.26273575548953     
   884.36228482755848     
   862.76856199096346     
   841.81119011868134     
   820.57717625243095     
   798.42695871960609     
   779.85249330371369     
   762.70911238037593     
   744.62209148896613     
   726.03834289722147     
   708.02666854696179     
   691.12194963131583     
   674.17925725125883     
   655.85042097577480     
   640.35939471210236     
   624.51238150900929     
   609.02014961956979     
   594.84545983361113     
   581.98410100832177     
   568.34418425921615     
   555.72391325289652     
   542.37804330770257     
   528.23069570461791     
   514.29112996269214     
   501.35925961656011     
   489.87835360392762     
   479.69489055805701     
   467.88606602957725     
   455.44037868020285     
   444.70699649527910     
   433.79196364425746     
   423.43913895866558     
   413.46350920708727     
   403.95986960776133     
   395.04748799230237     
   385.64361664904095     
   377.09731885629134     
   368.37874782064239     
   359.37412931411103     
   350.71382078630302     
   342.36988009067920     
   334.51772952926910     
   327.16752050124052     
   320.34495170598791     
   313.29720269673658     
   306.23659003462711     
   299.05004764697793     
   292.08799775396909     
   285.79843174813840     
   279.24737053202898     
   273.15935924725886     
   267.40174689505307     
   261.99136740297149     
   256.54781607533783     
   251.22458302500971     
   245.67867538182099     
   240.37956265389028     
   235.33329274475915     
   230.09783828505030     
   225.20071380949290     
   220.93560412417480     
   216.64360463399083     
   212.25089025259769     
   207.92248900220039     
   204.05023571760862     
   199.95812118787524     
   196.29696622842067     
   192.71802973284639     
   188.82058669538520     
   185.00668223177169     
   181.68782080789754     
   178.19298606951656     
   175.16245850810944     
   172.09474985071517     
   168.95050609146972     
   166.13565505388937     
   163.22096855041207     
   160.49191629699965     
   157.77465721131438     
   154.89692886809144     
   152.37122442071293     
   149.99579495717092     
   147.64151985123763     
   145.58995988423214     
   143.38591309210688     
   141.41454745507070     
   139.66323319127946     
   138.06888718678707     
   136.52617949379481     
   135.41574635957500     
   134.51211419908100     
   133.94551368351355     
   134.02149365785203     
   134.69268675299242     
   132.63735286455835     
   120.82104194015344     
   107.97327467960636     
   93.594198615694779     
   953.88902835057877     
   930.00470324475032     
   907.13568500838085     
   881.75100520599722     
   858.97945615197591     
   838.44407106871313     
   818.81238987724237     
   799.63959496865732     
   779.28139958545387     
   760.99069209765980     
   743.81491509646980     
   726.53767802208949     
   710.07139745167262     
   692.26853577318207     
   675.79083441016485     
   659.63038126587116     
   641.49313412704862     
   625.79322374134472     
   611.51811838137996     
   597.61904921925520     
   582.15639271519967     
   566.31507988235353     
   551.84217750173298     
   538.86740224278969     
   525.53343727749370     
   513.87104105584558     
   502.18177994030748     
   490.47046952153971     
   477.04301648614523     
   466.61888074934444     
   456.77436621042688     
   445.87145852815377     
   435.96432200019837     
   425.96451167723831     
   415.32660314898561     
   405.49776771629195     
   395.57482511694786     
   386.44095599495898     
   377.04716863315764     
   368.33697993149974     
   360.20457740357733     
   351.74382485260753     
   343.45098051528885     
   335.00487479534621     
   327.14886920279145     
   319.10483269308105     
   311.97461845232141     
   304.88313511171140     
   298.07001273128549     
   291.42709945680355     
   284.97645453472745     
   278.89342631374950     
   272.58005433833819     
   266.51216995003267     
   260.44308200735077     
   254.68015795465300     
   249.41675996530796     
   244.18785706208442     
   239.29987101732576     
   234.34298394018020     
   229.83274151154501     
   225.28331877857721     
   220.65868412327779     
   215.99943483692380     
   211.57722599599938     
   207.50947847479586     
   203.20946620237106     
   199.09825015204694     
   195.23536848334439     
   191.57881908753671     
   187.96304547502794     
   184.65242172918448     
   181.14976853970194     
   177.78881251778353     
   174.38079681891878     
   171.24086057984283     
   168.38582912028610     
   165.16195647926449     
   162.17964599086932     
   159.38245216596800     
   157.00459089767170     
   154.29043384792323     
   151.77718987898155     
   149.58604952676876     
   147.33397759617250     
   144.95345960758971     
   142.77229686863078     
   140.78045199625348     
   139.04656568149659     
   137.48910679083349     
   136.16796344963043     
   134.69755243423060     
   134.09394689596331     
   133.71450831802071     
   133.82123897853745     
   134.56898211748785     
   132.82166367923409     
   121.40339827455385     
   108.10034919260461     
   93.353716299652916     
   957.37270178486676     
   930.09778079378998     
   903.99462770393620     
   882.16920261656207     
   861.58689064900932     
   838.78385177554776     
   820.68223780489143     
   802.65683342942168     
   786.04629919563638     
   765.74349511544142     
   746.75813279932549     
   727.50555020290085     
   708.44826436211372     
   691.73826791755914     
   674.65387314265627     
   657.99816871843882     
   643.55260062516027     
   628.63934333527436     
   613.73953216964424     
   597.99322977544273     
   583.12169288406369     
   570.41973955778190     
   556.43156204954334     
   541.97460854783401     
   528.94723268603911     
   515.72357329604529     
   503.49119488822043     
   490.99764433203279     
   480.57029429337274     
   469.00286535339853     
   457.98481644558484     
   446.31711286946461     
   434.83155718837980     
   424.31564540701470     
   414.66501547352237     
   404.22540292779252     
   395.10053686030284     
   385.89205381179920     
   376.28841020720768     
   367.12637747609347     
   358.19912943824067     
   349.41557086830466     
   341.85953255994485     
   334.34052936594213     
   326.99032428199212     
   319.70328210409264     
   312.32205343063538     
   305.42914075446782     
   298.40789686428275     
   291.58918113326314     
   285.05527923381101     
   278.86315359028896     
   272.73292951708959     
   266.68345908813870     
   260.88136714947814     
   255.45682251970865     
   249.72899849092963     
   244.27795202952086     
   239.22584754987713     
   234.07373449610509     
   229.09683334212440     
   224.54797605287106     
   220.18490314172308     
   216.04261730715163     
   211.71708710651177     
   207.45387514195414     
   203.37939727074431     
   199.31606336673713     
   195.51767533512651     
   191.57254069585085     
   187.82908575281823     
   184.11018313685463     
   180.49274182347665     
   177.21161577454006     
   174.04559254775668     
   170.95451117065335     
   167.96626346716172     
   165.08964264663808     
   162.32117813683661     
   159.28874462331103     
   156.51758882184447     
   154.07266178791113     
   151.46002008762622     
   149.09446544216004     
   146.91871475537650     
   144.73048346756929     
   142.47026917915542     
   140.52898689298885     
   138.94638671229802     
   137.48864635383356     
   136.14151035506512     
   134.94866770091187     
   134.21729002986942     
   133.83351055254889     
   133.84085313783632     
   134.74714645304076     
   133.00093526438235     
   121.54277989199667     
   108.18124725398991     
   93.472501180147262     
   957.86996509679193     
   933.71068766349231     
   907.17768437494669     
   885.15523750552916     
   861.97888448105107     
   840.29772159435799     
   819.44213465790313     
   799.97965755938731     
   780.74911209783022     
   763.36539996935085     
   745.09544891846213     
   727.44354920427872     
   710.15886905869615     
   690.94786288866646     
   672.90207956503104     
   657.84924639089354     
   644.43566551800336     
   628.51971359756431     
   611.40184245091677     
   595.42878870571155     
   582.23410554891461     
   567.99826292215789     
   554.06814841834739     
   542.16508745959993     
   530.48215682767193     
   519.04199528966683     
   505.58829875776553     
   492.23241341288247     
   479.41997207039583     
   468.10894733483792     
   457.36578703433105     
   446.65966372334321     
   436.32596266134584     
   425.55327795964661     
   416.13756608450825     
   406.92078201231817     
   397.28122606095690     
   387.65731107211366     
   378.64297927620481     
   369.58181816967726     
   361.04584183895696     
   353.25632779216915     
   344.78094414593062     
   336.56861225259439     
   328.54867759654672     
   320.04942621776706     
   312.50980742497251     
   305.44623789299283     
   298.28744302948178     
   291.65874232985055     
   285.30455975573210     
   278.84129199371415     
   273.07236783353096     
   267.32450923200452     
   261.83958977272766     
   256.26819992370946     
   250.54996307458907     
   245.27179589007895     
   240.01822839376680     
   234.89349477287629     
   229.90334598521713     
   225.12420671968357     
   220.63421828673290     
   216.08466419087370     
   211.81738742697334     
   207.66606184696209     
   203.41868175015048     
   199.30334155817329     
   195.35088145895915     
   191.60465732517244     
   187.96860441450121     
   184.44915385048111     
   181.03616165289665     
   177.62534942308895     
   174.47001201105908     
   171.25815817938792     
   167.97288840208876     
   164.86377735977680     
   162.10003893834033     
   159.59632814594352     
   156.84179148120057     
   154.37386856648757     
   151.94109150688089     
   149.29076742883612     
   147.12183927853684     
   145.12847941698266     
   143.04206116283828     
   140.82357802860392     
   138.96354209689486     
   137.77581628388805     
   136.47471705670165     
   135.45689328580892     
   134.68980202758809     
   134.27856551047122     
   134.35971034012616     
   135.16470776263381     
   133.54551307884472     
   121.64583798203566     
   107.96321614586698     
   93.590446129597197     
   955.57143474895781     
   932.18860863788132     
   910.23313307145372     
   883.98912072187682     
   862.91196747013782     
   845.35819089903703     
   823.72334392010157     
   803.80062846717738     
   784.38877051073257     
   765.93500260769713     
   747.46927059543464     
   727.71138570645132     
   709.61233124244359     
   694.32397401709591     
   679.10008843134960     
   661.06521510039931     
   640.16875296939611     
   624.22963730976574     
   611.68280865267718     
   597.35501228447538     
   583.16356377669536     
   569.47554471378726     
   557.50924795323590     
   543.90051806168367     
   530.56872997576761     
   517.29145406360226     
   505.49096003992804     
   494.64048952589360     
   483.26246779644254     
   470.91227466650304     
   458.36490589065500     
   447.79642096808180     
   437.38416966596765     
   426.91818740051792     
   415.85613507160639     
   405.23159862346427     
   395.51481492766004     
   385.95292769616924     
   376.76555546438738     
   366.93148636076808     
   358.22648617919799     
   349.54071287794056     
   341.32317847521568     
   333.70624290863441     
   326.14448105877705     
   318.77103546561705     
   311.77747893588514     
   304.96330403403471     
   298.54795610440186     
   292.18252124818844     
   285.87184100013593     
   279.47444609787436     
   273.20307695349027     
   266.88697851359581     
   260.92441488203286     
   255.08379177919346     
   249.93069792021237     
   244.91503159171521     
   239.79681649012733     
   234.77750615092248     
   229.98022559772494     
   225.38464958481487     
   220.67333420793199     
   216.13006497393542     
   211.80805772317183     
   207.67168557540083     
   203.62452808055403     
   199.59268596386133     
   195.86210323266869     
   192.22180947346089     
   188.36980501770182     
   184.82587113545992     
   181.46155637855554     
   177.87953222594444     
   174.89676049254246     
   171.82224198302407     
   168.75693726818022     
   165.80711749012985     
   162.85856998174657     
   159.97558045010823     
   157.38555050444290     
   154.94403607297849     
   152.56926631896931     
   150.09552730710362     
   147.77790340663378     
   145.41982801959495     
   143.33265148086778     
   141.27691739155489     
   139.72582949163888     
   137.96300673055407     
   136.75883963821599     
   135.92144580250965     
   134.79246636453513     
   134.68696841901911     
   134.67585483994054     
   135.41967789428688     
   133.98996129441562     
   121.68604369852861     
   108.57597529461678     
   93.463894088632301     
   956.01504921746744     
   932.63321672971244     
   911.15657533610829     
   891.58396185336744     
   866.74526223007820     
   843.95186390372680     
   823.61919239254553     
   802.60138018509770     
   783.37236009780122     
   765.70661759469749     
   745.56646237405880     
   730.62177181980769     
   713.97265280816941     
   695.77614197638377     
   677.29307042297967     
   659.26661130209050     
   644.90760476809965     
   629.19031919003601     
   611.88378816151953     
   598.20299630672116     
   585.14125178841641     
   571.95610297077314     
   557.41052779171764     
   543.54840529460500     
   530.30264162737092     
   518.51862499189610     
   507.29928871989966     
   494.48117491231756     
   482.17037942706406     
   470.61451980969110     
   459.02539356930657     
   447.58425013664544     
   435.73916436634659     
   424.24057850673205     
   414.14777747033065     
   403.76783811149556     
   393.90482667221096     
   384.16952295770545     
   375.22987567632993     
   366.65843570524703     
   358.06348585237669     
   349.81535479838124     
   341.00743572118364     
   332.65997784630565     
   325.00867265328770     
   317.96919519238253     
   310.98975527828730     
   303.33109503784334     
   296.51205764297976     
   289.67537626786861     
   283.41669360067630     
   277.48237181332053     
   271.25024541387933     
   265.58997566355919     
   260.54950708090746     
   255.59910566159303     
   250.36011548380037     
   245.20544906473086     
   239.82317280913324     
   235.09619766499901     
   230.39029675475780     
   225.67031719807471     
   221.13661127217796     
   216.62702426830680     
   212.30562175590413     
   208.15278908798012     
   204.18756128720887     
   200.12079468092850     
   196.27174109493663     
   192.46532907544184     
   188.70427332226046     
   185.08927563604246     
   181.61968200110701     
   178.34161693744261     
   175.00792148112251     
   171.88316741709411     
   168.66988737545037     
   165.79280900652151     
   162.65979450577939     
   159.89713484637559     
   157.53355218964316     
   154.68746906167868     
   152.06022275414389     
   149.91691409584467     
   147.66216753042886     
   145.22906449241052     
   143.32034621617009     
   141.55769766338540     
   139.31386513892977     
   138.10185522283530     
   136.86292085399867     
   135.67050194243262     
   134.89384456176884     
   134.57162835642436     
   134.81550159566905     
   135.69668776126068     
   134.07780704999408     
   121.81371821903893     
   108.41359239994547     
   93.313256008973468     
   955.54068399793368     
   932.40589665481298     
   909.75156679522524     
   888.13292534524612     
   866.15709810358976     
   844.49984294986029     
   822.67702935749173     
   803.15785854195872     
   782.32459084025254     
   760.74761184555086     
   745.10370326369355     
   727.44201306059028     
   709.25917562262475     
   691.88054124955715     
   674.61616194659314     
   660.93974978285803     
   645.29408440635439     
   632.38947609992101     
   617.60410037206361     
   601.49475171035260     
   584.77882819184470     
   569.75779735666151     
   556.07138730894030     
   545.10193425543355     
   532.32537453523400     
   517.52927879001675     
   503.08163118334227     
   489.90175825756546     
   477.99975993944247     
   467.16708655445291     
   456.68009411528874     
   445.85568755280667     
   434.73604516601927     
   424.20476881618106     
   413.86411187139902     
   404.79618111511161     
   394.75505193371652     
   384.38869761196668     
   374.60818955488020     
   366.06241258752783     
   357.73366571518926     
   348.98166657646357     
   341.03885304140346     
   333.82874136161530     
   326.20726889527310     
   318.97931896519958     
   311.88509003482113     
   305.28332803666774     
   298.55020639853205     
   291.93541119754730     
   285.54797865066132     
   279.41335277352709     
   273.57076337755450     
   267.59675931740549     
   261.49176624768006     
   255.59903508319701     
   250.16560439221118     
   244.76413106215512     
   240.02760650121974     
   235.03108427965770     
   230.07386721792454     
   225.56648771172857     
   220.99529180404116     
   216.22144932900747     
   211.89267593661191     
   207.82027995518570     
   203.70901585784273     
   199.34705298804664     
   195.32360429828199     
   191.76336334523779     
   188.07571810896275     
   184.58869029414089     
   181.06187113105784     
   177.67439349909120     
   174.42908527564089     
   171.33726796945245     
   168.35646554382654     
   165.42287259073981     
   162.53687452405677     
   159.68539301756039     
   157.09734231183666     
   154.22035089776145     
   151.70277085419588     
   149.38566657123036     
   147.32957734532064     
   144.95811266481584     
   142.96325759433151     
   141.24009245314087     
   139.43317600283825     
   137.81485265774845     
   136.61985681045422     
   135.58346653879155     
   134.65720093709413     
   134.50680112944983     
   134.65848950534127     
   135.57427026943330     
   134.01310991928455     
   121.56259117046898     
   108.49357110706443     
   93.138384462529260     
   957.12525837434646     
   932.51856795759170     
   908.76856481989819     
   885.23646113357245     
   865.37283772320836     
   843.90676093000184     
   823.10007146796784     
   802.07948776476462     
   781.67677526123191     
   763.18087934158939     
   743.01901550614980     
   724.03288611350467     
   706.93815241658933     
   691.33753074677429     
   676.90933632437986     
   660.78732616089269     
   646.04755568888845     
   629.07728149038439     
   614.43366212896069     
   600.45517812945104     
   586.65695356892547     
   572.11693299319597     
   557.52854478482323     
   541.64548715247167     
   527.71133972788436     
   515.19876702402485     
   502.78129132359254     
   491.33674608992300     
   479.61672673752878     
   466.76488115074949     
   455.35480732875317     
   443.94491755976208     
   433.61615391600253     
   423.74670279792383     
   413.70488547219651     
   403.28849230683755     
   394.20133191586945     
   385.83661212805760     
   377.38199953601298     
   368.38107355667410     
   359.30691067736944     
   351.25370942946171     
   343.43573756050409     
   335.17709237171925     
   327.49553150854956     
   319.95826566135094     
   312.61613536454018     
   305.49534603456635     
   298.34971022932348     
   291.86171985132808     
   285.12496567996908     
   278.40707796383219     
   272.12358758473312     
   266.24020966603706     
   260.44784736902648     
   255.15522361416936     
   249.67410373599063     
   244.59221772403140     
   239.41023698976358     
   234.40636366420256     
   229.50456514678228     
   224.87267343481693     
   220.34848055443368     
   215.79917162144608     
   211.36368773957332     
   207.16222806595528     
   202.96639581388797     
   199.07923089736252     
   195.02235802126421     
   191.37153796628274     
   187.70489979190032     
   184.26365943483697     
   181.06067949597116     
   177.76521645871603     
   174.38775325579721     
   171.36761182039351     
   168.00653649698782     
   165.05527260482253     
   162.15698332970743     
   159.46063636756105     
   156.87182935979564     
   154.17910466186555     
   151.51744942987955     
   149.38557559725459     
   147.00687653758524     
   144.93349110020532     
   142.76176384232431     
   140.75335650354538     
   139.10602637087985     
   137.61314024585505     
   136.57542269436061     
   135.46737505633985     
   134.46399442671643     
   134.50905618563704     
   134.82118857821649     
   135.61333740198262     
   133.84727198873995     
   121.63727747459967     
   108.34121882988688     
   93.052779057306026     
