           1
        3200
           1
   907.28709446036646     
   863.26382845739261     
   832.60089147752387     
   810.14621691515890     
   794.36189849782966     
   778.34410485409035     
   762.57549926165314     
   740.83650871160933     
   725.18187681167319     
   711.35188145199857     
   692.71148742650291     
   678.56530823386606     
   665.24425544416511     
   648.43233419078626     
   634.62613672794282     
   617.62905323188102     
   606.04114870490071     
   591.53213150557622     
   579.11521595466127     
   564.31512040171947     
   552.31484623771428     
   540.75267619983435     
   528.19854643965391     
   516.72037672402450     
   505.93378504314842     
   494.72166382931493     
   483.26661798440728     
   471.76450662816183     
   461.31869339051889     
   451.49993719811886     
   440.26771830154837     
   430.78975546863546     
   421.57851450816918     
   412.78950088113368     
   403.32706677928570     
   394.81076222853062     
   386.37859439180681     
   377.92864880953471     
   369.74443217478370     
   362.43030617269329     
   355.48941219325025     
   348.10579401391573     
   341.18663727154637     
   334.08127571438615     
   327.64266726737168     
   322.08527255388810     
   315.86124987591620     
   309.84984359161638     
   303.69901817384874     
   297.48246873026778     
   291.78744756033956     
   284.60265112977117     
   278.86938168257598     
   271.69720024535030     
   265.15403809808646     
   259.76610206612088     
   253.61114386631644     
   248.13414363193735     
   242.19911544773390     
   236.47741085021576     
   231.83318011433531     
   226.27008719787716     
   221.12698778268140     
   216.09575857698712     
   211.58253309628196     
   206.92304266747499     
   202.39909365095767     
   197.70600938053195     
   193.62300735412899     
   189.59274015844105     
   185.52607613449729     
   181.55116821348514     
   177.76192777655359     
   174.17265757459154     
   170.89635415069304     
   167.45914022298231     
   163.86744872030346     
   160.84260994508659     
   157.53103551829318     
   154.45517510301988     
   151.30976093482366     
   148.28640484062697     
   145.45276063759368     
   142.67279224350727     
   139.81022400363872     
   137.14064112733163     
   134.35893584613703     
   131.83627833134594     
   129.13245466875739     
   126.43649956685925     
   124.20613644235402     
   121.74160749342059     
   119.37271516938520     
   117.15869108345190     
   114.90268427966113     
   112.70124222122303     
   110.54697370073532     
   108.42244484850889     
   106.31343939932560     
   104.26994163528738     
   926.85155894081743     
   906.16892344597363     
   874.59006459079899     
   847.84254577751801     
   820.64336122942620     
   796.12119523537126     
   777.85015083704604     
   761.56380965887934     
   742.98113539700807     
   724.67363793573304     
   709.67086347740428     
   692.83173552099413     
   675.69661604271789     
   659.74217450624906     
   643.77016342788534     
   629.76521000286766     
   616.58566710220668     
   600.56998700179179     
   586.60322927155698     
   574.99036438771054     
   562.55282944004853     
   548.11334794221659     
   536.39418127252623     
   523.33161598194465     
   511.74424701047110     
   501.67951954623402     
   490.23641797697582     
   479.32898900449510     
   467.69297044641115     
   456.83357049316049     
   446.94833196350976     
   437.21773658002974     
   427.11459760650320     
   416.34047294898573     
   406.73073076517755     
   398.76777785915317     
   390.17307671206424     
   382.96353620924543     
   373.75931255188118     
   366.32036820761789     
   359.26080990857349     
   352.01994216849448     
   345.42876448255754     
   338.44123649420823     
   331.81199757518209     
   325.74853824559574     
   319.38844265902952     
   313.63830417314614     
   307.21009030970993     
   300.81042576148218     
   295.44176018992920     
   288.15727461770928     
   282.23431302730597     
   275.43091035161223     
   269.50021621411429     
   263.68192366312616     
   257.27627018655824     
   251.33994217739865     
   245.20067088754877     
   239.10795651273452     
   233.03354308352985     
   227.49963609988271     
   222.65720001185741     
   217.23679785496824     
   212.75374557698782     
   208.20628909887736     
   203.58273638215337     
   199.37947994039320     
   195.14153911746553     
   191.05927428232798     
   186.89341930016508     
   182.80703529684243     
   179.08778165031197     
   175.70465523597645     
   171.90206135440604     
   168.21541509339974     
   164.89871015987825     
   161.72401664602828     
   158.46741625539391     
   155.23837903402838     
   152.21769400771632     
   149.19731591343378     
   146.35042853557741     
   143.47695207580853     
   140.68377764685005     
   137.84640905279696     
   135.11920328809339     
   132.58318595582736     
   130.07561375126102     
   127.55901803908769     
   125.09138298612598     
   122.58310562582061     
   120.29574147550801     
   117.94680878771405     
   115.62587179884284     
   113.49528405659913     
   111.32331567133480     
   109.10053000832222     
   107.03690703513617     
   104.94463849404059     
   926.99829131788863     
   910.74897992183514     
   889.54785234811686     
   864.24850988281560     
   837.77316737080082     
   817.81274548384545     
   798.23433849795072     
   778.34994831319045     
   756.86374071661589     
   737.56824161809664     
   719.04591922825341     
   701.70496784875900     
   685.87825388720864     
   671.25349907456371     
   654.12167741712642     
   639.55918873817734     
   624.80440380972470     
   610.53730531001372     
   597.30435269017710     
   584.90614797931153     
   570.38110162096916     
   556.32782442578969     
   544.46300307628485     
   532.17489751599078     
   519.55986184434767     
   505.73704076062688     
   494.80765497253952     
   481.60711608690337     
   470.58337871317559     
   459.75929523698710     
   448.87897385238318     
   438.78709958983103     
   429.68588973965848     
   419.06928292038162     
   410.25994893016843     
   401.43489267282513     
   392.67859639044866     
   383.72963899831177     
   376.04272199679446     
   368.49135917993391     
   361.30678201104001     
   354.68180542161531     
   348.22984987825180     
   341.17637442351617     
   334.47357915288012     
   328.34936395424552     
   322.42547474985895     
   316.89170026374887     
   310.06572267996779     
   303.87108078038432     
   298.34204717221269     
   291.52634082595307     
   284.22045392150324     
   277.08130455526054     
   271.17132675245347     
   264.92693885147833     
   258.57278555222450     
   252.75981387291870     
   246.20785117489342     
   240.59656563902314     
   234.69126232483987     
   229.37897350085291     
   224.14148555497269     
   218.90626487218358     
   214.20850903444807     
   209.22398230190228     
   204.65104450474240     
   200.07613801108087     
   195.77820460280628     
   191.33265541693183     
   187.28262712458593     
   183.28923955180522     
   179.78288606785253     
   175.97706041632600     
   172.54197352631709     
   168.93315848766153     
   165.32770687441692     
   162.03311424744368     
   158.67526720166640     
   155.40396216709365     
   152.38468409355593     
   149.40553794873793     
   146.38370267346758     
   143.58333332758144     
   140.71346743877879     
   138.01962383824809     
   135.36587198083311     
   132.49999356107642     
   129.91082957174197     
   127.43273761398513     
   124.84091578704934     
   122.33020040022437     
   119.90868326119373     
   117.51423499380971     
   115.29112152430596     
   112.89223588889118     
   110.70884948249427     
   108.53256070957688     
   106.31892033026801     
   104.12955857753491     
   935.77167611883817     
   914.38395411026806     
   894.94985229856889     
   877.38423042109366     
   857.30101628972909     
   835.44454731703297     
   808.28067161437764     
   785.77459243330577     
   766.56992655717204     
   746.82581333635994     
   729.33517649905548     
   713.41426697235636     
   694.88948659979519     
   678.61834304927208     
   663.55513530765131     
   648.23503070245101     
   632.61281289666340     
   617.44618893319011     
   603.42494459089698     
   588.91677020662701     
   575.03240077592989     
   561.60929857286305     
   547.21323097330389     
   534.21565040744781     
   520.13180337200708     
   507.39081224349684     
   495.16042523404127     
   485.48304174565777     
   474.40665575738177     
   463.87876816270534     
   452.90176688697943     
   442.60499353470374     
   431.13230468719621     
   421.96912734797070     
   413.57501373624621     
   404.59777219225941     
   395.33045216600624     
   387.37866140862127     
   377.71871427998252     
   370.68716386443748     
   363.38051875783634     
   355.92273985423299     
   348.51351384824829     
   342.84255777720131     
   334.98030184111536     
   329.61006696385766     
   323.41701356208790     
   317.62408989260371     
   311.21157020099884     
   305.61827468828665     
   298.77433042771486     
   291.59904215709832     
   285.11927822641991     
   278.72052707025892     
   272.66790501932496     
   266.35363441735024     
   259.68709584557371     
   253.95087258276445     
   246.95075582477747     
   241.06553462921394     
   235.65775485984037     
   229.97193298440345     
   224.59142321895121     
   219.12469956613737     
   214.39427025628891     
   209.55004954748796     
   204.87883623129466     
   200.44014688117332     
   196.27243052913244     
   192.17381092364525     
   188.34607811645077     
   183.97825408098626     
   180.02144887725706     
   176.23837874822999     
   172.35919307067360     
   168.86979656783348     
   165.37690086987863     
   162.20066491432161     
   158.76458836376872     
   155.36846211212276     
   152.35350757617508     
   149.07776286089171     
   146.24818701829341     
   143.43568330736431     
   140.52871102606738     
   137.68295675265509     
   134.96962062333711     
   132.29594565769440     
   129.58694811228528     
   127.03496023573200     
   124.28513165049051     
   121.78243621770477     
   119.32139727722404     
   116.86244144539984     
   114.44047476720394     
   112.13773701798215     
   109.83704868920675     
   107.56446730670181     
   105.27124874739913     
   103.01791792269377     
   940.05184350918876     
   922.57921304155661     
   902.64265049383721     
   881.99376356411972     
   860.37448736971407     
   842.84949628491211     
   822.25942258867985     
   797.26156559840069     
   777.47496310752217     
   760.13479761859276     
   740.19529962097340     
   721.50320522139100     
   703.78440286732348     
   688.17690047617702     
   670.75067965218045     
   654.08887537529802     
   639.53796634216167     
   624.62490751353107     
   611.03585001155466     
   596.84083939342190     
   581.04929408224064     
   566.25754469130970     
   552.66022812441850     
   539.62603956780038     
   527.30319953283629     
   514.08952288491355     
   501.92148310801565     
   488.04605522559075     
   476.72742838811280     
   465.07817617302999     
   455.09908428480048     
   444.90263647862844     
   435.23069656998882     
   425.31817924569793     
   416.85172572784433     
   407.14617519578667     
   398.54402140451282     
   390.40341400538853     
   382.77047264537418     
   373.18576630217723     
   365.53432494736040     
   358.81028070222214     
   351.45192158532626     
   345.05833669868156     
   338.48303445536300     
   332.04064986522974     
   325.93597668494533     
   320.04391500839694     
   312.43174596359950     
   306.30764309775100     
   300.28863163134184     
   293.77923982480712     
   286.95980494439090     
   280.38005194326422     
   273.99285073821125     
   267.39174835600545     
   260.93480727850528     
   254.61272168421684     
   247.52755626927043     
   241.32980700020596     
   235.53154575282036     
   229.88122656038200     
   224.43362259678304     
   218.66021598726164     
   214.17184402570030     
   209.54207705017518     
   204.83111127736507     
   200.28418464170656     
   195.88762662099219     
   191.70004385636719     
   187.42738759017226     
   183.38049279725283     
   179.41695677643744     
   175.90692337119879     
   172.30853724882093     
   168.45791918526794     
   165.02925029813434     
   161.49985610767476     
   158.13687566545724     
   154.79112212004901     
   151.59759505475080     
   148.53055426750413     
   145.64844955921174     
   142.52684301817538     
   139.51450948769272     
   136.55693190775708     
   133.68142424591306     
   131.03642268851695     
   128.25687938377931     
   125.65989745540654     
   123.04540390274684     
   120.58650075482780     
   117.98623249913709     
   115.56633349264914     
   113.15342135221908     
   110.72424042669115     
   108.39562421095202     
   106.09126404497496     
   103.67277535948277     
   101.37785127503234     
   946.67223973076295     
   923.20592832986677     
   905.19375197881413     
   883.02839658290986     
   865.94803020266545     
   844.64388933563328     
   824.78800605204833     
   807.87737380457281     
   788.50584524298688     
   766.95213611105214     
   750.42886065278697     
   732.01824151262861     
   712.76232219114331     
   693.86472497550733     
   677.04442901596678     
   662.48132226117332     
   646.22793056635032     
   630.24214654242894     
   614.88376085636764     
   598.29839486208971     
   583.76588161962206     
   569.04552071439468     
   553.87873806586379     
   540.67500486083418     
   528.11851259393825     
   516.41460848893439     
   504.80047529071555     
   493.69725547185084     
   482.90092384233674     
   470.51802454122378     
   458.98551797848620     
   449.58284276114972     
   438.47927236552948     
   428.11203065689256     
   418.62962402548339     
   410.19969102651606     
   400.59004753501415     
   391.39621575857973     
   381.95506930633701     
   372.57416936018615     
   365.47759777409556     
   357.37845446141512     
   351.78108522624399     
   344.90406701526797     
   337.89713832554509     
   332.34264102326080     
   327.41675127949406     
   321.60141401513874     
   315.73475278754944     
   310.49324890449310     
   304.43075312305353     
   297.20796358042401     
   290.07096001063337     
   283.66582699941989     
   277.09088981814676     
   270.04048225584506     
   262.99256151263870     
   255.76555153771537     
   249.69401953642401     
   243.53347055341746     
   237.00481237075314     
   230.89142329560349     
   225.46998195026745     
   220.40158115878296     
   214.90431123114354     
   209.84566615990568     
   205.01816457678419     
   200.75486464369212     
   196.04297604863933     
   191.56499976094005     
   187.20695445273788     
   182.98960704204384     
   179.08299638368177     
   175.19467176797085     
   171.40187060946261     
   167.53543581955051     
   163.97596476212414     
   160.55529378883006     
   156.98591252775734     
   153.67949233606515     
   150.43948378801011     
   147.25333288489574     
   144.12456467277758     
   141.07532327003372     
   137.85496804373651     
   134.91803049686001     
   131.99859704953235     
   129.11533947129362     
   126.32908285280030     
   123.57956547426919     
   120.93433064648151     
   118.31524229980305     
   115.72069804377547     
   113.09617626394486     
   110.69395540573433     
   108.18809067003613     
   105.80963069182359     
   103.47052257891488     
   101.22086433486578     
   98.784069045694110     
   953.38746927488978     
   932.41687522795428     
   909.99741406120722     
   888.59793265614826     
   870.10586785841133     
   855.61362579194144     
   835.94052517965611     
   814.09932740797080     
   794.00559781729783     
   775.86761249672247     
   756.72320453417672     
   735.67150037600447     
   719.55790373065929     
   701.29318914709893     
   684.63859858975923     
   668.31905849783266     
   647.51603123954715     
   631.97611341601510     
   614.49416890066800     
   599.50453560784524     
   584.22066340867173     
   570.93267598487967     
   558.41099738518164     
   546.40710789726279     
   533.14934169304865     
   520.56001705023652     
   507.60656276705441     
   494.35611191804645     
   482.25513848848868     
   470.81461212865946     
   460.26529618565741     
   449.28158451698744     
   437.83582253968893     
   427.10029801847111     
   418.35342472162984     
   409.30640174307035     
   400.14375946010864     
   392.19136692248958     
   383.17970550098494     
   375.90158385705553     
   368.73256373740446     
   361.86226724233654     
   355.49957947050353     
   347.60954415629453     
   340.48196038748051     
   334.50024115712114     
   328.42408971326347     
   322.59881156770450     
   316.39759799697163     
   311.36161607035052     
   303.92879102410490     
   296.83044481951708     
   289.60923325021145     
   283.24314182660703     
   276.74005980431377     
   269.14762921751384     
   262.43626650490637     
   255.30238757675212     
   248.84816743607416     
   241.73385702609630     
   235.78889427180212     
   229.96944162378333     
   224.22156301149542     
   218.78279281648804     
   213.39281710541874     
   208.58874880780238     
   203.89755213132040     
   198.80863561151040     
   193.99045262169591     
   189.56088478440444     
   185.52339181473846     
   181.29898085507824     
   176.89429377032650     
   172.81264738046065     
   168.97352689193758     
   165.09641249791517     
   161.36443017167818     
   157.88128177259208     
   154.32959961628583     
   150.80646989788227     
   147.19147678291768     
   143.72037197576844     
   140.38361618070749     
   137.05439202284805     
   133.70564053833527     
   130.42414559773374     
   127.58997258112421     
   124.63293339003053     
   121.69103188412492     
   118.91390443877488     
   116.22234439021051     
   113.44929867796975     
   110.82603073601483     
   108.00840723006132     
   105.38572224371931     
   103.01375432374944     
   100.48620076979917     
   98.030578258157533     
   95.519238453198611     
   93.060931884017535     
   955.76633376763482     
   932.22389969177914     
   912.44874253797718     
   894.99693951050381     
   877.92595588367817     
   855.45705860954081     
   836.10516798589185     
   818.36068859819409     
   800.95238205137719     
   781.06035125538347     
   761.56200047765219     
   743.53477508090975     
   724.08304507549974     
   705.80383371123764     
   686.88951791273871     
   667.28875816078926     
   651.88772098677941     
   636.62403331090354     
   623.47805273096162     
   606.86612786081992     
   594.14039996495160     
   579.89044966772849     
   564.26860991883882     
   548.04492359793426     
   532.64619892694077     
   520.04234310091272     
   508.66013069910304     
   496.35571542085825     
   485.00781574136909     
   473.27881230900732     
   461.58887534956295     
   450.53622337769355     
   440.83718381186594     
   430.84037437295365     
   420.47199736952570     
   410.16218533412484     
   401.73628806095968     
   393.51272913294696     
   384.74188655005094     
   376.48146665167303     
   367.86943833780401     
   361.14949140538693     
   354.84800040400205     
   348.57752664561201     
   341.41281005215302     
   335.06373785173906     
   328.85909605002922     
   323.93331361431370     
   318.94207695873172     
   313.28574682620848     
   306.13204452798999     
   299.58565308817117     
   291.66408479724998     
   285.43823585593378     
   277.23040999367515     
   270.17736439330565     
   262.70380058942521     
   255.35798707022872     
   247.84535857541709     
   241.13693964680454     
   234.79009453392490     
   228.30334174905073     
   222.20205918071224     
   216.15220848822042     
   210.56663611004547     
   205.24119852488192     
   200.53548552549523     
   195.38002534323738     
   190.50182345440987     
   185.63462768433612     
   181.03399681906984     
   176.53587165249479     
   171.95975730467114     
   167.63328126619808     
   163.43591633587261     
   159.53148661911666     
   155.39127873801846     
   151.65929221694591     
   147.91116208779533     
   144.06972583900850     
   140.46371214616022     
   137.08982303595536     
   133.40874864752115     
   130.04398472292908     
   126.71528177573163     
   123.58648565965845     
   120.48227319303876     
   117.47238668181657     
   114.49283247989516     
   111.63187876368981     
   108.83304383472321     
   106.20748716958241     
   103.28028326310874     
   100.54156788704766     
   97.943072465428457     
   95.374916904270734     
   93.023507735507138     
   90.708153760643427     
   88.313707679245766     
   85.620059916225472     
   956.42324724773448     
   936.02070245011032     
   916.74782107115163     
   897.23532738654603     
   876.46779777346751     
   859.74421024149092     
   840.13626580793084     
   820.02257603956946     
   803.12095756138399     
   783.80252336451258     
   766.66375618985944     
   747.83832369187758     
   726.36843922909793     
   707.87072763105482     
   692.15672366177273     
   674.25201649416454     
   658.88457599655442     
   643.63552694779423     
   626.47209044928388     
   609.27754266346301     
   594.96618197012504     
   579.21741677805073     
   565.44895181015795     
   552.45471814837492     
   540.34948372928534     
   525.89320260670559     
   512.37257780895220     
   500.48353855593086     
   487.88537423436321     
   476.01558917886769     
   463.96920514223342     
   452.83293391726181     
   442.08032818213366     
   431.23748136341925     
   421.21221089039238     
   411.06998903053591     
   401.89858784367277     
   393.78572317302496     
   384.95426308468723     
   377.20541297622862     
   369.07325177386940     
   362.02422059705401     
   354.69461506520440     
   348.17818204364210     
   342.10501985504362     
   337.08542480607997     
   329.42135375473913     
   324.23329826452175     
   319.22006155955791     
   314.20134017084109     
   306.98933107862746     
   299.46877083742328     
   293.33038674589284     
   286.52390731398702     
   277.72300745582339     
   269.92468126035556     
   261.26349916842048     
   253.08368392599562     
   245.58671803458441     
   238.73271478024972     
   231.72400542012821     
   224.70835969349099     
   218.34321981196308     
   212.96457245675802     
   206.58785619540416     
   200.71555419664293     
   195.41517167327567     
   189.43423566418920     
   184.62549559992198     
   179.88920082313928     
   175.05296085601475     
   170.21941045443023     
   165.70601207420935     
   160.86578836539746     
   156.49774396029744     
   152.10422939546609     
   148.08672565663926     
   143.90839494652238     
   139.85024501078900     
   136.20745588175515     
   132.54031411419908     
   129.09643434694158     
   125.48789922720495     
   121.91381519381471     
   118.65064052650655     
   115.34306000140285     
   112.27895739845631     
   109.15565280466006     
   106.13673886852290     
   103.12523628681265     
   100.32590034423490     
   97.503946201031681     
   94.834143448314833     
   91.788320954092825     
   89.378544330218816     
   87.170333785714888     
   84.564322160492452     
   82.024638459097332     
   79.840811087359356     
   77.334202274284721     
   958.11960117969431     
   942.30272590979041     
   922.64673909038299     
   903.94583907792946     
   886.28475845230787     
   864.85681979694050     
   843.23053479447481     
   826.08353599756697     
   805.26998338028750     
   784.67209875464982     
   766.02968161378260     
   747.71545059379673     
   732.33042836190930     
   715.90573799255026     
   696.27769078515041     
   680.23277661324994     
   662.54563556171843     
   644.44151593267645     
   627.44134981392017     
   611.02961456964829     
   595.39979199730567     
   581.11409891848416     
   566.89428130736962     
   551.95006717294768     
   538.04018615964776     
   524.67670180142488     
   511.56814523965312     
   496.93884229424521     
   485.09462201220845     
   473.82476559151422     
   462.19697162384239     
   451.72071013885432     
   440.93263133756875     
   430.06859063041531     
   419.49119920678180     
   410.97966340906584     
   402.61395733355198     
   393.69322490224857     
   385.28273349803226     
   377.40388704231185     
   368.76706724215700     
   361.07331173519998     
   353.62669220799955     
   347.17485907539009     
   341.43415798454265     
   334.97469805637911     
   328.46033081396911     
   323.50795993966437     
   319.06073269413525     
   314.30416216408230     
   307.75898890228990     
   300.24670524801718     
   294.55209947719175     
   286.88631396192432     
   277.14898775964809     
   267.81818732628989     
   258.29173035415670     
   249.02948084204240     
   240.49122350139362     
   233.06262705562716     
   225.39353348054908     
   217.56764888290473     
   210.51924491098066     
   204.50624082629326     
   197.94679382139864     
   192.05463753787245     
   186.24735777809937     
   180.46747308514520     
   175.03572477455702     
   169.88041196430726     
   164.55784411149662     
   159.53973848273597     
   154.58912360562692     
   149.96624964549383     
   145.58612302644633     
   141.04347167046373     
   136.93787913840674     
   132.67878846652951     
   128.60069238613929     
   124.05781628288156     
   120.70164933692001     
   117.32006435633753     
   114.13712027498056     
   110.40662467108210     
   107.08945640623833     
   103.89071150848750     
   100.43874063514104     
   98.116224702395598     
   94.920061020618959     
   91.990604193895408     
   89.662421832483744     
   87.093213261413254     
   84.705448709266562     
   82.256113868612275     
   79.938531061075366     
   77.927296334644495     
   75.401732505636147     
   73.121903357544596     
   70.948552391304020     
   68.518022139773137     
   968.03624404534685     
   946.97825733477373     
   927.22654592423510     
   905.99156385193851     
   885.70207302337212     
   865.24470681695584     
   847.75669486140816     
   830.13264929386060     
   810.17882713839799     
   791.10092026889595     
   774.45021693007345     
   757.23361457208193     
   737.41411536024521     
   719.09860071423657     
   703.00236930267783     
   683.43222247685935     
   665.01525201141067     
   646.36132485478606     
   630.32357723856524     
   614.60633453366211     
   599.29162724849823     
   583.22757486750061     
   567.09152993931525     
   551.15141169214428     
   537.17701748703473     
   522.83573217698381     
   510.70085603581481     
   497.91156146269822     
   485.59385825815093     
   475.18455043471454     
   462.48160757305089     
   450.19533103556148     
   439.26128244903327     
   429.35718076458454     
   418.70039269726271     
   408.66276919383324     
   399.64904786180125     
   391.83482999700743     
   383.08319329559959     
   375.17352624262799     
   367.91262768842148     
   361.15774748623505     
   353.98788048584174     
   347.52471738877620     
   340.81017977255703     
   335.41555349048548     
   330.06368715753831     
   323.98834487838644     
   320.04281127703513     
   315.00608189380472     
   309.10283853401916     
   301.66705416900737     
   296.98949677028691     
   287.39387128776463     
   275.66109170713128     
   264.91263443286243     
   253.86227510127566     
   243.47610765259932     
   233.04804102279149     
   224.75762218672881     
   216.10516276167118     
   208.05821425861285     
   200.38871204654137     
   193.28702105565611     
   186.33946127101296     
   179.59925508788493     
   173.07797153020783     
   166.72400316688393     
   160.98835138554819     
   155.75434448964273     
   149.89231350703017     
   144.44044427862963     
   139.39326302679672     
   134.98626502950469     
   131.16533474713853     
   126.67046880316023     
   122.46912841061760     
   118.75262517444479     
   113.99635229379088     
   110.63312247090640     
   106.57425291600282     
   103.31084256693113     
   100.09254716918936     
   97.010991474394416     
   94.116849014289912     
   90.582818358463172     
   88.183773626999667     
   85.474929870356021     
   83.515297377297259     
   80.949791542954102     
   78.863397579420521     
   76.361342136107766     
   74.325947208666292     
   72.688708650881722     
   70.485246459099542     
   69.200905671319532     
   66.229910234351394     
   63.814956936774109     
   62.425537432766724     
   59.583259868212451     
   972.55238810802564     
   954.25409053223029     
   930.43827248785692     
   909.19301913465063     
   891.30620453640222     
   871.45193060323049     
   849.86462061886141     
   829.85089864799363     
   810.69328657574056     
   792.13409443229011     
   774.54657175585623     
   755.48095717809338     
   737.13554058091540     
   718.65504669754387     
   700.62718681143190     
   682.26808174806467     
   664.63460864919944     
   648.75536136760263     
   630.50679215537855     
   614.00783799626504     
   597.34167019310257     
   582.60257755875352     
   567.70728766627781     
   554.45355985884532     
   539.86926601268374     
   525.72750819488465     
   511.92938050354780     
   498.48476019366404     
   486.58104675269055     
   474.26761631577222     
   462.79725165376448     
   452.12066537781828     
   440.46041939759112     
   429.41030235830834     
   419.53061617087889     
   409.00327029236223     
   398.95771419981673     
   390.73635068032786     
   381.74542251416983     
   373.99208829959321     
   366.40079781892069     
   359.58638331913181     
   352.56689772684587     
   346.63748994685443     
   339.60638343808159     
   333.88549662887812     
   327.91643959876592     
   323.93570229086623     
   318.92274714678558     
   314.54189161891202     
   309.53901027400190     
   303.33115472743611     
   298.25917493988993     
   286.46654284589414     
   272.41600811170190     
   257.84625180866351     
   246.01426968209614     
   233.32844753094017     
   222.08242428320065     
   211.50927106253656     
   201.85813848787774     
   193.31034827337101     
   184.35933068810610     
   177.44055196359824     
   170.19418364157505     
   163.11405749853887     
   156.35870011720607     
   149.55468379557362     
   143.99642823823058     
   139.24870778629682     
   133.09480132504538     
   128.13230862966290     
   124.15058909686886     
   119.42395903097376     
   115.34807194874143     
   112.52194136973213     
   108.90176359075903     
   104.69599454302843     
   101.28622334644390     
   97.304756790969435     
   94.192304194281888     
   92.211198342202110     
   89.701041449055936     
   86.542421091819548     
   84.157356053497509     
   82.129842269117759     
   79.963856540065024     
   78.116688529865840     
   75.574671427661343     
   73.450271279141333     
   71.581615730366721     
   69.652073786069380     
   68.070106119094262     
   66.263009222086339     
   64.659623350462240     
   63.594324473416087     
   61.399305976282612     
   58.805576778653439     
   56.567322815681237     
   54.523668712897411     
   975.52535109073074     
   953.31575090113654     
   933.77262243692792     
   913.22158742916565     
   894.96009589664720     
   875.43441655899835     
   856.05913068833843     
   834.99085709253814     
   814.66954822360367     
   795.45620994523324     
   776.52353795264889     
   756.29693907510898     
   734.48826617603686     
   717.13723769520618     
   697.38931308330780     
   679.44913541778783     
   662.45724290575117     
   646.12112304021787     
   630.57020055848966     
   615.69562140346045     
   599.40696358685045     
   584.30463608550485     
   567.65954578387527     
   553.78741495210522     
   537.80780291832480     
   524.77795686810009     
   510.87077840794115     
   497.63613657850021     
   484.16641546357027     
   471.32215078121135     
   458.79182718840838     
   447.53384269337084     
   436.67904903188128     
   427.61587313709038     
   417.43835943714021     
   407.06244062340289     
   397.05632819856100     
   388.72133066404416     
   380.40726591142601     
   372.47112350286164     
   364.40574133199448     
   356.66713800836970     
   350.53742903882261     
   344.13302797850565     
   337.77380844138457     
   333.05938907773117     
   327.84290841793529     
   323.82162308850411     
   320.07636830458722     
   315.42315783018097     
   310.99100077958877     
   304.23406457599657     
   294.12326037503715     
   278.44483951871734     
   262.13599760844443     
   245.29987801317941     
   231.73339729068255     
   217.52486221976861     
   205.71889593584757     
   195.66345826250199     
   184.95061887689010     
   176.14084962806362     
   168.37257580165215     
   159.82723030853626     
   152.62042006821949     
   146.69356217554420     
   140.98020577800520     
   134.05637054423721     
   129.08418736311907     
   123.89205165642927     
   118.88344819422261     
   116.22232624950988     
   113.47541378162273     
   110.36162653260332     
   104.92100235722910     
   103.06148317281495     
   100.35144460048747     
   96.197586665608924     
   93.428136322902532     
   90.137448982856199     
   87.231178163852547     
   85.875670425032382     
   84.389014900671697     
   81.997149588985906     
   79.371476429369892     
   77.399586970904068     
   75.104117885877997     
   73.024636072674454     
   71.623292338081654     
   69.746843957005240     
   68.499818120937036     
   66.886296817393173     
   64.982262195646356     
   63.160702812606274     
   61.648290298603982     
   60.297608819931270     
   58.766470196709690     
   56.844656794715128     
   54.128386715772542     
   52.538897138283957     
   980.51483988455254     
   961.43801381775563     
   937.86096616071177     
   914.68166398258256     
   896.95408474611781     
   874.85514012172268     
   854.57413170677250     
   837.61146185817199     
   815.60327949866200     
   796.41833761550220     
   775.98654104113155     
   756.68041230596612     
   738.99930989299889     
   719.91299923208635     
   700.36949042876790     
   682.15515458042296     
   665.13840916631182     
   647.21262074145511     
   628.41611551018639     
   611.62531261486924     
   595.23245374721773     
   580.16233221566586     
   564.55054907557349     
   548.95028049721225     
   533.10237007754085     
   519.98017256585524     
   506.42968690128919     
   492.92107172202333     
   480.83674524381291     
   468.83371887980309     
   458.40675067674880     
   446.60845450571503     
   435.84321315256392     
   426.34551109747190     
   415.64300769727163     
   404.26229053712564     
   395.59242833774073     
   386.79726251657644     
   380.10117771821410     
   372.11931492153917     
   364.12534300325052     
   357.03919419769682     
   351.84242792932349     
   344.24555821784759     
   339.56412827206753     
   333.87289146648914     
   329.05082418028161     
   324.74544867441637     
   319.94290086799674     
   317.42603696864637     
   314.24178220790736     
   308.90043696917763     
   293.04397843293646     
   274.20793532710434     
   252.97434353768080     
   235.49553192453243     
   219.08411995993612     
   203.57522492025882     
   189.42706447318889     
   178.67416734172261     
   168.71466176260662     
   161.08680639694759     
   153.20439882295335     
   146.64508889117653     
   140.30714936382563     
   133.83036577318035     
   128.97587987666208     
   125.07676474439450     
   120.48471582638345     
   115.40624006579060     
   111.00676075983897     
   109.27328524545278     
   106.87844362776421     
   104.10595390573391     
   100.45510057020255     
   97.305704238876032     
   94.313621026792333     
   93.012010879126905     
   90.318039045982061     
   86.758819947061198     
   82.535030940125026     
   82.567457959548349     
   80.669589962852598     
   77.607756325046523     
   75.607238222606924     
   73.470495617376301     
   72.703285718157005     
   69.930841309041597     
   69.834544946811803     
   68.191953992002937     
   66.309154213228751     
   64.594769550811506     
   64.265569276056496     
   61.975909412046860     
   60.032318062404627     
   58.856096544508496     
   57.002958768243943     
   55.253568797031249     
   53.878205672511811     
   51.884207204866776     
   980.84094995889109     
   962.77209756858167     
   941.72722923513356     
   920.98190064840310     
   897.07530679469971     
   879.01320251043865     
   858.05683174021954     
   839.78385730796504     
   818.67303353087402     
   796.70010551580810     
   778.35799552828064     
   756.52445193388280     
   736.20382212832487     
   715.42902623375085     
   695.72268315982785     
   679.03429039992466     
   660.63280679526542     
   643.48789719605747     
   626.21910354087390     
   608.72536503085632     
   592.05719944671455     
   576.12285534378384     
   560.82139762522081     
   546.48136579624429     
   533.76569080210038     
   519.93244621839472     
   506.07321855744476     
   492.38906794814227     
   478.87187505171403     
   465.96339709262810     
   452.77590306760112     
   440.92698347655687     
   430.07603853419539     
   420.31337992237724     
   410.17261777071724     
   400.41631864791003     
   392.21943045173145     
   384.94249830980436     
   377.84353635048979     
   368.86561753234696     
   361.01852758754944     
   354.55126823027717     
   347.16651385856255     
   341.95448268619441     
   335.81080636728223     
   330.86694623236690     
   326.38351110143350     
   322.02739693272781     
   319.50686955186058     
   317.35089318243826     
   317.00923782175914     
   312.76318654330760     
   292.43620523652078     
   267.72383907601659     
   243.63278349196747     
   223.30091954568559     
   207.20535346134722     
   192.13411560846657     
   176.80771215636275     
   166.60558647728493     
   159.10509386833985     
   150.91516125192504     
   144.91054220184915     
   138.49509523726957     
   132.69366610579135     
   127.08613381478999     
   122.92924934445163     
   118.68455358651285     
   114.58007988623692     
   110.57487833748289     
   108.48224432319307     
   104.15351870031532     
   101.93882164817845     
   100.26811218285478     
   96.667887980208008     
   93.639967580886520     
   91.566511049007033     
   88.743847452646179     
   86.952386690126147     
   84.359284350959499     
   81.550719760976278     
   79.838057280272565     
   78.937322117779360     
   75.745051904916693     
   73.863315596837523     
   71.819744573696184     
   72.102315116700936     
   68.412293252090222     
   67.600971923840788     
   66.146922915756761     
   65.240348405580136     
   62.353956795668630     
   61.734171434099657     
   60.506858483064541     
   58.161970431161180     
   57.495287964958706     
   55.642790379001703     
   53.716957371718564     
   51.406226484802964     
   50.117022507021026     
   985.93453289520630     
   965.03878221447246     
   945.93721506301085     
   922.38691471343918     
   904.85473445792752     
   884.94817297251211     
   861.49177535772697     
   838.69276863201333     
   817.80052542263752     
   794.96042644564841     
   774.47043409097694     
   754.40190626508445     
   734.82390363043226     
   714.04347391529586     
   695.40412778026291     
   676.53150422190117     
   656.32419767256602     
   636.05648488469910     
   620.65824194040272     
   604.06269071557631     
   586.02899759509000     
   570.82669265946470     
   556.56069679427719     
   540.99065159127179     
   526.58875692827269     
   511.87975763672387     
   497.30458322902007     
   484.57057976328264     
   473.01828586072924     
   460.95081132130167     
   451.01890524903064     
   440.51627457486876     
   429.43598644579788     
   419.38237170179434     
   409.89500564492960     
   399.34732930634584     
   390.86133040411346     
   381.97389502763161     
   374.64102992133331     
   365.91709538458707     
   358.76402068509509     
   352.38099138487229     
   346.51785757070320     
   339.95206446207476     
   334.13941903906863     
   329.26935193558421     
   325.19927570656449     
   321.69642304178797     
   319.83779226985246     
   317.25096982269565     
   318.21936280174140     
   317.15747513081152     
   291.73296991234429     
   262.10578627456505     
   235.32887415465854     
   214.14040560392115     
   196.54650080528097     
   182.95813929183592     
   169.72039416957423     
   161.00807134367668     
   152.58067774312769     
   146.44907578417366     
   139.98855106640559     
   134.21118123863570     
   127.27633146628158     
   122.94089358474224     
   117.92923306856981     
   114.13267959291426     
   109.43243944034887     
   107.26284357064246     
   104.84680294686589     
   102.23038710231090     
   97.160149632250523     
   96.541222110415589     
   94.666244323136510     
   91.963862163699872     
   89.391010034075180     
   86.289396319449054     
   84.350827622781338     
   82.832988318830701     
   80.030238051299392     
   77.489214678999190     
   76.623959448152561     
   75.578374300881237     
   73.415361993917784     
   70.622263178251956     
   69.860699021277526     
   67.785568450650828     
   66.503355764657996     
   65.517331387818189     
   64.336450412793937     
   61.818267391024392     
   61.021591316474982     
   59.010345428212830     
   57.637950672928795     
   56.657413064568473     
   54.722661888674750     
   53.088371298901322     
   50.689210427969918     
   48.169671876990741     
   987.89416515519247     
   970.68411115966364     
   950.17788238049275     
   930.07299320152697     
   908.53828496673327     
   884.34767084325370     
   863.99472612030263     
   840.64463872115664     
   818.90443643261926     
   797.69520332323555     
   776.58894404458999     
   754.75877470664318     
   733.99346364112330     
   711.58577146141579     
   689.49705085622463     
   669.14983060931604     
   652.18908256010502     
   634.88145683087987     
   618.91263104987991     
   600.92074334604968     
   582.49842779164726     
   565.55740566623399     
   550.24008365572342     
   536.83727715994803     
   524.31955134760301     
   509.64718474445658     
   496.29116785913345     
   483.65701300689955     
   471.10085653171694     
   458.91677567902059     
   448.29350028847864     
   435.46993223592102     
   424.71430674940336     
   413.83083368577445     
   404.43751215245959     
   397.05331993723541     
   388.68987989010327     
   380.09686897127085     
   372.17332606378017     
   365.63586496342077     
   358.18620939950483     
   350.10072648738810     
   343.59057721689624     
   337.78576043046530     
   332.05804754484950     
   326.93254475315138     
   322.76670218897311     
   320.87362377711861     
   317.09737595654298     
   317.60268119031889     
   318.96567264715435     
   320.98569573930519     
   291.63073047172975     
   259.62019966327819     
   233.02174644776193     
   210.99920508905606     
   192.93725784718805     
   178.51359054802532     
   166.35224004164110     
   157.47062780584162     
   150.55266084037669     
   141.25883413408798     
   136.51264697529930     
   130.81596114419503     
   124.27595987518922     
   119.80819353556043     
   113.15415461939642     
   111.63668749119675     
   107.10844664322008     
   103.74248045198907     
   101.85352809260262     
   99.124040828164837     
   95.111136679008695     
   94.439413014777443     
   91.362120814978312     
   90.161848527836000     
   87.821590011734585     
   86.464068402608220     
   81.902093587743437     
   80.810084662795902     
   77.643385301010909     
   77.771104524068519     
   75.998887197723889     
   74.564875556745733     
   71.209443795830552     
   70.025594590912576     
   68.091787820041247     
   65.862672627637949     
   64.864691419725304     
   64.126046356321837     
   63.401582459642185     
   60.562003460559708     
   59.435233360254770     
   57.874933045442276     
   55.930911957757573     
   55.575585321117188     
   53.624797492688124     
   51.136533290066346     
   49.159159078820835     
   46.883069605233565     
   994.37686936194882     
   973.42370727471064     
   953.10169062461273     
   929.57007843670101     
   909.12972706557787     
   885.91789315975041     
   863.14880070066511     
   841.81665419475098     
   817.34057577074304     
   794.97262847984734     
   770.79443514260538     
   747.21965018636479     
   725.71010967055213     
   705.31217099978596     
   684.42979672664308     
   664.80543733540753     
   644.73461623766912     
   626.35125466089630     
   607.87765051596125     
   592.42194548511702     
   575.83148043694268     
   562.22549988248318     
   547.35021214778180     
   531.78689185264068     
   516.89001176192517     
   503.28834061441376     
   490.04386897270240     
   478.05619176201384     
   465.68628075675429     
   452.88725973532837     
   443.87436252179430     
   433.07096445514418     
   423.50308020318249     
   412.85039224737523     
   402.60017456105743     
   392.40578004306701     
   383.36417955850658     
   375.66783265298466     
   367.74331354795606     
   360.43736202258958     
   353.16385789087605     
   346.31774317832867     
   340.45368571314850     
   334.99171079549939     
   330.19231214882717     
   325.74585821247297     
   322.46438003879030     
   320.40765871829785     
   318.02426531908264     
   318.50250401432271     
   321.17631513131676     
   327.02385186158983     
   292.93705081937964     
   259.11265318926343     
   233.12987525816217     
   210.75001989653049     
   193.58354963551267     
   177.37322350253146     
   164.54471716605235     
   155.60911848068343     
   148.72685190049555     
   140.04939586656249     
   135.40475741866177     
   128.86597504277478     
   122.17125557032745     
   117.01510254554705     
   112.38955720008396     
   107.92812181763527     
   103.64172240803141     
   101.90773531912120     
   100.44691125999545     
   95.137157528661959     
   93.297416881602174     
   92.058150136327100     
   90.666825612152309     
   87.383648935241638     
   85.977541439522099     
   84.172107168749065     
   80.569162430693041     
   80.047586668016123     
   76.287846779379208     
   76.514796007295871     
   74.291987160585080     
   72.694749055614295     
   70.310009556182820     
   68.898359823727247     
   66.972529225535652     
   64.437754272986396     
   63.263357026624064     
   62.885889466222444     
   61.997527383723039     
   59.993239159212891     
   58.796441146529553     
   56.669231101689547     
   54.396213170084707     
   53.156378462322863     
   51.851884053080219     
   50.292010965400628     
   48.296391491251072     
   46.066076938679977     
   996.34272215665283     
   980.54530635596245     
   957.38907117030385     
   934.07543890071815     
   910.88686828838399     
   887.22137827298877     
   863.66396846496104     
   840.03757050267598     
   814.26590850565526     
   788.18867277751588     
   763.68729191356465     
   741.82532025815908     
   719.28433952940452     
   696.93017739754293     
   676.99849954479191     
   659.15874122709772     
   638.68315075281305     
   619.67518850984209     
   600.54788874653809     
   581.97399919317979     
   565.73820372295950     
   549.21913040426375     
   536.05477646255679     
   523.29847294503634     
   509.72351307872987     
   497.43484488355034     
   485.13536709552295     
   472.87635010335566     
   459.28418677593686     
   446.81562714432488     
   436.09135497392833     
   424.81752611961531     
   414.43003838456207     
   404.65777675450045     
   395.36829933277255     
   385.43878819311271     
   377.94688274664367     
   370.20444870826435     
   363.03515796076186     
   356.27967656378462     
   349.46647894486955     
   342.62461829445749     
   337.38475303364555     
   332.52730894377191     
   326.75712140756696     
   322.98128882884708     
   319.21636694198168     
   316.95245652928361     
   315.19395570056651     
   315.74949165004381     
   322.07706019319903     
   329.99806953070777     
   295.46765386310528     
   261.81993554869615     
   234.59933236764414     
   213.14844547542521     
   193.97965887101526     
   176.05113664745670     
   164.96729955438420     
   155.40855770644927     
   146.13219009465499     
   138.83122350237778     
   132.61557651779793     
   126.66438590719031     
   120.47424264522742     
   114.85119415240780     
   110.05791477693052     
   106.10860913175011     
   102.89961839083855     
   100.56744938913722     
   98.236893230728484     
   93.706736420279967     
   91.809614757709241     
   90.538763842568144     
   89.024507872592920     
   85.958377021688719     
   84.553452381336143     
   82.120269014652052     
   80.231739411487084     
   78.432693381111022     
   75.734041533635150     
   74.002636704123290     
   72.364224170647262     
   72.103130749425361     
   69.026751453420474     
   67.431818118834229     
   66.016948861237253     
   63.770318119498086     
   62.539144508570310     
   61.947117571065682     
   59.912399998430232     
   58.435738524129675     
   58.513277075200428     
   55.872460282168710     
   54.351690873124710     
   52.620013387715872     
   51.468075804861115     
   50.303747849472344     
   47.389815468399306     
   44.422988398039600     
   1002.6601320466763     
   981.45901210550733     
   964.52757346285898     
   939.04948663020934     
   914.95358206576975     
   886.18781501401884     
   860.55297047195108     
   832.06842356866468     
   806.27385820126835     
   785.05991252439026     
   758.96643236732098     
   733.53343822534589     
   711.07732096627842     
   689.56152302252883     
   669.33238419039594     
   646.71528119160075     
   627.81672602256037     
   610.93739733091547     
   594.62414543324235     
   578.47604353631539     
   561.15305064013103     
   546.82717016624338     
   531.51031389065031     
   514.97044772509150     
   501.15950156554544     
   487.66581135129320     
   473.94802244824206     
   461.66040024755625     
   449.32243747948604     
   439.91786603500236     
   428.74994941707149     
   419.18077377562815     
   410.06591797947374     
   401.00883577973042     
   391.31247409435377     
   382.37948828878297     
   374.73169303829212     
   367.21223768899051     
   359.54908957911800     
   351.90014014988105     
   345.48753723811080     
   338.95736285181067     
   331.92509235583407     
   327.80561533104753     
   323.29107551927200     
   320.10705976007682     
   317.25102333482789     
   315.65174882195032     
   314.96356155421824     
   316.78874931220065     
   322.92301855780886     
   332.98594853659307     
   296.37705006520730     
   263.76181714742785     
   236.43702880548665     
   213.92244366483567     
   195.50911981144543     
   177.20488754608888     
   164.90440733651945     
   154.58083007608937     
   146.26948555546869     
   137.96581571339752     
   132.13017166408949     
   125.59013226117386     
   119.07137039964331     
   114.45190720131686     
   109.38676118181425     
   106.18693497412946     
   100.96390703545646     
   97.887285703186080     
   96.290505608430038     
   92.993565616121941     
   91.076545320650695     
   90.478839442943084     
   89.672692333909765     
   87.308667344773681     
   83.290888583502294     
   82.796542777294661     
   78.230166753023383     
   76.596618737832443     
   74.415915991192321     
   72.493577978258301     
   71.187908247491976     
   70.218321991407791     
   67.644674008817873     
   66.994537043727760     
   64.285086720311810     
   62.595550551888259     
   61.770915761098024     
   59.833375108953675     
   58.628081406267469     
   58.445291965701713     
   56.963157507326642     
   54.520221676235998     
   53.893307368885161     
   51.751698890173380     
   50.207269015679316     
   49.003363693022216     
   46.756932994865394     
   43.402353156274081     
   1003.7387987861496     
   987.71119708485935     
   965.56879009987802     
   940.72462852615661     
   913.44317135201391     
   884.76620267165515     
   855.97596086803014     
   829.25908416858135     
   803.20601899845747     
   773.45589315398956     
   745.58451665145446     
   725.72102557601852     
   700.28087976091228     
   676.69234797845138     
   655.92084030804267     
   637.36803973210181     
   617.23058299604759     
   598.65185176352679     
   581.20388045082882     
   566.37389860994449     
   552.24342891026708     
   536.77557797348857     
   522.14651573522235     
   508.21281293489881     
   495.45612868948615     
   482.11861131337906     
   468.14094855588007     
   457.35071838592842     
   445.09494007642689     
   434.68684309267894     
   422.06518031889760     
   412.14885714417613     
   402.71563841540666     
   392.19683297330079     
   382.54475110609962     
   374.43552231774271     
   366.80139618060463     
   359.95520206283504     
   353.13443378754869     
   346.83197217298107     
   339.62460263782077     
   334.40053697714802     
   328.31205694575158     
   325.10701852961381     
   319.52798024647245     
   314.82949719861188     
   312.59033556821248     
   310.92603474462703     
   310.91405771179882     
   312.67032165974604     
   319.95534532081007     
   333.70652712091538     
   298.67405222323612     
   266.81618444548047     
   237.04610625519865     
   214.82867319389959     
   197.06894229156896     
   179.71989013421177     
   166.14031849999267     
   154.00148597611445     
   143.66974489580923     
   137.61604875489624     
   131.23696179260617     
   121.78961412684198     
   116.66470328004155     
   114.99592257331108     
   108.32986923865042     
   104.43531582043032     
   99.547704033167619     
   96.343592593216499     
   95.247102368446278     
   93.309728158995910     
   91.309862287486993     
   89.189732777426400     
   88.236904815877566     
   85.020886711060754     
   82.501593287076957     
   82.041724309274457     
   78.550152055672939     
   76.058605406089654     
   74.017247552570595     
   71.677023722076385     
   69.803437164090994     
   69.384421515062272     
   66.871262560949404     
   66.256123033687601     
   63.776723663887147     
   61.260493375281186     
   60.784795424365228     
   59.655675734222164     
   58.568267793524022     
   57.836080319388309     
   55.481323729849265     
   54.272579323960230     
   53.269004507361835     
   50.581906861096904     
   49.302784889573644     
   47.960638754855630     
   45.735647967162734     
   42.795846648876612     
   1013.4997896480511     
   993.40690704550445     
   970.03270143402028     
   940.59494897342756     
   910.68274895651882     
   880.12123224076527     
   848.44975428779640     
   816.40389379611270     
   789.61575219099768     
   764.31634266181834     
   740.50575873430523     
   716.31983099515548     
   691.67132767589442     
   668.10468848902735     
   650.19353471090903     
   628.62290890209022     
   610.37037915638507     
   592.16739119156159     
   573.03119190974451     
   556.20160934222031     
   538.09060380546464     
   523.62393108521997     
   508.41521709820734     
   493.33316923191052     
   481.60476911506009     
   468.00637129407221     
   455.30714482853614     
   443.76472005859893     
   432.69939798699750     
   422.82355965040608     
   411.96712342316425     
   402.03628043459776     
   393.09226209908991     
   383.13733403825660     
   375.41196399505912     
   367.78640936413984     
   357.95798387132970     
   349.83386506193472     
   343.76236412930200     
   337.25711526411590     
   332.03731750738450     
   326.67912849387920     
   323.07510730044311     
   319.20954224334798     
   314.88382251226011     
   311.63452860319831     
   308.95346315847775     
   308.01824328633359     
   308.10858549669962     
   310.57447961724330     
   317.68210593672552     
   333.14953820823854     
   299.70169186096427     
   268.38009133944121     
   239.00453428860999     
   215.58548327382834     
   196.68056294070703     
   179.83419669706794     
   166.00852129494763     
   155.09227663355270     
   144.59705768518739     
   138.29780050810859     
   131.75487094597395     
   121.46486306146190     
   115.85236243992399     
   114.61128899298842     
   107.63929726015424     
   103.69556133344317     
   98.955809760708789     
   97.368552729343676     
   95.384810049319000     
   93.172962059272294     
   91.144909858912570     
   88.322735366708741     
   86.668062061573309     
   83.693566922779439     
   81.022606076687765     
   78.474153963082543     
   77.207988928113721     
   74.967134590832103     
   72.545288850644852     
   70.261265891933434     
   69.042007513341005     
   68.936827129449938     
   65.712312468878594     
   65.528982913333067     
   63.703368392585993     
   61.346896679695057     
   59.833440055393886     
   58.169394887517029     
   58.097384284094197     
   55.980773539660206     
   54.506792275745305     
   53.088708710608181     
   51.629618838043314     
   50.279451532597704     
   48.326735337197000     
   47.302988758531171     
   45.885084568177973     
   41.334983469396548     
   1016.5594604847804     
   994.11231394162019     
   968.65272745989671     
   936.53382270884458     
   905.33087469969382     
   873.96004499988021     
   841.06653569289597     
   810.78641533537098     
   780.88574439132253     
   748.56091068563501     
   722.49851339983184     
   698.88706330661728     
   675.17898032748496     
   654.33335839842482     
   632.31287832901353     
   612.53803571808180     
   592.58903913610641     
   572.57708075643848     
   559.74644745637181     
   544.97233800198444     
   527.93387505660394     
   513.39266053454787     
   500.23628439421452     
   484.00661031017557     
   471.16577570373141     
   459.84870158490872     
   447.94474909140473     
   435.60127168982763     
   423.55931190312901     
   411.04534037273083     
   402.15492281076223     
   391.50899980040833     
   382.19618798823734     
   373.93215202397232     
   365.59393736487095     
   357.68980682877128     
   349.71307558644725     
   342.46299825579740     
   336.74261410945650     
   330.76166256682649     
   326.53053647310395     
   321.22259641982720     
   317.40553336378707     
   312.78278778895572     
   310.80055280680040     
   306.12537811655045     
   301.97661460961882     
   302.05953142850478     
   303.22530339956376     
   306.01455316850956     
   312.90311376630257     
   331.00476197985017     
   298.93786230919869     
   269.39789537734043     
   242.41521922880960     
   217.95365436688198     
   196.87943086215824     
   181.80542683932032     
   168.99282693065936     
   158.02350615376392     
   145.10529779877143     
   138.95612858727969     
   132.40108906155683     
   122.79527666310028     
   114.96885819678020     
   112.42714186613597     
   106.36974319563129     
   104.28026524895725     
   97.918522686371091     
   96.884185793273062     
   94.356165020475743     
   89.849886117813071     
   90.160481652549151     
   88.293018601001023     
   85.974849862467352     
   82.056398105933013     
   80.833308954697912     
   77.918397969582742     
   77.497173187443423     
   75.315934626910916     
   72.012361244030245     
   70.428151482562313     
   68.413373192049448     
   69.109967537641111     
   66.063770539389012     
   64.853252310633195     
   62.600120067577379     
   60.509436838588485     
   59.496465375255553     
   57.194196195234746     
   56.988923624629649     
   55.055821874530402     
   53.875925515347276     
   52.360999774181174     
   51.152769947851624     
   50.364453888198184     
   47.761748964752648     
   46.547152516714711     
   45.041952008691467     
   41.740448997597369     
   1026.9684655384870     
   998.37580647577340     
   966.37078358670408     
   934.02882987679550     
   900.80398975543881     
   864.30130752549303     
   833.24944459514131     
   802.57676981420548     
   769.05799920899460     
   737.37121023328996     
   711.99782928203012     
   682.73043057222617     
   661.78378403981378     
   640.28647185545719     
   621.89390231928485     
   599.69680050478587     
   579.07016724655148     
   561.10877055379240     
   543.33152270065693     
   528.11717127895099     
   511.84130552525926     
   496.71066590458554     
   484.03613690383423     
   470.08767854801863     
   457.52131094671967     
   444.06902131708125     
   431.42345699264683     
   419.60726535605926     
   409.26155683300397     
   398.04580301221461     
   390.05807594540988     
   379.57584504400597     
   371.54743967663586     
   365.62318441010569     
   355.71655399685221     
   347.23542167385625     
   340.83199230900289     
   335.23794946535651     
   328.85258815299710     
   322.63983764015563     
   316.79043055040336     
   313.53110370165069     
   310.45082138036179     
   306.43337527654961     
   303.59694699775855     
   301.41143543701037     
   299.42712449525476     
   298.67719697527201     
   299.27952494434351     
   302.75626667369977     
   307.64661626217867     
   325.23632412284263     
   297.53299150110854     
   268.41086825812266     
   245.88436890764325     
   217.60804854782103     
   199.78839818393030     
   184.33116485663439     
   171.22757044551042     
   159.32727705915516     
   146.95958758082892     
   140.60807118865330     
   129.95257725333184     
   122.60242330932310     
   117.31116446903053     
   111.62215171349497     
   107.62978022431962     
   102.90612115728732     
   97.754890076136491     
   95.816045900015979     
   94.025256881650861     
   90.821427861483656     
   89.554098857066890     
   87.866280352727742     
   85.264579267982469     
   83.852976619592624     
   80.897363376220326     
   77.237383107898793     
   74.893380683003073     
   73.724459308739966     
   71.207252143361487     
   68.808493183445890     
   67.441197310327581     
   66.874844736547743     
   65.666469613042395     
   64.714247666388616     
   61.204971966924830     
   59.728978247470202     
   59.145296291458891     
   56.925438063624426     
   56.654783373218116     
   54.542311685323355     
   53.455830525890832     
   52.282798188186192     
   51.319016004127946     
   50.186641790847276     
   48.063374523281695     
   45.916360101924376     
   44.385353833126196     
   41.367544061799265     
   1028.2323828860942     
   1004.0317250812386     
   968.29046718196923     
   931.35663653881943     
   892.60975900560595     
   854.67610843475768     
   817.62098061183951     
   782.53969840759896     
   754.02816265492254     
   726.03093205561095     
   699.29447513492983     
   673.99907638312845     
   643.75528039358142     
   618.44923048510418     
   598.20258698720613     
   577.84543464264482     
   560.84172769348550     
   545.54686263746578     
   529.35075010004925     
   512.74493835207386     
   498.30211066175502     
   484.20252552769171     
   469.68006867477720     
   455.76668971402785     
   442.69057664584659     
   430.99446706276979     
   420.59185268024459     
   409.03954663245270     
   399.55663353646480     
   388.42810023091869     
   378.84279179010832     
   369.72811222677359     
   359.47663135209837     
   351.55022980925690     
   343.86061053772187     
   336.56424619214272     
   330.89487252184529     
   326.26220197779168     
   320.91706880560878     
   315.09542403525347     
   309.26352229297424     
   305.19625796847066     
   302.01979645090313     
   299.89561536397764     
   297.99334820190347     
   295.97546581269290     
   294.51944840021827     
   294.34004017626683     
   295.70424891712582     
   298.34043115877290     
   302.23545734656733     
   319.41220219067941     
   295.35627716038232     
   268.88734782545197     
   248.22962104398172     
   220.33686768423394     
   202.73854520877705     
   187.24739768242370     
   171.98971436884472     
   159.92006366414174     
   149.04344775232295     
   140.53328080435625     
   130.68079965862950     
   121.69207786155941     
   117.04282468758447     
   110.68041513907937     
   105.81733944683994     
   102.33002804800674     
   97.280304526796272     
   94.491992556414019     
   92.799649635811107     
   90.369392797829448     
   88.366874164324571     
   88.942155825359876     
   86.111009103312128     
   84.059670503613560     
   79.796869693782483     
   77.003546593862950     
   75.037493519513262     
   73.249160169690441     
   70.812175709498518     
   67.938544363154506     
   67.228104880611454     
   67.004136020376606     
   64.718430879330555     
   63.205491653108922     
   60.562145894894947     
   59.128041964089398     
   57.931959077994030     
   55.463160584960775     
   55.313573750220513     
   54.457461953568860     
   53.072334056156052     
   51.411137673926042     
   51.383960179293211     
   49.229904820731676     
   47.480086863413845     
   45.440554630237372     
   44.099469775279040     
   40.436982646533465     
   1036.7013443958656     
   1007.2504607967360     
   965.05991827798960     
   926.76899720697918     
   882.11084627224409     
   841.23175372959622     
   804.33241837141566     
   769.52316322899628     
   733.78195338579849     
   704.28073071188817     
   677.77392709742969     
   652.36870161343666     
   627.10897801890974     
   606.76877990527464     
   587.70846148377279     
   565.19833157657365     
   544.95923796362467     
   525.66364945303303     
   512.58514715952049     
   493.59940186344090     
   482.20206696787443     
   466.26626471231168     
   451.55735553420470     
   439.51026014721418     
   426.81916086544891     
   417.52949354656977     
   407.39433780503884     
   394.85842534658855     
   385.72583590459215     
   374.24488029774716     
   366.23810642685066     
   358.31378244113029     
   350.72421831263989     
   343.17542693296809     
   335.99077746329425     
   328.73192957346362     
   321.46397912892883     
   315.15188730983539     
   311.53930098155814     
   305.38039117385262     
   301.55859140086636     
   298.42856271306010     
   294.29857880008285     
   291.73887414707406     
   292.47964894598243     
   290.87983341383449     
   289.88579162865472     
   289.74955093294659     
   291.90591177859471     
   294.35736818787331     
   297.04388644462381     
   311.57138128858651     
   290.96610324957749     
   268.51263184293515     
   247.54846324643319     
   223.07441661122107     
   203.87581896353808     
   187.50568637880940     
   172.96261190355028     
   160.54359422126754     
   147.73382677605946     
   138.72272381615758     
   127.81798778278488     
   122.51814517090943     
   116.50462379751210     
   111.07341161466042     
   105.17926936530721     
   103.65496767900804     
   98.963106319223670     
   94.605396131103689     
   91.360866565030250     
   91.464235593842375     
   89.658096508194461     
   88.240417787784196     
   85.730194818892045     
   81.648491864571099     
   79.080322119336216     
   76.447217360724750     
   76.180151550850979     
   72.716904564821391     
   70.844857065430958     
   68.787799362869961     
   66.879055778529150     
   66.163035712955519     
   64.666694787053174     
   62.729958273045760     
   59.845872537107240     
   59.205774937831464     
   57.768931171358098     
   55.994280801257815     
   55.218274000258056     
   53.344587300250453     
   52.278759336853014     
   51.034798233194607     
   51.299693751255006     
   49.403051034072433     
   47.838714986241186     
   45.023282702712578     
   43.619261134061105     
   40.391067335698303     
   1045.6100776634946     
   1008.3777395929944     
   963.13856647228215     
   914.26303923890407     
   867.07253109053090     
   824.33288264819930     
   784.91601617243077     
   752.07111747665169     
   717.54373941098595     
   687.39777174160440     
   657.46811885900252     
   636.95436202937299     
   610.56403369540544     
   588.70754800611871     
   568.90302981847537     
   551.27562449554239     
   531.20235053539000     
   512.35143404635119     
   498.79700647608746     
   480.86208931446834     
   465.23595812044448     
   450.98712143537824     
   436.42318024426010     
   424.58867664334946     
   411.13579648884900     
   401.71912429050485     
   390.31157896739239     
   378.87050038872133     
   368.61870796938689     
   359.98652078498560     
   353.31900381030459     
   347.21015550057604     
   338.98182837705212     
   329.64332800599709     
   322.47279903041186     
   317.70468196407370     
   311.44542612075043     
   308.79541517874929     
   302.76464722892695     
   297.65284092090917     
   294.95274889282445     
   292.99183863824203     
   288.54753809232807     
   288.30231354067871     
   286.06351817502269     
   285.95385939662987     
   284.91392885245710     
   286.16623662446466     
   287.54567466318485     
   288.66778496717632     
   289.87549624165968     
   304.03810049908344     
   288.60325376233612     
   267.53187884052920     
   247.19261785159895     
   221.65818472314425     
   204.15099384496827     
   189.24909193091420     
   176.91018490220634     
   162.69131414472008     
   149.25623939430983     
   137.01245103520503     
   129.89685013570033     
   123.19003386816527     
   117.42190663697343     
   112.10111491169778     
   104.49246713664975     
   102.15866258634541     
   98.927047303417652     
   94.231449092547734     
   92.170024357697855     
   92.565873775435165     
   88.466352588028940     
   86.848688012154938     
   84.845815927365621     
   81.356461326787539     
   79.361952442079769     
   77.173729856785073     
   75.874385312895626     
   72.574981732775683     
   70.307919049000731     
   67.994343534748623     
   66.751820781615777     
   64.527482155865798     
   64.135842465344567     
   61.843456968057779     
   58.768605950085600     
   58.429096199440806     
   57.312482079716290     
   55.809745583786729     
   54.020562453671950     
   53.630105547525510     
   52.036261549484365     
   50.818542882300626     
   50.537180270875723     
   48.428473210154856     
   47.045056955826986     
   44.007685061246590     
   42.507327508260147     
   39.767364699836911     
   1052.3575341130177     
   1011.7444856158986     
   957.17387609732373     
   909.22641746075715     
   857.97021245777887     
   812.08287944877111     
   773.70736301418549     
   736.82083976867079     
   703.34913208147395     
   673.71629262527711     
   643.00245321673015     
   620.69057883118649     
   596.15840902433911     
   575.49231658175847     
   549.57191661103138     
   532.59044049546674     
   515.19029904852459     
   498.64559191342045     
   482.22528826537609     
   467.09598220443002     
   452.10783347839356     
   437.04514733672630     
   424.38480902882594     
   412.03495431975603     
   401.30752413330060     
   390.67721963536621     
   379.88239418051523     
   370.51755423500839     
   359.27888803463389     
   350.26706939962571     
   342.91748645191558     
   334.86333878531781     
   326.57145240820910     
   324.49810625772966     
   317.72653366762972     
   312.07504840110306     
   305.54868953102306     
   301.68916870105801     
   297.56642951538277     
   294.02613417746380     
   287.99363684020068     
   287.54792914035738     
   286.41704804146366     
   282.82560308119008     
   283.73635566247293     
   284.04538081361784     
   283.37421365108486     
   283.79318614934107     
   285.82346319018814     
   285.93761902694530     
   285.40326310710998     
   298.91622794179392     
   282.82040712780849     
   265.56959548054067     
   246.78840163141192     
   225.94923661205701     
   204.78499855855665     
   190.60458304938336     
   175.51496792091601     
   163.23242410018935     
   148.30610714902360     
   139.74517498806037     
   132.04270445438294     
   123.00762322614139     
   116.38445863423648     
   109.70966974021536     
   104.89641009220648     
   99.621588723230872     
   96.930032345089018     
   94.397277954299582     
   92.683404238541016     
   91.524054055361603     
   88.226571030452590     
   86.703590770606823     
   83.380702816047744     
   80.727586500158026     
   79.610716871552455     
   77.123802494759744     
   75.360591691165141     
   72.738257557000850     
   70.396995686444555     
   68.591237325665006     
   65.656443727031828     
   63.759033172410867     
   62.745879606293194     
   61.864859744495320     
   59.859352820140892     
   59.115343973891072     
   57.440510127951995     
   55.151494336571588     
   52.866015318465088     
   52.543246787938280     
   50.696604943194849     
   49.907094690574027     
   49.431639298291060     
   48.270636578476370     
   47.022087412584689     
   44.764720378747668     
   42.377430293033846     
   38.718860220151591     
   1056.7905000612939     
   1011.6932660257764     
   954.59028190019001     
   900.30418268683763     
   849.27608355732741     
   801.29878073750433     
   760.47144515411242     
   724.09776191337096     
   690.46780719047092     
   657.21290889933425     
   625.37760169260810     
   605.09285312404143     
   582.17980974772502     
   557.02039830583260     
   536.73808591983482     
   514.79771772435583     
   499.70615337855224     
   482.95735111570184     
   468.81855199617166     
   455.83987904899277     
   437.63332013172931     
   425.37216641073343     
   412.58852240883579     
   400.90822305582094     
   389.68195184334814     
   378.54634563170464     
   373.01689395791874     
   362.73715621305900     
   352.18619716930789     
   344.33954372081178     
   333.52728454159137     
   326.91531808542516     
   319.46773203210631     
   312.73323266885097     
   309.70419485247550     
   304.15741518023407     
   299.76808087890151     
   293.91273279447864     
   289.38908054083424     
   288.56229381949646     
   285.63289356085062     
   281.00569468281401     
   281.36921532223170     
   280.05348960514419     
   279.55187835061639     
   280.70526544283325     
   280.72015519211959     
   280.37942335311828     
   280.92517664465248     
   282.49902599830045     
   281.42652016160940     
   292.78809526290831     
   279.29963324808210     
   263.35706641704456     
   245.52148071109164     
   228.55318005630772     
   206.07321592236889     
   193.96693580089465     
   176.48531663052003     
   163.69184723796235     
   146.65161517404781     
   139.43294937585608     
   128.07865638116442     
   122.45574612797552     
   116.82436579467921     
   110.36983846377048     
   107.20924396426383     
   100.82139416610269     
   96.169803374983644     
   95.138283932255590     
   93.103845822589747     
   90.537643672792612     
   90.433425839479668     
   86.291708875041223     
   83.433039285640817     
   80.210357556901357     
   78.479993632304684     
   76.603191246215033     
   73.898041588044663     
   73.491893931486132     
   71.712059381920596     
   69.063720509533013     
   66.486108994489115     
   64.258919632000740     
   63.184247370204474     
   60.398129433006233     
   59.902905503392127     
   57.313530694857391     
   56.895471202780946     
   54.372658553998477     
   53.293032988171987     
   51.140622799549320     
   49.888212273584124     
   50.552210337429628     
   49.137206196353986     
   47.458770250304255     
   46.687068394541654     
   44.483706864084922     
   42.207095448280192     
   37.833826852384220     
   1062.2659493095512     
   1011.2869401432854     
   953.84740244708803     
   897.25976911260432     
   844.20332093979914     
   792.23135592110691     
   750.59216011661522     
   714.32576501832489     
   681.78097279954102     
   650.83189857543096     
   622.98401159009325     
   596.06498180960341     
   573.08856935975871     
   547.19833485395668     
   528.11637797447429     
   510.75252944593387     
   490.23312782982225     
   471.17932476009275     
   452.60444838781279     
   440.89094315045662     
   426.93941314233678     
   414.08321526676025     
   402.08376150763092     
   393.16639364709931     
   380.36032639332672     
   371.88348376709848     
   363.97165218877262     
   352.04174274745492     
   344.03252037865423     
   336.36753929732470     
   327.46797539869834     
   323.87173401165097     
   317.36515218936256     
   311.28961756552468     
   307.40490297298072     
   300.38793871942977     
   295.35311209077645     
   291.82811248758964     
   286.51909667589376     
   282.82777576942442     
   281.91061493633708     
   279.66465053801028     
   277.98177046403890     
   275.91204084332873     
   275.80399429209501     
   277.77373734410293     
   278.59174444470227     
   278.57778679871421     
   279.82059537520070     
   279.82943312565283     
   278.28544616498073     
   286.25906686153905     
   275.65083371227797     
   261.55606447598740     
   246.70108640698550     
   228.20630367627879     
   210.10896286063041     
   194.46865125184084     
   179.28427242628271     
   164.55991356648448     
   147.76500749999994     
   138.60674581239027     
   128.05647756333934     
   121.89646568315189     
   117.47101703887392     
   110.51973582904446     
   106.36008379846241     
   99.684042196645748     
   93.854375982609753     
   95.457945100085041     
   93.093641326844420     
   90.654836546030324     
   91.499367567894495     
   84.893825683857699     
   82.801740610113256     
   79.147701144311796     
   78.764312020415389     
   77.291725528538237     
   74.296981059210864     
   72.551927518426211     
   71.833689875335068     
   69.246682241030967     
   67.055138655013053     
   63.808868418341326     
   62.572661144139779     
   60.379266422222067     
   58.879754274286810     
   57.300897669728400     
   55.933555630536084     
   55.046591743619395     
   53.260459826551944     
   51.072130086635383     
   50.539853849423167     
   50.497773162647647     
   48.588949516988038     
   47.583203635391911     
   46.237082178418298     
   44.302909931393827     
   42.060369314690362     
   38.983812298623505     
   1063.0442567397586     
   1013.6130601793257     
   949.16223326120314     
   890.84740297113603     
   835.93447357572654     
   789.41654948140433     
   744.87228189700033     
   704.62564694049161     
   673.58423537992303     
   639.54379814059894     
   612.97920004964874     
   591.55401773294966     
   563.43321419882227     
   539.01176645777014     
   519.15432892821525     
   499.74619959536705     
   484.86935886063151     
   465.74990004669417     
   447.66043861473895     
   430.82170760603827     
   420.42612097853771     
   407.25336119546301     
   395.04691253708472     
   384.87748813185556     
   372.15856859095686     
   362.45662322547281     
   351.95996144213984     
   344.55860197699747     
   336.59165510314364     
   331.61753462373940     
   322.78300791588663     
   315.13328099598829     
   310.36694228234518     
   304.54944438001257     
   300.20275692195344     
   294.15688602186856     
   289.88869233886152     
   288.48286556598231     
   283.85543850855436     
   280.87130720407492     
   278.03816506330327     
   276.28846342533910     
   276.74960110519049     
   276.68284730589454     
   276.66454659008815     
   277.72811923740608     
   277.30019491699011     
   277.17127308756579     
   278.16167475225092     
   277.95611974752364     
   275.10099698158689     
   282.68391277053269     
   275.15951503579055     
   262.43014194960847     
   247.51598267696784     
   228.70471749588575     
   211.23960902187108     
   194.85450842993026     
   181.85603204971397     
   165.19735522633476     
   148.55768670966853     
   136.35608569221631     
   128.95998791441184     
   120.69383230675149     
   117.57701110126088     
   108.81148079534124     
   103.75632092868800     
   100.63431385201650     
   94.065864445774025     
   94.824326555959175     
   93.247678519365962     
   92.808012246684314     
   88.396381250278466     
   85.614316084764027     
   83.264905702503228     
   78.790302146866594     
   79.048055791284753     
   76.356169843028098     
   75.240270689270105     
   73.330423929972611     
   72.155516746853010     
   68.406256170547792     
   67.590471307421168     
   64.143491905546483     
   63.138065564982739     
   61.072927190692752     
   57.282045540272904     
   57.076262099729227     
   56.686919671527448     
   54.198395010715551     
   52.977271110724516     
   51.296974412195866     
   50.601667182675207     
   50.158761375955052     
   48.140270292757485     
   47.038389818546904     
   46.574459295481901     
   44.613881768565662     
   41.493580558231457     
   37.946747447300758     
   1070.5671453695115     
   1017.0493275470158     
   947.97657832860023     
   888.22985225548268     
   832.17478095898480     
   786.51220531364220     
   745.18721707126269     
   703.80595094778289     
   669.88081134402182     
   635.41518500454868     
   607.10970072363727     
   587.91001365520970     
   559.40787633311152     
   536.91899604300420     
   510.41386819354477     
   491.98967767281442     
   478.69649836571170     
   463.63558799209483     
   446.98267093362745     
   431.94714918275395     
   420.12756983589350     
   401.16070099210117     
   388.96124520692922     
   378.42302224059893     
   368.77554897421305     
   355.73186179086031     
   350.23375479183187     
   343.80048076463589     
   335.08881333873728     
   328.37391842538722     
   321.30398436681332     
   311.69968844031331     
   305.98015290115904     
   300.00302580843186     
   294.65946862463011     
   290.83583242165378     
   288.13769138705072     
   285.28025865050540     
   279.62490348828931     
   278.42543831439008     
   277.19942972949019     
   275.67451200543809     
   275.44694334916011     
   276.55378643544702     
   275.80553669201083     
   273.35806755874842     
   277.29102334580188     
   277.29584122594974     
   276.60011941695069     
   278.80025458212555     
   274.35870214789526     
   280.40067148261119     
   275.85008963753194     
   263.46918024057942     
   248.57527067280822     
   231.45684201571083     
   212.08427510597105     
   194.65242836705423     
   178.58932203505537     
   161.30495132189247     
   148.97875092447231     
   134.53895707882629     
   131.09121444985448     
   118.71275910589412     
   116.62718634930252     
   109.67645853741394     
   102.34618329078003     
   100.69975082202467     
   97.168619300010121     
   94.030834688514233     
   94.714282075583483     
   91.696889168337549     
   86.670699489748600     
   86.198800241670327     
   83.021842199331715     
   79.389335007286604     
   77.489773430298555     
   77.323536305355674     
   76.660520687225741     
   73.648933209781262     
   71.937852840029791     
   68.628765962477786     
   68.164605236364167     
   65.671113863863496     
   62.794449958181389     
   60.242479420644713     
   56.923586890364440     
   57.803579715818138     
   56.124192306798953     
   53.966481862285576     
   52.455489652522388     
   51.486052852928509     
   49.618555588530931     
   49.563047599030796     
   48.418929883519262     
   46.930062818211582     
   46.401223438106655     
   44.068617266533778     
   41.561680903752716     
   38.483218142032150     
