           1
        3200
           1
   995.00852820165937     
   939.94292335340128     
   895.73148051371334     
   864.60139774710706     
   843.10124808525234     
   819.44494371854057     
   796.82019380971815     
   773.29312891295763     
   754.13503194766463     
   735.21734616867070     
   718.80058564241835     
   702.08078068727707     
   685.01079242119113     
   666.31104565218493     
   648.53616615168130     
   633.32884734639504     
   617.57001650162010     
   602.80176816333369     
   587.44848829854072     
   572.09554905480616     
   558.11031719974403     
   544.73676106789071     
   532.31158826491219     
   517.15586037970297     
   504.89680642945450     
   492.81424635918239     
   480.99307675518651     
   468.88570366690249     
   457.16813447908510     
   445.18604161190603     
   432.49531190090187     
   420.89265796132821     
   409.65763895438937     
   399.11801128695180     
   388.48001918144354     
   377.46503920534246     
   367.40062904835997     
   358.07179024296266     
   348.89031847240688     
   340.04441839966694     
   331.19405948535092     
   322.48857101756391     
   314.41010097139872     
   306.94292464128614     
   299.51021999675646     
   291.92336691090100     
   284.44069289241554     
   277.30286572919653     
   270.82877419069183     
   264.58399190539092     
   258.82230403575193     
   252.97346760215964     
   246.96330638797056     
   241.32620996382349     
   236.32553224500384     
   230.80396546195334     
   225.95887683024947     
   220.95986492341140     
   216.22132848218843     
   211.45214800623631     
   206.95302400982973     
   202.49517944412690     
   198.03638848442873     
   193.84527985280684     
   189.74781552415067     
   185.99808600739840     
   182.10021270330205     
   178.66581679934728     
   175.12851994800030     
   171.43834332743310     
   168.14058319136464     
   164.97774451907932     
   161.51765217845218     
   158.23058984326462     
   155.08972720839657     
   151.92264856312772     
   148.94311787333490     
   146.10139607902798     
   143.32888092923832     
   140.60228980300874     
   137.91675159548285     
   135.13640757421109     
   132.47971258158282     
   130.02462964790868     
   127.61865676053191     
   125.14995143463706     
   122.75785877655429     
   120.39622893420550     
   118.15831369206543     
   115.95503399360194     
   113.76773209372359     
   111.52419775701807     
   109.44625057162622     
   107.42477760187541     
   105.30514385537971     
   103.33734212819969     
   101.43883909873749     
   99.500429056704689     
   97.577300483384903     
   95.748315871094121     
   1013.9892071923855     
   981.98607493850068     
   938.04324941131051     
   902.29492081435671     
   870.73390097110359     
   842.34919093017049     
   815.64929876663859     
   794.40546584833578     
   772.97266254148553     
   753.82174255971233     
   733.80590054229560     
   714.11915601941234     
   695.35290389527802     
   679.71698455456090     
   661.91185469653624     
   645.70940642903702     
   629.69048077114985     
   615.40819805484580     
   600.03141506359509     
   585.73354915594405     
   570.18412471611055     
   556.67974254290016     
   541.79714325141049     
   528.37545732930323     
   514.27049398406643     
   498.76731915357095     
   485.05178997873935     
   472.41122883924550     
   458.66149845227500     
   445.61099935909351     
   433.57310996099017     
   421.54569675208506     
   410.06417181539064     
   398.80550845409277     
   388.04860923267995     
   378.03567901277643     
   367.59751226116532     
   358.30706162348537     
   348.99757468996711     
   340.19959201498762     
   331.31683795846948     
   323.01650588025836     
   314.86173360956639     
   307.13409157837896     
   299.56029607382817     
   292.20896662781922     
   285.37012756885497     
   278.63643990279706     
   272.46630801803138     
   266.11307166539956     
   260.19584501723182     
   254.05032857946924     
   248.06588772403720     
   242.58184694851934     
   237.32861002613799     
   232.21054692888166     
   227.00264453370630     
   222.23632428833770     
   217.30817665863577     
   212.90316429529480     
   208.21514264488420     
   203.78754295186505     
   199.75328504486168     
   195.48769925971345     
   191.53895195963824     
   187.41560041090838     
   183.56922713055178     
   179.97060042292179     
   176.37015058636803     
   172.62617974895224     
   169.12149916654118     
   165.75965518948493     
   162.48014628544078     
   159.10266523132017     
   155.91187426909511     
   152.88124145395321     
   149.91018352610993     
   146.89185007652293     
   144.09483396648483     
   141.33902019770599     
   138.56295843577936     
   135.85724569565491     
   133.23006103995425     
   130.67784316576774     
   128.08585113675184     
   125.53866040456438     
   123.13505935403774     
   120.84615456890279     
   118.62029007340145     
   116.27385878212588     
   114.15879726291391     
   112.01788452996855     
   109.81970320471665     
   107.68905791540823     
   105.66905055965361     
   103.57978724295452     
   101.55178449964018     
   99.575919932452948     
   97.710688757998525     
   95.861074713458407     
   1019.1047313999331     
   986.27183297329339     
   954.42650332759467     
   925.33211362467716     
   893.81103931114785     
   864.10341585070103     
   837.42626300618485     
   812.43450050123204     
   790.00998747862207     
   767.98667866789799     
   746.74537679853756     
   726.73832933711731     
   708.76682978258816     
   691.19004484740617     
   672.35693515113508     
   655.59117901893876     
   638.65899613132785     
   622.41852807931150     
   606.41910459594351     
   591.38718624920227     
   575.25735450109744     
   560.07099481353089     
   544.69494289586157     
   529.51306017401930     
   514.03819292967682     
   500.08146499356911     
   485.55237196813073     
   470.53590394625496     
   457.93905447832594     
   445.49135887928048     
   432.68399070083285     
   421.72171702360953     
   409.66988001661855     
   398.36355640831459     
   387.79032609148328     
   377.25427110286989     
   367.38733294977726     
   357.97752983238786     
   348.97124043624035     
   340.43104604964066     
   331.48842444691462     
   323.06866498098123     
   315.50995133826297     
   307.69965621222229     
   300.31016332611472     
   293.06939623738003     
   285.70644645030916     
   279.13430714301279     
   272.49733025596532     
   266.31138540618088     
   260.39068813951167     
   254.34102605804634     
   248.54532113170401     
   242.89229036035420     
   237.28488655743269     
   232.20636126708621     
   227.09800381215030     
   222.03245070643129     
   217.48621659204309     
   212.77085853335507     
   208.11102629467439     
   203.79723443445698     
   199.71843440706397     
   195.42910812657576     
   191.26245408945874     
   187.50328666381102     
   183.65494182934822     
   179.94638671808147     
   176.14407749684486     
   172.68100362654923     
   169.13368731643027     
   165.87512523369733     
   162.49934428739911     
   159.39607014919972     
   156.18964536202168     
   153.12415255510862     
   149.97457229096318     
   147.03437491682917     
   144.27352267758894     
   141.43512333051561     
   138.73244881768014     
   135.87256876830369     
   133.11772152672231     
   130.60903188563074     
   128.03538493462148     
   125.62348278462336     
   123.17155664130651     
   120.67970848862387     
   118.30111781439331     
   115.99906809893972     
   113.74891542159619     
   111.55181301518543     
   109.28382788073122     
   107.13621752253383     
   105.13936477676330     
   103.10778955599314     
   101.03886737912865     
   99.034221250756460     
   97.020597775437210     
   95.027086020498487     
   1023.9638216686213     
   990.78497148837539     
   961.05223191884284     
   934.66731399921730     
   907.45890260412966     
   878.46465142214447     
   852.15293369635992     
   825.76715308802977     
   801.94688315261897     
   779.69793862007748     
   757.97252276380709     
   736.43534166833683     
   715.94762420530674     
   698.12022117952642     
   680.22831903982637     
   661.99455874928117     
   645.64851836720345     
   629.28224694795063     
   611.89177304755174     
   594.35361034480252     
   577.37641056923462     
   560.80086736654721     
   545.76798849043587     
   529.35345090125168     
   513.93748262621375     
   498.40303398115805     
   484.26184771402183     
   471.04633449226031     
   457.04692742501322     
   443.66534733738553     
   431.90416360509931     
   420.60835711504501     
   408.36770305823813     
   397.34176884057865     
   386.88288138727779     
   376.68510018278192     
   366.33137995133058     
   357.74863242236830     
   347.81735373337665     
   339.00175241325593     
   330.07115550622524     
   321.71917107616423     
   314.22871245049748     
   306.69888759253740     
   299.54513101336187     
   292.51005411133224     
   285.29461148028901     
   278.79649648165918     
   272.12085315248572     
   265.76193310895729     
   260.17220717643545     
   253.85203615018557     
   248.75717653126389     
   242.83901889808183     
   237.46548647951306     
   232.00728900103712     
   226.75560847185636     
   221.92266045966718     
   217.27289908145465     
   212.72483931215416     
   208.18575966783970     
   203.74159572171666     
   199.40922557666312     
   195.39479279022910     
   191.39163120436965     
   187.51298477298741     
   183.61842868267593     
   179.76476440966815     
   175.88979974474438     
   172.20097286318722     
   168.83317289342978     
   165.46989132002207     
   162.13307177507940     
   158.87317327713123     
   155.59436221170992     
   152.70422854915461     
   149.65347187991270     
   146.68097934252313     
   143.86937837564122     
   140.94476729005748     
   138.09427830481042     
   135.32176183302187     
   132.62115145191709     
   129.93617173269803     
   127.33336652954159     
   124.94557216128857     
   122.44116054229042     
   119.96676153451065     
   117.53956179568839     
   115.15476439697764     
   112.73776265000632     
   110.50358538682859     
   108.29009853848524     
   106.08255783712545     
   103.83443943650569     
   101.69668764648142     
   99.698624528187793     
   97.651115148384378     
   95.682990587591604     
   93.603522223238656     
   1029.3811612442316     
   995.87007770198193     
   964.61874938302776     
   939.67708743199182     
   914.30842331389113     
   889.29199052950105     
   862.59381434541410     
   837.14464877999467     
   813.61820028746729     
   788.97365849840423     
   766.28120656380077     
   747.13358177170846     
   727.88351392268476     
   708.95539532472912     
   690.26948780315536     
   670.29877156007240     
   650.48897237008407     
   631.89355180067344     
   613.21258165455856     
   594.49304523038609     
   576.51567486920032     
   559.56475774174532     
   541.63631898799179     
   524.81993987153771     
   509.73338337694986     
   495.70354694998503     
   482.49088392701958     
   468.45351724948591     
   455.87396228874286     
   442.73513772887731     
   431.71042525530243     
   419.25140906246475     
   408.70235636297758     
   397.85645822281606     
   387.59963236498442     
   377.70167366470770     
   367.69267703733794     
   358.41627479845010     
   349.32899250355138     
   339.90625097137024     
   331.90337306672052     
   324.37369624362867     
   316.06321668854230     
   308.11225970578278     
   300.52308212141332     
   293.30027386307302     
   286.35426653489571     
   279.25798786613245     
   272.38266899716388     
   266.04683024967619     
   260.20871336104290     
   254.24398707101389     
   248.73031749140932     
   242.99891781094243     
   237.97582697860122     
   232.64908271035597     
   227.75683664941729     
   222.81141774274261     
   217.73978537518960     
   213.09367503765000     
   208.42308371641269     
   204.04132627870212     
   199.66863274433504     
   195.53270144918542     
   191.76029367201338     
   187.38381833710167     
   183.64410884949382     
   179.76487131358556     
   176.05396564309612     
   172.23160356039847     
   168.88478425863696     
   165.35143491969129     
   161.94083434854807     
   158.71063940331669     
   155.43075272609804     
   152.30442421495837     
   149.19640595830316     
   146.11714256741828     
   143.22752960871875     
   140.31334045176661     
   137.40805111884754     
   134.62757133477737     
   131.89800296250067     
   129.18943950110133     
   126.50500124233137     
   123.83375350199373     
   121.19450710400298     
   118.67714802984293     
   116.21698961530953     
   113.81130145711393     
   111.52762440886426     
   109.12520478938902     
   106.85062779296624     
   104.51351738108110     
   102.26020323136268     
   99.999658512617984     
   97.838093339900752     
   95.631418799676410     
   93.611036473321235     
   91.392929899533897     
   1032.2642956893533     
   997.20159952763493     
   968.77986588601834     
   942.86829985518375     
   917.21573150741381     
   893.62703848580122     
   872.12443895994886     
   845.84593477102430     
   820.52193985290080     
   799.65592944218497     
   777.40194666910395     
   754.98602950878239     
   733.91048942070438     
   713.46820061667222     
   693.71411591292429     
   671.69160011752138     
   649.88104383244422     
   629.27651454261354     
   609.12064910849483     
   590.98178838046715     
   574.21700286860982     
   557.64363898165868     
   540.72912796098797     
   525.23670729167509     
   510.23381927433388     
   495.83649037215025     
   482.01263054488754     
   469.42041907363080     
   456.17772125250360     
   443.94284237589397     
   432.01315628738769     
   420.66677209895164     
   409.94797067089598     
   399.03056726560362     
   387.66099330511554     
   377.36107188693802     
   368.12052294039245     
   359.15959059897517     
   349.35324950042707     
   340.99136720071385     
   332.09439322630112     
   323.76353001103797     
   315.81112781593731     
   308.40358426936911     
   300.65719235444084     
   293.39565735314835     
   286.76453183049301     
   279.90348835462794     
   272.92073030460654     
   266.82651703225855     
   260.88641346813614     
   254.92856005103664     
   249.31450831692638     
   243.60987682238704     
   238.34516914946465     
   232.98025324638024     
   227.77481815977015     
   222.83704016587416     
   218.05481972150284     
   213.64751910689046     
   208.76429473790620     
   204.17267718803623     
   199.75595848740184     
   195.71653231753936     
   191.85460338657717     
   187.46985950065792     
   183.56720853181696     
   179.71995264630391     
   175.76495033377728     
   171.97830330035328     
   168.31969190993863     
   164.87793454831331     
   161.36199834484640     
   158.05292495773770     
   154.82323272621383     
   151.61372523782481     
   148.33917033701709     
   145.15524610966546     
   141.95531116970116     
   138.80716675860907     
   135.79897360285935     
   133.04928392229687     
   130.10497691673993     
   127.16494438830804     
   124.28124981547606     
   121.47595877235085     
   118.83154148267441     
   116.18011610983862     
   113.51356186305833     
   111.01986547948485     
   108.54105528173811     
   106.09625116620958     
   103.73499751578269     
   101.16244793664357     
   98.791018304941517     
   96.458833873705260     
   94.203061522818146     
   92.030684736894671     
   89.840007970773257     
   87.616633784153294     
   1040.1425055824261     
   1003.1760613781765     
   972.98635119207506     
   949.18182968966948     
   923.54341777409331     
   898.94854909429773     
   872.22814960874007     
   852.07603782106435     
   830.04359575610295     
   805.62125651012707     
   783.79636521054351     
   762.00534885707521     
   737.96246279520039     
   715.47353322399374     
   691.54464004644342     
   667.69065998106942     
   646.14289192489719     
   626.82171416407482     
   608.22245422314950     
   590.90457627082719     
   573.23266357932391     
   556.76171189791535     
   540.38182953651904     
   524.16283416390752     
   509.52435014644061     
   494.76294165257917     
   481.46411023559392     
   468.75843753283954     
   455.73636255318678     
   442.83837884523706     
   430.19255646106222     
   418.33024820222784     
   407.77556033125938     
   396.54649799177128     
   386.17335517214428     
   375.54938258685581     
   366.45387028449841     
   356.83198178269873     
   346.88524954408143     
   338.49361780397317     
   329.90222940488309     
   321.68503035147114     
   314.33149968484179     
   306.71244565251789     
   298.79406837283875     
   292.08764274992586     
   284.90257193774619     
   278.04776962400399     
   271.35979339397517     
   265.38927380297037     
   259.26888582097587     
   253.61430292569500     
   247.76590537359982     
   242.24781635134119     
   236.62897677498790     
   231.63011927905913     
   226.18346790429786     
   221.34920570572956     
   216.16786783328166     
   211.22187043472758     
   206.50948455273493     
   201.77439172903252     
   197.36874965218558     
   192.94643994646498     
   188.74813480507279     
   184.66549040435433     
   180.46634166077826     
   176.53499706280343     
   172.42944533625311     
   168.74992435707944     
   164.93746786489010     
   161.44431117254402     
   157.74153366065417     
   154.06386156130665     
   150.57618138349065     
   147.02383989208070     
   143.57146147080195     
   140.27293961078882     
   137.03031042125684     
   134.08371542452082     
   130.85859552476961     
   127.67768383348782     
   124.66539735840919     
   121.58669854900496     
   118.69207867797834     
   115.76428046695618     
   112.82854061699962     
   110.19826667603968     
   107.50949148420779     
   105.09590405657055     
   102.37463705405860     
   99.844071951290431     
   97.442399246306735     
   94.896509826680585     
   92.490426844670935     
   89.996597991775715     
   87.735109830618725     
   85.216892465313265     
   82.937852362347343     
   80.720850730592758     
   1042.9921616156687     
   1007.1600402755405     
   976.85075399201787     
   951.03231865459475     
   924.40575802230001     
   900.61303382549045     
   878.26004421086236     
   853.89477616148542     
   831.79830391843461     
   810.67997245187848     
   787.09401781479448     
   761.57483598145200     
   736.71797151931867     
   712.31087092585972     
   688.91080074026081     
   665.57052831394606     
   644.55762103733412     
   626.34208413862791     
   606.94564788358275     
   588.31434419061429     
   571.11939831937048     
   553.67700161817334     
   537.85521712220395     
   522.93032400511333     
   508.90912408499355     
   494.15364928136330     
   480.54608814558577     
   467.21408892931208     
   454.63239287434612     
   442.50912542876353     
   430.74347446178854     
   419.48977623507750     
   408.59736501500885     
   397.23056027943790     
   387.30907829181649     
   377.15240544542593     
   367.19997091837661     
   357.78067289573693     
   347.76137378213616     
   339.46811654277667     
   330.90537431379249     
   322.78134417484870     
   314.76615350462259     
   307.17692464968371     
   299.23714848385288     
   291.41245460177254     
   284.53287224953311     
   277.39995398751932     
   271.04213872806105     
   264.57393046601425     
   258.70383926068553     
   252.48603861500658     
   246.51344263115300     
   240.78764801495058     
   235.33714830093533     
   229.86667631051392     
   224.25582318802918     
   218.89165341326142     
   213.79983687834613     
   208.46802611850308     
   203.72527516188717     
   199.09732167736382     
   194.54797921714533     
   189.72798412935290     
   185.44357533277383     
   181.06314789198754     
   176.71918049851078     
   172.22505374847006     
   168.06566217520313     
   164.01983106500933     
   160.15169670647381     
   156.23308125107602     
   152.34219486565394     
   148.54363971558971     
   144.75257941988633     
   141.24106011420656     
   137.51314565430005     
   134.00095090610483     
   130.56830437740570     
   127.29127482876956     
   124.21576874720505     
   120.90632574557502     
   117.52781831610190     
   114.42450509449326     
   111.29371964496796     
   108.45646859168201     
   105.57310277829163     
   102.40573879182104     
   99.835677114078010     
   97.100538567804364     
   94.401170605124292     
   92.084540755665401     
   89.562537366420642     
   87.198364985963835     
   84.551459128689118     
   82.290673262149596     
   80.043078543388972     
   77.684757448621596     
   75.474733749744786     
   73.134911631271706     
   1048.6608884190202     
   1010.5607887596206     
   981.57775240866545     
   955.65677516623759     
   930.11275418745936     
   904.82100565284554     
   879.10288311795694     
   854.97959157236210     
   831.66638024069175     
   805.18648491713600     
   778.91108052544610     
   753.00898237105639     
   728.51961756579180     
   706.27111558860736     
   683.83761632863218     
   662.35305768028365     
   642.73605678863771     
   624.45259625847734     
   605.44726584334489     
   587.36275280191967     
   572.07827015978341     
   555.78887372470228     
   539.63846062050743     
   524.98583535054217     
   509.51805883801870     
   494.78815083722640     
   480.83864961602734     
   467.25063526001691     
   455.18787405319244     
   442.77872515447433     
   431.32821513763042     
   419.46054079489340     
   407.85351376784928     
   396.79517754367242     
   385.51463838896382     
   375.69396009566003     
   365.96863427437677     
   355.74140254038866     
   346.81308399488978     
   337.89121691163729     
   329.05439471187117     
   320.69771806817528     
   313.30913813305540     
   304.96912312403424     
   297.24481973255706     
   289.35187328424297     
   282.08314138946321     
   274.88428356101883     
   267.69309730472196     
   260.96095355591302     
   254.66339653347660     
   248.62475900300939     
   242.44394351500625     
   236.16177864692625     
   230.59370664614417     
   224.46327520559319     
   219.13434310827100     
   213.29717131035278     
   207.69134613858677     
   202.56130274999782     
   197.73073380050408     
   192.32891522914025     
   187.36975062443136     
   182.65328261674281     
   178.34313775119608     
   173.28998843125987     
   168.50138549752501     
   163.74730597859894     
   159.53723937351219     
   155.37576854140772     
   150.96730469981711     
   147.18558577689024     
   143.16978868322647     
   138.92616523970554     
   135.19142000112799     
   131.39215190933174     
   127.73145338380547     
   124.34652162688454     
   120.85583629380821     
   117.29304604719061     
   114.11820507705984     
   110.67029991602544     
   107.45609012273216     
   104.35146345756507     
   101.41666600356308     
   98.307141035137818     
   95.406117764367110     
   92.521646746644876     
   89.344949825139906     
   86.636082670095789     
   84.444346990225796     
   81.915807389243653     
   79.236998383559865     
   76.980186068448106     
   74.439255987125378     
   72.483224413442400     
   70.537627344123820     
   68.281385775118139     
   66.151567700435692     
   63.853247824312788     
   1052.3747873688337     
   1014.5186153021434     
   987.70396657061667     
   959.28013925929929     
   930.97308465887909     
   905.73520926069386     
   879.09507148076284     
   852.74655810386241     
   823.64044165945234     
   796.64943077551334     
   768.73809821153702     
   743.77155275863299     
   721.97303213999885     
   700.07321603496052     
   678.19489450042920     
   657.99419983181190     
   638.12771975671899     
   619.64878962091313     
   601.24501427731434     
   583.36454047508448     
   566.58949131566897     
   550.40741660487561     
   534.88544296797443     
   519.66598502055717     
   504.99406154424452     
   490.76765190735671     
   477.75059951093209     
   464.50592289254632     
   451.74668752956666     
   439.71163953109698     
   426.70758321061533     
   414.78045670046600     
   403.90475996448652     
   392.52780810616207     
   381.60696867571573     
   371.20633221407559     
   361.43002000400543     
   352.60036340573885     
   342.94666927786625     
   333.53687107642634     
   324.39942127134611     
   315.69893377808529     
   307.63114130278541     
   299.04943562163731     
   291.23043876690758     
   283.37125803834368     
   275.55801708678337     
   268.29005478429769     
   260.94326401153364     
   254.00932381404448     
   247.37718547597225     
   240.48576720402957     
   233.33864660881130     
   226.83792872030358     
   221.01283471677291     
   214.78900829188922     
   208.80608057572965     
   202.77017362477511     
   196.78761756434650     
   190.90764128376247     
   185.19159817822307     
   180.03628765381038     
   174.91236103621856     
   169.72674647098052     
   164.91366725495033     
   160.24310146022407     
   155.39318353880114     
   150.41443125771423     
   145.76085809921517     
   141.37917045776078     
   137.26577825518089     
   132.90984297131405     
   128.92132894781474     
   124.76563171733106     
   120.62519757298629     
   117.04931548891413     
   113.68294822441823     
   110.56554724960370     
   107.28459332339540     
   103.69369447489917     
   100.46201735621446     
   97.316476899341197     
   94.460026707141139     
   91.714317735874076     
   88.540548596859864     
   85.760124108988265     
   83.317024236377833     
   81.027018995994410     
   78.518173969694786     
   76.248173149334022     
   73.968468072255178     
   72.198131303649120     
   69.945825825345338     
   67.934120131322175     
   65.787171831893701     
   64.211579874353944     
   62.476077753753501     
   60.105144855350886     
   57.970808707402988     
   55.900638640204988     
   1058.8434545484283     
   1020.9714041686395     
   991.62906429091652     
   959.96406125631199     
   930.91243415432723     
   903.85408897356092     
   873.53819391003344     
   842.51091528572363     
   814.32239208683723     
   786.71411198253168     
   761.14650394080172     
   737.71150928066868     
   713.64067571388864     
   691.65598892658591     
   671.85447348989499     
   652.59309620437762     
   633.53375070920924     
   615.66031505786782     
   597.05235034757891     
   579.80028031004758     
   563.42582008332670     
   547.06788930231278     
   531.76602916208458     
   517.10887576264861     
   501.64881261466275     
   487.94337404012271     
   473.19212252127056     
   460.06170238107245     
   447.08318826617483     
   435.60420139033550     
   422.57442531859806     
   411.28680322283515     
   398.51619068813659     
   387.67310976358698     
   375.68348598392424     
   365.76982236674701     
   354.75679063870314     
   344.96257758056026     
   334.69998078152889     
   324.72582005697467     
   314.77362498707350     
   306.86307110702035     
   297.71474723780182     
   287.76386245117334     
   279.04883276221614     
   270.53505214902117     
   262.30055642359383     
   254.20409199708891     
   246.37230609758097     
   239.08405768827325     
   231.83654615198438     
   225.08154824192721     
   217.08069366653871     
   210.81270775216899     
   204.47849169606573     
   197.95006447602310     
   192.30283565373369     
   185.77467859077169     
   179.21157635237378     
   173.26148133761109     
   167.81881762536420     
   161.97113829368141     
   157.17161190724613     
   151.81103824170302     
   146.61965924439096     
   141.83661801968444     
   136.81891601107571     
   133.19988309079088     
   128.32574690274583     
   123.60589230319707     
   120.17655518102868     
   116.99133254880310     
   112.92808797705936     
   108.93068245649191     
   105.11270577960009     
   102.12703460032125     
   99.553577823447000     
   95.904600660490729     
   92.875030118497449     
   90.337124142921439     
   87.503633063568529     
   84.965390779609436     
   82.689028542470979     
   80.483373197169840     
   78.250817553942937     
   76.107930229261015     
   73.723631994989731     
   71.517284192298234     
   70.056436736870154     
   68.460331920155056     
   66.576884937943774     
   65.090341712084168     
   63.891971055717782     
   61.815647078743510     
   60.084163699977267     
   58.816187518740172     
   57.129576539163708     
   55.188101348021050     
   52.803961505201677     
   51.304076940423805     
   1060.4195364095224     
   1025.6288220976653     
   993.15081673092459     
   962.07579095165102     
   930.71539366771060     
   895.76171201653278     
   861.73620417489462     
   827.99744208038067     
   797.60229045070173     
   770.04641378908980     
   745.46164203969806     
   723.01287189172808     
   700.02929658845767     
   679.91703876287886     
   659.09534482652884     
   640.02712875421071     
   622.43821589121069     
   606.18269485872008     
   589.23353239520304     
   572.51392275502178     
   555.91335602950630     
   538.62504394649341     
   522.12969474940849     
   507.36198463525596     
   493.68875293646977     
   478.56923177633166     
   463.34355921437253     
   450.44878774628859     
   436.42282190533115     
   422.98284996407085     
   412.18240523999498     
   397.80557184016379     
   385.23627502840100     
   372.83326537729653     
   360.38535066982644     
   348.78643479917292     
   337.75237325430237     
   326.98589484011677     
   316.61439336362696     
   306.60709548606144     
   295.64346557775417     
   286.83278957037703     
   277.94408027825790     
   267.79805495920510     
   258.91794388743460     
   250.16448147237736     
   241.50307487770934     
   232.63954452950207     
   224.68752005911895     
   216.01954621314388     
   208.84466109254447     
   200.74030961896796     
   193.72057707963671     
   187.36525499480126     
   180.80388099384203     
   174.43959427483418     
   169.20618075879577     
   161.97552968185747     
   156.81408434358210     
   151.04686145611237     
   145.94629730443489     
   140.48451447690172     
   135.88211766682250     
   130.86147308688481     
   127.60391079261106     
   122.34971181076544     
   119.09584198863629     
   114.87781397704669     
   110.90491697270041     
   107.82257537605086     
   104.08869299142052     
   102.44087059559817     
   99.511446927371566     
   95.233150820053993     
   92.784566641240644     
   90.433171733352438     
   88.317990789713932     
   85.950145423506711     
   83.749750472802845     
   81.505693570260561     
   79.477416999958677     
   77.817357003753926     
   75.446777806711594     
   74.086726049653038     
   72.639165220851936     
   70.775323735411035     
   68.848741060679188     
   67.249760552468757     
   65.886520198210818     
   64.656058081540749     
   63.262760163546794     
   62.026585068974960     
   60.208208045951451     
   58.215191461737589     
   57.201990909041690     
   55.465862992835540     
   54.067068213959260     
   52.602044335322645     
   50.317150214315291     
   48.024183526747322     
   1070.1742237913331     
   1031.2294587782467     
   996.63345238486568     
   958.94229562936323     
   919.25854636540566     
   880.02054698955430     
   843.95533812326551     
   808.22552491376928     
   778.43766366780858     
   751.83363359682198     
   729.05342073035649     
   705.57291705628575     
   684.14372488213348     
   664.51600554140657     
   644.09471270610595     
   627.97879589086779     
   609.42332402314696     
   590.91782230178399     
   573.80625320438082     
   555.63665638409032     
   539.81636215712945     
   523.10240116686759     
   507.88242786726147     
   491.70838101041784     
   475.32310143709378     
   460.13764303632843     
   444.55180420673867     
   429.91205991638918     
   415.72740489507709     
   401.34264358872912     
   387.97415228031997     
   373.32634973008550     
   358.86810669511817     
   346.28750322803040     
   333.21920248915171     
   322.45743201198235     
   309.55777722299302     
   297.83934160990555     
   286.78398782087720     
   275.72041153940665     
   266.11400594663451     
   256.61425307640809     
   246.83829844084877     
   237.25211615756672     
   227.57992668987299     
   219.81437091108694     
   211.20905496962231     
   203.50985426939405     
   196.55148044604923     
   188.43661907485716     
   182.76283712618823     
   175.63709884175861     
   168.24562867778752     
   162.19755194278591     
   156.85728287222710     
   152.62370397483312     
   147.29282295727461     
   142.99413927631423     
   138.58358612377359     
   133.02329528591585     
   128.45708283291452     
   125.25866893226370     
   121.06070877818637     
   118.17212040609300     
   114.23390357527292     
   110.40225560120113     
   107.44138902661345     
   104.22974516077463     
   101.85340994141858     
   97.968846312045088     
   96.988024156181112     
   95.441931883466353     
   91.811280584037220     
   89.105806994021037     
   88.043051412284655     
   86.197035110418611     
   83.255249407721379     
   81.107321156358154     
   79.582635888018444     
   77.544680641971524     
   75.298284161986842     
   74.820247399850629     
   72.954188694563442     
   71.038172837680136     
   69.899448191290702     
   67.986240445220844     
   66.847811592589565     
   65.010074924211906     
   63.224106336210838     
   61.607750829474298     
   61.257155739124137     
   59.769581830259497     
   58.302808781860655     
   56.399036541080143     
   55.144567858035415     
   54.107825449979096     
   52.702975362061096     
   51.318420631285420     
   49.284662137146292     
   46.444577870903316     
   1077.9252387331655     
   1037.3666986772253     
   995.78698613965457     
   948.37943193727142     
   900.31127303502092     
   856.10733535048030     
   818.49464116484262     
   784.01838611841390     
   758.15063117581508     
   730.56665396850144     
   706.29796789518662     
   683.69207017288261     
   661.72972079927854     
   640.11103386653213     
   620.13945348893151     
   602.31959802037306     
   582.36529412257823     
   565.46116926908110     
   547.49853741679510     
   528.28406218493160     
   509.02998151538077     
   490.74538606521514     
   474.12670145944742     
   458.70168366632277     
   441.86342554053533     
   426.31558931069139     
   409.76722069881697     
   393.87055316641420     
   379.69215535192620     
   364.91414076120310     
   351.89937465637200     
   338.04465853421800     
   323.10799563389833     
   310.47053349746028     
   297.34829504044876     
   284.48888376503089     
   273.36338423862725     
   264.00886124865332     
   251.89816367828652     
   240.70660104793251     
   230.65942050719025     
   223.49486092348906     
   214.74811389207659     
   207.14332060603613     
   198.71673213137322     
   191.72686571756094     
   185.96847897253218     
   177.97030829685815     
   171.87133529186963     
   166.35799505162839     
   160.93111089016656     
   156.26784328716397     
   150.49176007668490     
   146.00956471249378     
   140.61315808503750     
   138.14982929102473     
   134.04708192877504     
   132.01776241379926     
   127.06416535195379     
   123.43615265616276     
   119.98248805857816     
   115.55546134117293     
   111.64724753061928     
   110.07332415780985     
   107.09550402642340     
   104.37755776034759     
   101.26353296245605     
   98.306216681580864     
   97.890593953792518     
   93.547820658412803     
   93.407824627585285     
   91.453709014107048     
   88.167991936993332     
   85.862848037049673     
   84.602858159426404     
   82.439958418771369     
   79.799260575382817     
   78.987738983503164     
   78.465150636475428     
   74.908462039881840     
   73.798909642259773     
   72.115923385031820     
   70.726147770599368     
   70.034467702307708     
   67.681080227488053     
   66.307196938630270     
   65.700024290260046     
   63.559624748170705     
   61.469096523667801     
   60.135453763194874     
   59.116864111546796     
   57.792208514602244     
   56.246405968087181     
   54.908901814197222     
   53.583940552673127     
   52.466952256418523     
   51.644522015959538     
   49.440020394967142     
   47.454912360338618     
   45.898281720638479     
   1087.0942652891886     
   1039.9454577154211     
   982.45624703218630     
   918.78491756272751     
   862.15577451170361     
   818.86891749907852     
   783.54973641634058     
   752.28694472869813     
   720.88027764675996     
   695.18231474893582     
   670.89649794497745     
   648.57485926287961     
   626.59881184075812     
   603.49552836704811     
   581.47377625624949     
   560.23100048714332     
   540.58370124707608     
   521.91849679941674     
   503.09730314028974     
   482.93932619498025     
   462.93335111066722     
   443.76766900527525     
   427.12315959942794     
   410.65800368070347     
   394.21994780361905     
   378.41133301519733     
   362.63505631467228     
   348.24651930908414     
   335.53606496364614     
   319.69540566736777     
   306.75875789543102     
   295.02099378501401     
   282.53715294058946     
   271.58730175189572     
   260.33779441585989     
   249.28248067404127     
   239.39334283747243     
   231.77949139394570     
   221.28458211947409     
   215.65829174408259     
   204.91212900395413     
   200.74876137330659     
   193.55275703428816     
   186.31558356879094     
   180.33243457599548     
   175.46147605805652     
   168.58222507298353     
   163.90581116935397     
   158.82785204330645     
   154.95056298147219     
   149.22406465790118     
   145.93343821512079     
   141.58636607726206     
   136.21500824287682     
   133.66172165926380     
   130.85854534903268     
   128.26000892838692     
   126.00274496746108     
   122.10687608952553     
   118.80172829140575     
   115.35062325488821     
   111.46891855004691     
   108.58653514923004     
   106.44716746972651     
   103.57454361024820     
   100.96503958859762     
   98.346152122107867     
   96.739893569866453     
   93.677233171834004     
   91.094027343107314     
   89.278604910368770     
   88.288981837570560     
   86.197378976846750     
   84.251490554072490     
   82.520674180662425     
   80.168179171644809     
   78.894617147560481     
   77.272760459233140     
   75.704351391033725     
   73.918999651988855     
   71.945983162278637     
   70.367753405813048     
   68.505465621160141     
   67.933594568234838     
   66.234351691632540     
   64.867151660099452     
   64.022131533028386     
   62.222740760594782     
   60.073973928187620     
   58.998857911761199     
   57.897993492115489     
   55.852914003220228     
   54.417535259825279     
   53.775515312050885     
   52.584116948712229     
   51.104423684000153     
   50.385682190831339     
   48.495805440443050     
   46.175892541611823     
   44.185735428606279     
   1100.1896888554163     
   1032.8688265498813     
   947.50411325262939     
   871.11101967419336     
   815.06833015365669     
   773.02858436532915     
   733.18554027463176     
   699.75333907156892     
   671.97075813879360     
   642.62118479121625     
   616.24603597702799     
   593.42912559674289     
   570.88647064627878     
   547.13896646338219     
   524.96255538872572     
   503.33476935790509     
   485.36264238931108     
   465.90223646817219     
   445.99892739230722     
   425.85963697656859     
   409.10359731242022     
   391.43655271727010     
   377.21984969776764     
   362.04849046808357     
   347.16700655507373     
   333.49975935830179     
   316.10649431058107     
   306.67154023619099     
   298.44157281317752     
   285.35801994517902     
   272.11957774493737     
   264.47874943011630     
   256.59916087625265     
   245.64549763913493     
   235.60859824913078     
   230.20404457320126     
   220.82924801210453     
   214.25293534751762     
   206.41954191747863     
   198.34765868747172     
   192.83410898511491     
   188.04129288150898     
   180.68798687057065     
   179.05489055798213     
   172.15502522410404     
   167.95029831268309     
   160.95578796824134     
   156.15136395476821     
   152.83236492058603     
   149.66154117917864     
   143.17010116129919     
   139.27660452537737     
   136.68634616673452     
   131.35487458869173     
   128.32892313116145     
   125.37415357606048     
   124.28414152279022     
   122.79207084744880     
   118.83744697890532     
   115.00609197320496     
   112.53020307464931     
   108.40386637822004     
   104.85837571204755     
   103.38813485844189     
   100.58483166096789     
   99.071291265014025     
   95.745422300266085     
   94.167990356248723     
   91.443171344797634     
   87.978216541329388     
   86.393141593848370     
   85.885399419466481     
   85.129674769646471     
   82.762688823595539     
   80.376529495835968     
   77.951408191666104     
   77.013357318472742     
   75.676993067347141     
   73.630563261464090     
   71.446736954617819     
   70.098811360172533     
   68.605980788019608     
   67.291908652472145     
   66.510101933893708     
   64.693373632407415     
   64.328805238970943     
   61.817564494235732     
   60.691908517503066     
   59.084598489411206     
   57.941636350876955     
   57.187217217092702     
   54.954626352263652     
   53.661607482889480     
   52.583165814427474     
   51.188511206421481     
   50.244693465802939     
   49.071006295420950     
   47.520751333969592     
   45.817025586278106     
   43.026966256851622     
   1115.4900750415086     
   999.97694529741193     
   890.57855266999150     
   810.20746395532615     
   750.28219031837762     
   707.26380652773787     
   670.62457535465728     
   636.97653441286172     
   606.05065249333052     
   579.24948079489093     
   553.64216615172211     
   533.42861762078428     
   510.45071454388869     
   487.63070778417995     
   468.86796398169605     
   446.98945647313815     
   429.51222552510023     
   415.59247127578141     
   400.12624096654639     
   382.22558055384252     
   367.59606700173197     
   353.07325867842843     
   339.68344356222531     
   329.30263846858782     
   318.68325639000045     
   305.73965626950314     
   295.97528940543589     
   285.24623023159643     
   278.46512588685778     
   270.32945254452761     
   259.28904201301350     
   252.74487156505413     
   245.02585668448680     
   237.56311505926089     
   227.53436017570203     
   221.18126673661746     
   215.65810284213134     
   206.40199871074594     
   198.49970129614059     
   194.53305843051308     
   186.02378907166300     
   181.89652925855799     
   177.14860773711183     
   174.17273217263923     
   167.56236784701514     
   163.29793740878407     
   155.68488670824709     
   152.03422504310760     
   148.78581081377854     
   145.01509001923861     
   139.62108197186953     
   134.67656949933951     
   133.57119772213355     
   130.08964481817924     
   125.71908260781944     
   122.83806422885988     
   121.09666642536354     
   119.22562269472326     
   115.97902431996519     
   111.77303842223627     
   109.10028052562376     
   106.02594280647074     
   102.90543018945471     
   100.83935494511329     
   98.549281838493414     
   95.629385064349350     
   94.761089477625490     
   93.821854223845975     
   89.994239934345416     
   86.630142925548938     
   85.576735445504809     
   82.832833169269236     
   83.946399850662687     
   80.812787867570250     
   79.298292632563829     
   76.393764941379047     
   75.281157513418577     
   73.678865605753458     
   72.593447239340534     
   69.899563538440589     
   68.231224850251067     
   67.746747980526820     
   66.212625157939001     
   65.603117349364283     
   64.056302209172571     
   62.745072027800774     
   61.322805027503847     
   58.661872401380080     
   57.949587550280796     
   56.611465247333236     
   55.675664922981888     
   54.981448339771035     
   52.035685151263920     
   50.939506206875038     
   50.139660316956189     
   49.673753865649303     
   48.115909641528177     
   46.022665674953856     
   45.101360791373040     
   42.141522675394107     
   1131.6026025699111     
   961.52491499231542     
   831.73644984750888     
   743.30563800020116     
   685.09086514823809     
   644.60100372007446     
   608.70566209551191     
   578.33782208437538     
   554.14890319760570     
   523.32473227024082     
   504.72504659938159     
   484.48161977672584     
   465.88492775754548     
   449.51277781462431     
   432.11629490412406     
   416.62610359779467     
   404.10417448068819     
   388.28159709601732     
   376.63193184991309     
   365.38601235699622     
   349.82704876818866     
   337.80984060739854     
   331.68045886488693     
   315.91292420752274     
   311.37136310054518     
   296.83308736073434     
   289.57436279502093     
   278.24529735484998     
   269.65327138600151     
   264.19772470655892     
   254.84471502474349     
   249.95182690009631     
   240.35266610762915     
   231.09589494765527     
   226.63032135865075     
   219.25699885855568     
   209.97278438463238     
   203.02269780351253     
   198.45589646605748     
   190.86609964859969     
   183.87533329505931     
   179.72948783794266     
   173.70539488399737     
   170.77140832946125     
   162.76059605794507     
   157.25915237445082     
   152.31042795124793     
   149.29383478272038     
   145.03236240355375     
   141.74205795712734     
   137.07938658667237     
   132.38116490455218     
   131.03449007185409     
   127.56088767460994     
   122.80309388577479     
   120.36317092246466     
   117.49693679172128     
   116.24363299346405     
   112.37123090321718     
   110.11347857913478     
   105.90314655898811     
   102.70997728339989     
   100.79548248648746     
   98.319108959478029     
   96.607133916951753     
   94.117468199514946     
   92.491147179212362     
   90.845746594280399     
   87.053873042858299     
   84.837800595015594     
   84.172852224929997     
   81.625414636926962     
   80.999381014984593     
   79.084169574990398     
   78.022048381503851     
   75.568897480899352     
   74.797951547439894     
   72.733935431752613     
   70.546238014816879     
   69.136668024901581     
   66.648318301599517     
   65.812203269606556     
   64.847630394565854     
   64.636161694841817     
   63.005766634070362     
   61.110569401762120     
   60.845417719223313     
   58.345345980473738     
   56.831892934041520     
   55.700041668029129     
   54.003786072085603     
   53.512660977271480     
   51.203764536776568     
   50.348841439295853     
   49.393221251630770     
   48.459192543607365     
   47.415762867130070     
   45.999786249449862     
   43.749718466197962     
   40.803627931316868     
   1153.7461688674503     
   942.69322519379318     
   797.71991458344291     
   707.97702869380498     
   649.40091952155274     
   609.70045287327468     
   576.30979259207515     
   548.22235131950367     
   526.96535977244650     
   501.34732803778581     
   488.32628037724913     
   470.03442919935503     
   453.97287466182036     
   437.12826243493464     
   422.65241417244715     
   406.81696840127148     
   394.67207161586555     
   381.15782795971143     
   370.74857130081762     
   358.04550076976778     
   344.54250528532748     
   334.19266682049152     
   323.89590407848686     
   312.98589598092474     
   307.40196269636715     
   295.15001394107810     
   287.77596055164560     
   277.68842497726456     
   266.09654649854315     
   256.45645926671818     
   253.69402779563231     
   244.32225505039838     
   238.78207226660359     
   228.52594277098663     
   224.59914426731703     
   213.54986418403001     
   206.81402382638240     
   199.76825187909492     
   195.74719093133632     
   189.00185556645718     
   179.12053872821966     
   176.57805914882965     
   171.42833093436218     
   166.35057868016142     
   159.64823560628810     
   154.44372145486577     
   151.59822776164924     
   144.49148108994115     
   141.57712557295156     
   138.06146699974067     
   135.83635329760452     
   130.52091713140658     
   127.64503057714302     
   125.96557301596586     
   122.81830610945582     
   118.77217546132124     
   114.99973006181315     
   112.50870011950261     
   107.89300580053825     
   106.18381426319678     
   104.17491407733633     
   101.95163815367773     
   99.983434896035462     
   95.656577894735733     
   95.719066562772085     
   93.035165843859062     
   91.398431123751237     
   87.797951298465236     
   85.800487874851910     
   83.658959082796741     
   82.360677359519642     
   80.147766124744990     
   79.715203337321611     
   77.520911332519589     
   76.578209189974700     
   75.701917720223648     
   73.212554541180310     
   71.904970364808520     
   69.414442530606067     
   68.130791826364032     
   66.072201768482174     
   64.048582701460830     
   64.238299500660560     
   63.621928494628833     
   61.315757266218867     
   59.982281039545015     
   59.101225805095112     
   57.461624587770004     
   55.862162597578873     
   54.918445659215067     
   53.772039165320720     
   52.530754828284039     
   50.349797607722380     
   49.831112861953230     
   48.426788588110753     
   47.563567782516870     
   46.563509676009232     
   44.611708075524994     
   42.746705376303488     
   39.842687013317196     
   1184.3656918702929     
   953.14751443984574     
   802.85163187073624     
   705.79885017118193     
   645.92331819305559     
   604.22495863748645     
   568.49086562024627     
   538.35594069949309     
   520.20094155818674     
   496.08519638564235     
   486.02392733040671     
   467.69313069316672     
   453.49635452813129     
   439.25606428721505     
   417.94896183929586     
   404.12536350817629     
   389.31547729915894     
   375.70841906810256     
   369.88486125138581     
   357.53539419120557     
   346.36747712388615     
   329.72963172444975     
   318.13242605432549     
   311.79590344243530     
   305.49617857638702     
   291.29829940430642     
   282.68718630162732     
   272.40293479988168     
   258.68589450844297     
   253.50560517193239     
   253.23022055681133     
   240.72133604426415     
   236.11634477352047     
   230.00973151309546     
   227.96854727983632     
   214.14152089743266     
   203.85540442943670     
   198.25700566417592     
   194.13844817826919     
   188.66031121368997     
   179.37271676939903     
   173.64882003743165     
   168.01282907890726     
   165.48883708074590     
   159.34702602103988     
   150.67597367225201     
   147.26011737896050     
   142.49437117092037     
   139.98393597340896     
   134.41885038402398     
   133.88875995136439     
   128.52044403274638     
   125.77566128501527     
   125.16399825523365     
   121.83064811202291     
   116.53521230950170     
   112.82521326896413     
   110.39474824449401     
   107.19133792704265     
   105.79251353689148     
   103.44150487225907     
   100.46301325222252     
   98.430498165502328     
   94.225479004367017     
   93.256102780547607     
   91.279791440044946     
   89.441170950468631     
   86.932242163398897     
   85.331987261784562     
   82.743442962155427     
   81.555001835381745     
   80.208346404775099     
   79.152635880316424     
   77.166546628870378     
   75.635444298139930     
   74.548614333813674     
   72.463997166100725     
   69.848235610299270     
   67.293785863006704     
   67.318281371251572     
   65.219166790228712     
   63.364116015174517     
   62.798067073496384     
   62.136843652597292     
   60.135517049737061     
   59.474176081283005     
   57.713617711248652     
   56.837654459406416     
   55.770022140007555     
   54.205685537401934     
   52.740183647710325     
   51.781291940766287     
   50.463308393739794     
   49.100103847985665     
   47.240757090405552     
   47.217263030680613     
   45.337536319016941     
   44.112941450078807     
   41.612825087431673     
   39.009173940280675     
   1227.3899612854848     
   985.51126501589249     
   824.89830568074308     
   722.98831718798806     
   654.66879034470094     
   611.99851316872355     
   574.63058599839701     
   544.27146034308169     
   519.14989741536999     
   497.63273085250228     
   489.78069169011422     
   477.05787882299359     
   455.64018510239941     
   436.75132862929348     
   416.60204463699984     
   403.85853788906599     
   388.77393537923314     
   380.84519808799809     
   368.61505268714893     
   360.09209244024800     
   344.03665456350757     
   329.73025628027028     
   315.33044617863658     
   311.19128201701295     
   304.96322709998975     
   292.72900854065762     
   281.12291987696653     
   269.81375981140906     
   258.51232322811910     
   252.75143265118865     
   252.25512182092206     
   242.30167536043115     
   239.30612727695637     
   233.11969662755382     
   223.80712275222791     
   209.44593029917081     
   199.09170248194999     
   192.33017022155809     
   192.00391085957438     
   183.41827148873381     
   179.79603142578276     
   172.92178137328330     
   164.10063560619770     
   165.17936244967117     
   157.21355772563979     
   151.00204437266416     
   148.67853274841059     
   141.25472463656240     
   137.14273724840552     
   133.87658429392840     
   133.00638697726160     
   126.90656022031962     
   123.21984270711316     
   122.99548081894437     
   120.60442900895170     
   117.82596570951551     
   110.17452766155213     
   108.02309859339000     
   107.22199927720696     
   105.43840382227575     
   103.08994560439737     
   99.632980174761784     
   98.016431999207725     
   93.739972025525589     
   92.010435229947447     
   89.933905185681837     
   88.664196635258747     
   86.887674760362614     
   83.887370792663503     
   81.826262317904110     
   80.658753262375939     
   78.159954659736428     
   77.529573988519175     
   76.368947817233746     
   73.672760493316090     
   72.759400217541184     
   70.771899520975552     
   70.026850586785045     
   67.187444737880028     
   66.600816579315293     
   63.780978450811574     
   62.253427166103613     
   62.087935978254592     
   60.702049106392160     
   58.374839803201525     
   58.057365306911471     
   57.242818530222294     
   55.903676941249373     
   54.391878838927639     
   53.929668802717522     
   52.064930307562392     
   50.876857992288606     
   48.914660585591648     
   48.274592560605356     
   46.987353916863157     
   45.745090529633146     
   44.371801525988118     
   42.600165394235738     
   41.527760299773306     
   38.559651869089066     
   1262.9373210387471     
   1025.6353954286503     
   850.84738095935813     
   744.47460259752347     
   670.21987126392446     
   616.27710227968805     
   577.78209067036846     
   543.10758897223570     
   524.43602945155999     
   499.12529598101128     
   489.85437155053864     
   473.64863802924248     
   450.99473738957528     
   433.76818698992759     
   418.25853635670410     
   397.85737781003229     
   388.54748605869742     
   380.14005657770929     
   374.53514739489475     
   362.42517510004825     
   338.35355543497172     
   332.00209621466036     
   312.28890732404420     
   313.58969481416921     
   300.70822093270499     
   293.91345681833616     
   283.67909826369959     
   264.91442764997691     
   258.19227739986366     
   253.68399838505655     
   253.48432232882061     
   245.05713878782200     
   240.80376716144843     
   231.42424600945705     
   224.31964917710525     
   209.67293547228496     
   196.38141417962083     
   196.50709436243096     
   188.66537818730444     
   184.17229253592285     
   180.52154735575897     
   174.35565249029315     
   166.16408057126654     
   162.72745917461333     
   157.20768903376845     
   151.20984674810532     
   146.92973365543168     
   140.98423543650364     
   136.44522892664656     
   133.83180918704650     
   136.11072224348266     
   127.10922244043431     
   123.34175314522356     
   122.92031693395606     
   119.16649074504937     
   115.15676779457542     
   110.23164712609835     
   106.09536324396200     
   106.52922417166522     
   105.28431640305683     
   102.75572636428527     
   99.581950549454092     
   97.196926062809268     
   91.382471673912079     
   89.413869348284848     
   87.186926697678047     
   87.796443382573102     
   86.526302092733516     
   83.056102153221957     
   81.738389327708489     
   79.156621154822233     
   77.349852951329751     
   76.070062734189264     
   74.954950183757248     
   73.205319619658127     
   70.390120249782058     
   69.794535291836297     
   68.948136164278282     
   66.606985355345145     
   66.093928598806940     
   63.440103837602365     
   63.322167384176154     
   61.730929947641599     
   59.186582084153784     
   57.162778933140565     
   57.801369658501756     
   56.371149348159022     
   55.279545855030669     
   53.634531492479127     
   53.154710171316104     
   51.120652503266300     
   49.646372324240573     
   48.020471148274574     
   46.941762697311098     
   46.128712702157479     
   45.591423615581434     
   43.957963494393006     
   41.742155369579869     
   40.428496846204183     
   37.940688496704212     
   1295.9292004807933     
   1062.4832404583508     
   883.31659133310961     
   767.80977345570523     
   683.58298113070850     
   628.17562256878205     
   582.74172141324163     
   545.00213583954201     
   527.14508120241271     
   506.96223910503852     
   493.76115180712009     
   475.70492714264435     
   446.86661676547300     
   432.16239603500060     
   418.16303322543479     
   393.47515838326279     
   391.21980362510465     
   386.20415824748761     
   369.14936230903606     
   357.54725788598597     
   338.12664521242101     
   329.99598264218304     
   312.34267084609888     
   310.95738354079060     
   301.59905399379846     
   291.51605990457040     
   284.16640752141944     
   269.77378091866592     
   256.72740863982767     
   256.18719588622378     
   249.94164542871061     
   244.12737101498948     
   242.91776314506649     
   233.22020014503687     
   218.78468765806537     
   211.89012341155785     
   195.07308937244869     
   196.99875748944527     
   194.88399024224984     
   186.92240427698488     
   183.01921827441913     
   176.31353676494879     
   167.75003292225983     
   157.33122780947605     
   158.45215899146893     
   147.59957651170919     
   145.14134869549935     
   136.80184390593340     
   134.01361690189822     
   135.81609767717327     
   135.18464017932826     
   126.97127064536383     
   122.22663268665391     
   122.38871536700458     
   121.15400124250986     
   113.46787607915795     
   113.30674740280159     
   108.87314997631142     
   107.29533309549096     
   105.42342629464537     
   100.66733999916428     
   98.811993035557762     
   95.751036793843511     
   91.339498460611708     
   88.755334714941654     
   86.256818300542449     
   86.772455572969847     
   85.360044289104323     
   82.242396454357248     
   80.689414958387800     
   77.876641637159025     
   76.798739318626815     
   75.823186688341053     
   74.215354829261898     
   71.756075383204006     
   70.370396386067185     
   68.610026537027053     
   69.367467026622094     
   65.520219897381395     
   64.948974605181292     
   63.272101600612572     
   63.270628848198299     
   60.836337755625294     
   59.372858012427329     
   57.665838780181573     
   56.145619372957754     
   54.986723039738735     
   54.192543671244785     
   52.288079255592251     
   52.019002942554636     
   50.525003757364750     
   49.740624267509915     
   48.230985277055368     
   47.213681537150279     
   45.957803027450652     
   44.580075386271311     
   43.086414104435221     
   42.471851499390745     
   40.336338321326352     
   37.768834517817055     
   1314.7727486367330     
   1089.2593598072076     
   920.78232819589266     
   792.75719296226112     
   705.94043128236387     
   651.52462585123385     
   592.29981276487172     
   547.74552706200564     
   519.11773331229995     
   510.25223061179071     
   497.48254663401713     
   480.00100461100186     
   451.80377357754958     
   432.10190802986995     
   416.37173379464048     
   387.33084363915009     
   390.58204788195889     
   385.92581332359526     
   359.81059212963720     
   355.61592631103173     
   335.56724618349983     
   327.11233840451888     
   307.03302651527366     
   303.79584341093931     
   296.31163227957745     
   288.63066771069236     
   277.44007962057231     
   271.80683311523177     
   260.72899863269686     
   258.30554939251419     
   248.02249851483856     
   245.26866093912915     
   245.02881929519356     
   234.20466508558334     
   222.19071094029096     
   218.26297077714753     
   197.38692176333925     
   200.53203646823388     
   199.10247769270342     
   186.90928941302673     
   186.06158143690590     
   177.34743595652162     
   167.20930568661751     
   161.58216133399804     
   155.56801385330544     
   146.19256788245673     
   145.46895317908746     
   138.65255501784893     
   137.05114459025401     
   137.00810069431563     
   133.92870038735913     
   130.41454320107476     
   123.57823081283739     
   120.82994103690888     
   117.79278279274070     
   113.02346365497661     
   113.51805350737413     
   107.98453729481110     
   108.04566353461499     
   104.44174054985855     
   100.49176549937100     
   96.522990673975499     
   95.170082382758977     
   90.831574903753818     
   87.830798550722051     
   82.879358119474873     
   85.227763198516499     
   83.956856365055444     
   82.245547244555951     
   78.866658302261953     
   76.634830783260313     
   75.545882872678064     
   73.707238422600085     
   72.835039862360418     
   71.638535053260910     
   70.512570891105781     
   68.070359696974649     
   68.062867247565492     
   65.478939954321191     
   63.646890214397658     
   63.016330120139749     
   61.282522083063377     
   59.823977784341231     
   58.055780903396588     
   56.795839921033441     
   55.762482928836626     
   54.661297525306495     
   52.999085799157612     
   52.208089908594530     
   50.227552865662410     
   50.024419785959338     
   48.705011580953844     
   47.862399397977093     
   46.514423496615692     
   45.064931812882961     
   43.907944143171662     
   42.245378245518708     
   41.385827226543583     
   39.132564887412997     
   37.064396817206458     
   1333.6473180396465     
   1125.0178722120399     
   975.03940470922794     
   831.27335939270722     
   734.65940477327763     
   672.17819177403794     
   602.69961171102818     
   562.52601428813887     
   543.42238687519909     
   525.79740566065561     
   511.53062673411875     
   491.11856874329447     
   457.18263208444819     
   434.61722714896263     
   402.54019970967704     
   392.29498786799707     
   391.15874193195441     
   388.31427286838641     
   370.44906521675813     
   350.77668233816644     
   337.90904548545302     
   325.71771472932642     
   300.77155759439643     
   294.04509273072324     
   275.69432242285433     
   284.26236669709220     
   273.45886112670360     
   276.43605907376116     
   271.83750832938415     
   257.23085193881639     
   252.38829666167962     
   249.99419590036001     
   246.66838329935257     
   230.47308267315577     
   222.04479925899426     
   222.54645477117731     
   200.27187421172104     
   202.85944444217523     
   197.12272220415818     
   189.28644137357321     
   188.18765525453779     
   179.40805646685590     
   168.62713539254196     
   161.55910928769572     
   154.21468142737839     
   145.54694534120307     
   148.17965932797114     
   140.05610191752731     
   139.59619736069760     
   134.64949333525018     
   133.64665642692290     
   127.77363630835745     
   119.35115355158030     
   119.73281819505789     
   118.37607710322962     
   113.80141709189452     
   113.71397998649826     
   109.39494060906401     
   108.45821570104330     
   102.42150916545214     
   99.096975519840868     
   95.614080615691705     
   91.587555121050656     
   89.891499323927221     
   86.275043759941241     
   82.329250064644896     
   83.856500488633557     
   81.630677057754625     
   80.964258193217177     
   77.545216798595220     
   76.531464765609243     
   76.061419395671209     
   73.958362077000743     
   74.334981010766825     
   72.017875806533453     
   69.381891919675411     
   67.662457781485458     
   67.157437004394595     
   64.483517172778804     
   62.611984667993525     
   62.734451321298707     
   61.159173808892120     
   57.989179211967176     
   57.233839437125880     
   56.951541950572704     
   55.212962168987829     
   54.632856473818073     
   53.459798903896782     
   52.396910136479256     
   50.462169833378603     
   49.305209082420994     
   48.512345931308118     
   46.627058246071599     
   46.392351264232850     
   44.729964655946503     
   43.129255498036088     
   41.883049578592761     
   40.660737779805316     
   39.033627907095052     
   36.446137142205103     
   1330.4855592689378     
   1148.4129125157035     
   1000.0582471045277     
   853.67413680524248     
   761.68728634383876     
   691.31904575881435     
   610.84284384746979     
   573.25901941813697     
   541.85335463378306     
   527.44256861352119     
   518.53032583159415     
   499.26960179661467     
   453.28646003932988     
   434.93061918599221     
   414.16993919574736     
   385.43140496124772     
   384.40981922479062     
   371.62597831413342     
   369.58396882572015     
   346.09468283543470     
   327.19935525720820     
   319.29217491035303     
   297.44789940584951     
   294.21380674446880     
   260.96813039980918     
   270.56630191095894     
   279.53744536377951     
   279.48824362990592     
   271.65630464321794     
   249.04331971206682     
   255.29942974845906     
   248.82008448600413     
   253.35332895176134     
   233.78034415362424     
   219.47469748496019     
   227.34892757878629     
   203.55154556886959     
   195.16782288929895     
   191.66998872626988     
   186.77480955722336     
   183.78508304313183     
   176.04793999290999     
   168.50625678375610     
   163.08165495798448     
   153.66607247166712     
   149.44398818775835     
   145.47233524844827     
   138.64740328173536     
   137.48913605732488     
   135.39334853330797     
   129.87312433947417     
   129.37573971666748     
   122.11382627656361     
   115.98321686070278     
   117.14636541100433     
   112.97937865254764     
   111.86628283714322     
   111.00285986047760     
   106.64487486501028     
   102.99043006392792     
   100.88235623560561     
   96.555315516702024     
   90.731333037540864     
   90.749803980102286     
   86.112349931751254     
   82.924184405574678     
   82.780740250338084     
   80.664689618347424     
   80.315522294516654     
   78.613184761748684     
   75.613629527336144     
   75.266911661179421     
   72.672658695945330     
   72.727157920212875     
   71.643296568499096     
   69.815426911560166     
   67.288374957373989     
   66.594740488139877     
   64.167394871754212     
   62.802647548920710     
   62.864178859098857     
   60.349555335458163     
   58.734090048236837     
   58.239433566054075     
   56.090500680351532     
   54.995843517947137     
   54.402792539867519     
   52.970334721300190     
   52.156453559469462     
   50.043688461949543     
   48.663214226333146     
   48.241608114017673     
   46.583896826075303     
   46.240904652273571     
   44.850020498661088     
   42.974567744712473     
   41.458056397713875     
   40.086951612348756     
   37.943475522957144     
   35.620616212450578     
   1330.6388214645403     
   1165.5562341512289     
   1023.3537293847074     
   885.78928985997391     
   775.86424138468431     
   688.14096255534321     
   623.72499172259950     
   583.93398683113810     
   552.81333112054062     
   525.35107009584169     
   517.33434401878867     
   496.29166646353599     
   457.12322080493846     
   428.83920985168794     
   416.45368603034376     
   378.50508303744255     
   391.95472194673800     
   360.06990373676649     
   344.37979758316453     
   337.56122664528579     
   303.36434983019967     
   307.11325832575449     
   294.80239871091555     
   300.29544619378680     
   256.75375644654224     
   265.95396934924179     
   281.47495568921579     
   278.51262313705217     
   278.37485857094100     
   249.04114374946721     
   254.50949507353261     
   249.62232604844911     
   245.21067100519576     
   223.98154471858606     
   221.61970887294137     
   223.34015138634277     
   201.94746807950332     
   188.89410440706945     
   185.09045979897988     
   186.66650903545121     
   181.20656227204012     
   167.21828674928861     
   165.99855425455686     
   163.92388022305670     
   160.76429451812209     
   157.82645292975189     
   148.12908043194162     
   139.85646170542310     
   138.37928182448937     
   136.93274743550614     
   129.12176802961790     
   128.15537272071572     
   122.41869884551411     
   113.54187273887126     
   117.54503866638500     
   114.00759936147344     
   112.30422598565112     
   108.23282552859635     
   108.54120953475370     
   104.19680877997766     
   102.25406904852119     
   95.473672286173539     
   90.842399059454891     
   90.632710771055130     
   83.773115046570183     
   81.848195956581634     
   82.798075674542673     
   80.897450986608504     
   79.852208411089364     
   78.400271200535670     
   76.647041878045826     
   73.270573957985349     
   73.521067190435190     
   69.998659522450325     
   71.033510292225657     
   68.252051984103957     
   66.826348224255526     
   65.006259581193490     
   64.031764414148142     
   62.285924958688142     
   62.234523549364475     
   60.079463725932285     
   58.401300183512284     
   58.039698829150943     
   55.412429040741074     
   54.673482781628991     
   54.518826667923655     
   52.384308287439907     
   51.142799248430194     
   50.465477821676828     
   48.808871732620247     
   47.999446242648773     
   46.230716022584303     
   46.297698332687148     
   43.925808748492877     
   42.167136598357075     
   41.811099914194621     
   39.427334436435054     
   37.958546803499523     
   35.063921523822252     
   1347.7679335046982     
   1178.5206100033563     
   1047.2227876996858     
   900.21172918454886     
   788.64913115283775     
   690.15654562397833     
   619.48027990974003     
   605.11397093948324     
   540.59388397974317     
   507.93799707652346     
   521.71244669253258     
   495.19931084951236     
   471.62054993021610     
   423.67732419781180     
   400.56967597145353     
   387.15426915522983     
   380.88500074267552     
   357.97668674541023     
   331.08747752238872     
   317.28929979001828     
   297.69500665356259     
   308.61547800850656     
   322.92779582455637     
   311.40857485102617     
   247.78527343214216     
   264.83839294991390     
   285.52650674744007     
   274.82499404065129     
   277.06779092158405     
   254.69207560990176     
   242.46164017449337     
   245.03848296799038     
   237.14217368315781     
   218.78248314903948     
   213.61944920377275     
   222.13462118689071     
   201.22970409978737     
   191.08505289730908     
   188.61683540074515     
   189.79137230739047     
   186.13346152968376     
   166.88108288270388     
   170.61057351444651     
   167.78660296368184     
   166.19250502938701     
   160.50796534362394     
   147.35524631029995     
   140.76918105561325     
   130.45970943809107     
   131.83097942052484     
   130.13697573768800     
   130.74015635079280     
   123.92718736311456     
   114.73652508532055     
   114.42708730417178     
   114.52601443737127     
   109.19264545984885     
   109.54507906361394     
   109.01774858326057     
   103.67682826444317     
   101.47950023309244     
   95.070739376106019     
   92.375972351346050     
   89.999093144489379     
   86.251995657043722     
   83.764502994782717     
   80.749076293824459     
   81.676060820347075     
   80.745592449996394     
   77.888599051717392     
   77.209586486040322     
   73.146601019784185     
   74.314803375593087     
   70.960486222042718     
   69.750377160930242     
   69.104225828446133     
   67.708101710504522     
   65.318776593708918     
   63.725942386597517     
   62.083228555788494     
   62.040185298117976     
   59.877417465624809     
   59.361433575143749     
   56.468914849006012     
   55.561302817666558     
   53.234235764907133     
   53.690669131851202     
   53.046162970582209     
   50.638582685847581     
   50.279082313135675     
   49.043210789943849     
   47.694682738286581     
   45.964777004683711     
   45.373842312269673     
   44.463015139607535     
   41.965871483352529     
   40.945441291972088     
   39.977370034803201     
   37.255772863268362     
   34.717860125254248     
   1344.3320211692223     
   1176.8458347304691     
   1038.3811214051127     
   918.44621448810835     
   798.40636453745242     
   702.22713119999014     
   626.89590102789350     
   600.35286218813314     
   540.74777922047031     
   507.40027704019201     
   519.76814872814816     
   486.11426730241112     
   451.92069715099313     
   398.16301228820038     
   385.69336258597252     
   381.02256072234121     
   362.96648844269748     
   333.48522414337117     
   338.12638138270455     
   325.89679470671194     
   307.33733274120289     
   312.94414607101538     
   327.88611292630219     
   315.49694796342050     
   265.10864539095735     
   276.62478673736751     
   288.75190791299860     
   272.61506876786513     
   268.86292647134491     
   249.67426866218045     
   239.37684814313576     
   241.52174862892684     
   229.57918857086025     
   217.60509733531504     
   216.84084706414632     
   214.94189103769730     
   196.57785001731131     
   184.63561283639206     
   196.07715111186735     
   200.49032832093175     
   190.65305325264461     
   171.94782605094014     
   176.09886798824203     
   169.45529689317496     
   172.34576595047673     
   162.12056461842297     
   149.67924372848495     
   142.44733928014222     
   127.78711633226158     
   128.17856207240644     
   130.00153553598011     
   127.57264472032884     
   123.51474685808915     
   114.90648079357581     
   116.64728834048498     
   112.05000410042008     
   109.22682718695152     
   112.15073714698227     
   107.91047694094728     
   104.37373699504536     
   99.737715798317225     
   95.852256748025837     
   90.668714291734830     
   88.217908393367850     
   86.958946884418737     
   83.197880471474150     
   81.416334588351774     
   82.019862555158824     
   82.758437927713487     
   79.185130489898540     
   75.812378936219815     
   74.225787244070702     
   74.982424513027794     
   72.419001464892887     
   69.041698441216994     
   69.601679945949982     
   67.685666908969239     
   65.523615164225248     
   64.676185444415836     
   62.700428842568343     
   61.474970295049076     
   60.072599103841711     
   58.386622831117364     
   56.192465492845827     
   55.142807403639992     
   53.427650736191779     
   53.396579699491198     
   51.802594664900553     
   50.432143202029437     
   49.902634673094497     
   48.496420082693611     
   47.066674129665991     
   46.533228034518281     
   45.314216790744503     
   43.526074240053092     
   41.609907992539249     
   40.964666043233002     
   39.391069210484389     
   37.482819173857251     
   34.684537965257690     
   1334.7515466655771     
   1195.2091470427006     
   1035.1415426246726     
   918.61058846868013     
   786.33953926462743     
   685.06761189483836     
   636.16539689996114     
   599.64898203449752     
   546.10091790926174     
   513.31101320451069     
   524.08457131258183     
   479.80042584647390     
   431.48600321098252     
   412.32054126856383     
   381.92575281320086     
   381.37437711916868     
   332.97271168963050     
   328.61223669396657     
   336.28222353911735     
   325.85218989339739     
   303.54681336262320     
   323.30865803777431     
   330.37829420041027     
   315.21152496497854     
   290.57341605318209     
   278.96419005376589     
   278.49359154177392     
   267.92119628480725     
   263.77674376995299     
   254.45193146335635     
   230.48517380056694     
   239.03081270848170     
   219.23989434598647     
   216.20910462907139     
   216.08124559603806     
   207.16406440019801     
   200.69557731088398     
   188.48131980261735     
   194.47548712455315     
   196.22559328569105     
   190.20876942422032     
   179.07128069825293     
   174.31541933767079     
   174.61863106880071     
   172.02378895491324     
   163.42574225982250     
   149.50255422924525     
   140.28064519731993     
   131.31716757533249     
   129.20280040713573     
   132.67921444183926     
   124.58325243143807     
   119.54965287841877     
   111.74744968067324     
   116.07857620764597     
   110.01469256564148     
   112.04778795423753     
   114.55639962873605     
   110.27775295571165     
   105.96760386683077     
   101.30253802651450     
   97.126367445410736     
   91.441401570981881     
   85.592563304492742     
   84.484759973060576     
   82.080925435783058     
   80.945952831418609     
   83.518682180140530     
   83.202701873030350     
   80.116254979064522     
   77.614863835098362     
   75.228674125572496     
   75.570891579439007     
   71.849584216374225     
   68.313451700497112     
   70.381399597323764     
   68.474917150838252     
   64.904434868923346     
   65.648134146030642     
   62.201136892785684     
   62.070208458213664     
   59.599163808094985     
   58.041082557645318     
   55.455451764703284     
   54.194166891915259     
   53.694847366736660     
   52.256118139882773     
   52.009500229299988     
   50.295652730175362     
   49.472568025670363     
   47.998578515218753     
   47.039871914880500     
   45.889888302896857     
   44.632950375418879     
   42.979358265415833     
   41.488947376271462     
   40.189834256031062     
   39.116128081434340     
   36.873386426120433     
   34.844638721301230     
   1338.9178751492304     
   1200.4494174862145     
   1059.6254658726673     
   939.55280271546326     
   775.20767019242589     
   690.24241828819459     
   637.48119258367763     
   603.56198848872987     
   560.02107669338830     
   499.02986443861101     
   506.39201423321873     
   464.81399366226549     
   434.24043346337129     
   408.11818005255145     
   385.11199554901793     
   381.92176495472427     
   354.54594995502339     
   324.35474090563298     
   313.90062085833659     
   302.36129791887095     
   301.70556279363547     
   329.27987433863933     
   323.53495203012255     
   299.18408245615507     
   284.68667299003272     
   272.00113336902507     
   274.90627192606280     
   278.33604587695953     
   269.24060570448989     
   247.94336962243159     
   230.30268970403995     
   232.47105286468366     
   224.40085474805142     
   212.46812088069305     
   215.00731313135219     
   210.62401657385578     
   191.70667949302037     
   195.00525025296719     
   193.45876092859567     
   198.20265537780844     
   189.32918462726866     
   183.53654330773657     
   174.32653519577349     
   173.35025912386465     
   174.06683990048072     
   167.71394909234030     
   149.84235368782203     
   137.51647395106488     
   131.82416655175561     
   131.69816885126056     
   134.34650040482575     
   120.40921123039308     
   118.86577204639599     
   113.46353395951925     
   113.94239285843807     
   108.38466527058171     
   112.43908370492380     
   116.95752599208956     
   111.17128621741438     
   105.59011716162472     
   98.681116650988287     
   97.698397689557140     
   92.351701254530866     
   83.893381117154405     
   82.348511244431734     
   83.412556352799811     
   82.759009328734521     
   84.787192727909016     
   83.899035419733409     
   79.727659046923819     
   77.786125545591915     
   76.587541588162679     
   73.921757977013755     
   73.055285927978019     
   69.403582052506167     
   69.428801869436597     
   68.562924598893815     
   65.872279981202851     
   64.739985902420301     
   61.317306878187445     
   61.798453548776259     
   59.453359734320983     
   58.178656311506444     
   56.249364217194866     
   53.815484546601702     
   52.464436234094798     
   52.288530682620930     
   51.668076732262442     
   50.129104757609198     
   49.663867635483413     
   48.665385561738645     
   47.427314444799663     
   45.689697769314378     
   44.191155778898938     
   42.534114046445069     
   42.273542988204781     
   40.458045654798987     
   38.403944832309477     
   37.468489868820328     
   34.951957800422250     
   1341.2407284999240     
   1175.9331452056117     
   1068.3594603229517     
   956.45811561331664     
   776.68794104379265     
   678.11754285633174     
   607.46585365262615     
   634.57344492198808     
   539.87543141535684     
   506.89824690449279     
   506.56287886586676     
   471.82514895814904     
   433.70007593892740     
   396.90185381799074     
   394.35533558293946     
   367.58278437089848     
   339.54865365798651     
   317.33319278058241     
   286.58196176902948     
   293.06082997428632     
   318.57047266275430     
   321.37491995417327     
   332.71860918784239     
   305.86684052391138     
   287.98400602735137     
   268.75123361663560     
   256.86507950371504     
   266.20127131425545     
   266.49106386142972     
   250.23128374521772     
   224.09041181003442     
   218.54051964138804     
   213.01348003745969     
   210.54712530500277     
   224.13291819919488     
   215.21692120102045     
   185.83495824497717     
   184.92298708593080     
   192.47918074785656     
   194.58565299832790     
   194.20300420317091     
   177.18795072134310     
   172.52079457318683     
   176.18605503848346     
   176.53243509382858     
   168.44473015410546     
   149.63526919866788     
   132.39772795732233     
   129.33094921506503     
   133.26701511382083     
   135.73450719563797     
   121.86052322993064     
   122.27580743380405     
   113.34279015476417     
   116.61361572757235     
   107.75388038127930     
   112.38677399376287     
   112.21957374587782     
   108.08042938474256     
   104.45271477774557     
   95.134537495196369     
   97.093174640701704     
   87.033673717924458     
   82.779370268466053     
   83.057938088921105     
   83.031931062476943     
   84.184725392512973     
   84.085152599601770     
   86.177831647878861     
   81.592905798117997     
   79.230878074465139     
   76.929518825956265     
   73.513708254531011     
   71.456361006040552     
   68.759123902470932     
   69.826100500721907     
   67.797463485236634     
   65.830485869722295     
   63.646275977695723     
   61.028530962330663     
   60.686300540787904     
   59.747847506516280     
   57.600128785207062     
   54.716668929640385     
   53.522986394182020     
   53.165660534280150     
   52.727925806545940     
   50.613214281332382     
   50.432359992181446     
   48.680456905549121     
   47.880463579024699     
   46.537704027716103     
   46.074249336026725     
   45.101201889171335     
   43.306632341949822     
   41.973914863012830     
   39.760105013629243     
   38.534979150165938     
   37.149685375828412     
   35.634630564632545     
