           1
        3200
           1
   990.57081793963800     
   937.19770670009984     
   894.50312056840994     
   867.79095584541051     
   843.58181857679358     
   817.73932970632382     
   797.47916117886484     
   774.73172940768211     
   756.78466136304655     
   735.71816043231877     
   716.13928446866794     
   697.15397392236810     
   681.85102681966862     
   665.11336521213707     
   646.32979237134509     
   630.56492631225353     
   614.13465616260135     
   596.37011634265252     
   580.77634847476622     
   565.99041974632655     
   550.51258273707458     
   536.62584174134633     
   522.71041101589833     
   509.22841606822283     
   495.87784299887312     
   482.83696596445316     
   469.93487394420140     
   457.98116825952002     
   445.60651349117563     
   433.14622470583453     
   422.01486894499311     
   409.68886102356515     
   397.95814437685999     
   387.93138131040996     
   378.07459207583628     
   368.45963985526572     
   360.15484639243380     
   350.65766216446127     
   341.92197507128941     
   332.07741450500237     
   324.84392634429526     
   317.63446968581309     
   310.23109865252007     
   303.78274657007046     
   297.16308331453899     
   290.34565470533607     
   283.46110402080950     
   277.22590881781457     
   271.55355906217540     
   266.10953339284254     
   260.52336971893840     
   255.55132378775346     
   250.09972121782187     
   245.52717323975759     
   240.49648728877668     
   235.14254587397477     
   230.57257206423270     
   225.77897294466135     
   221.44933261045719     
   216.48479663581350     
   211.84363833690401     
   207.11791828700271     
   201.99987694820209     
   197.77016084047759     
   193.59440515026773     
   189.25907519137394     
   185.18769915343788     
   181.07431165773258     
   177.61424156411590     
   173.89298300166888     
   170.11671645962699     
   166.33345195639646     
   162.81550908700538     
   159.89542106550675     
   156.69563168521938     
   153.43978747234175     
   150.32151954300468     
   147.34340525872150     
   144.30972533479499     
   141.47098398109819     
   138.57341975191579     
   135.81519869501969     
   132.97465796013293     
   130.32727856417065     
   127.90874397988269     
   125.42796533836827     
   123.04752975359253     
   120.59326286786191     
   118.34543224862641     
   116.12149333559253     
   113.86132751409417     
   111.82540375210935     
   109.66598967336029     
   107.61246852121448     
   105.62318725421150     
   103.56069167375240     
   101.52756014143992     
   99.635714378327663     
   97.662234373708799     
   95.833005037116948     
   1012.3484908375299     
   980.57870376338860     
   937.42783710288268     
   899.09740618308456     
   865.91790686153684     
   839.72348118119794     
   814.91772936475309     
   791.31451267066313     
   770.95966019678008     
   750.14689067735492     
   729.20394156829309     
   709.93174462740762     
   692.68990563749514     
   674.15263781110093     
   657.27103787395811     
   641.08144754966008     
   622.83852111403860     
   605.60023585499039     
   590.93142019345692     
   576.08546510928250     
   560.46055437740722     
   545.64617972291614     
   530.78310201136935     
   516.75168617294185     
   503.08989065378955     
   488.43981891030182     
   475.23693487859032     
   460.81473386910591     
   448.03775627860909     
   436.20692908693877     
   424.17526870672089     
   412.50219849684993     
   401.14035317708459     
   390.74144787332312     
   380.47671973530390     
   370.87186217757056     
   360.22960871063384     
   350.13270785189144     
   341.35568556796676     
   333.05504500111726     
   325.18633635968149     
   317.69588602130636     
   310.26784043981348     
   302.99902517027101     
   296.20158823970888     
   289.71726840848572     
   283.71682720012200     
   277.87511285884432     
   271.73140569922492     
   265.80806677865257     
   260.29301196141358     
   255.74348978401900     
   250.42479445603934     
   246.36627595345010     
   241.49852275961172     
   236.25267585943172     
   231.26701406907111     
   226.48062342817406     
   222.18428511013192     
   217.62465083993607     
   212.84236388600763     
   207.80055309221996     
   203.20490547675519     
   199.27088187533263     
   194.58853280183143     
   190.29965067913741     
   186.01894760341162     
   181.97307871276732     
   178.36820262976832     
   174.30993964290022     
   170.66870680256031     
   167.12106590423531     
   164.02135974802317     
   160.70596136761992     
   157.00748705174865     
   153.91813032465808     
   150.72861877782364     
   147.77816390536438     
   144.78608474520044     
   142.04998734518091     
   139.24458524951532     
   136.51472867476522     
   133.99504618975001     
   131.38126975774838     
   128.83248988908827     
   126.23060786603665     
   123.73200066503338     
   121.28610894517907     
   118.97437068869813     
   116.52636295446769     
   114.41177522879303     
   112.19240903663996     
   110.03777291348186     
   107.87311662377493     
   105.72558203757913     
   103.75714194016422     
   101.80775058313468     
   99.880858095750028     
   97.967455097531442     
   96.016936720749257     
   1017.6299693239293     
   985.27564518135944     
   953.32676501448509     
   921.40282900601574     
   888.39334601679320     
   861.72945897908050     
   835.08244751662039     
   811.12655264612386     
   785.05072425721210     
   762.10554379784696     
   743.54085382687367     
   726.57614672049374     
   704.82125070963627     
   685.64733501566661     
   665.70247006262639     
   645.95212694206816     
   629.27209193134365     
   613.69160416934358     
   597.10757108037944     
   580.05277811743520     
   564.58289602402010     
   548.25170149583539     
   532.51360548599973     
   517.30953246920978     
   502.07314028015992     
   487.77638346104402     
   473.54432207439208     
   461.50428266966890     
   448.96945075983484     
   436.14168422902395     
   423.64467604406047     
   412.23876948340734     
   400.01668181489765     
   389.21987728670325     
   378.68276541846728     
   368.67052518905604     
   359.71467141648731     
   350.91190254518705     
   341.99952862994041     
   333.05700125090920     
   325.22532357212339     
   317.94398499518638     
   310.54560225563955     
   303.38695957144466     
   297.15762210713206     
   289.83833026373497     
   284.41443708378790     
   278.14194612547101     
   272.63385278404513     
   267.10310264339455     
   262.58451272347781     
   256.95359972902969     
   251.92950308112154     
   247.76345547484200     
   242.88060501846783     
   237.92723143761887     
   233.59873095107986     
   228.79592597506860     
   224.41864560358906     
   219.88809813213015     
   214.66858605121931     
   209.93868872429647     
   205.45987231277792     
   200.30037055624607     
   195.95718524416529     
   191.69245468256520     
   187.25690350959559     
   183.42946022990316     
   179.51697259924086     
   175.81013472798710     
   172.03809849138747     
   168.62182296575122     
   164.91878620149876     
   161.33011433402424     
   158.24790743399376     
   155.24725573977500     
   151.85220823582168     
   148.82373596536206     
   145.72424824758266     
   142.80744767431702     
   139.78788890521651     
   137.04005018965003     
   134.39553503717605     
   131.91508580470645     
   129.40762780025528     
   126.82739490259195     
   124.21184905766015     
   121.79086633358267     
   119.45823183418615     
   117.00095838812096     
   114.81702942160581     
   112.56106712780046     
   110.33742660987721     
   108.21331522547109     
   106.19962164360199     
   104.03090357845750     
   102.02586408859254     
   100.09284828506132     
   98.095884279716927     
   96.090060903690983     
   1021.1199494464745     
   987.38072975868454     
   954.39795205046926     
   933.13222266244100     
   907.88187258743108     
   879.35779357614342     
   850.22393083706652     
   822.37720817922798     
   800.32861313146361     
   777.88849677816097     
   755.49086633431466     
   731.46828236689885     
   712.55144262495094     
   693.95935306961439     
   674.44218660102433     
   655.14705685252875     
   638.48392166062786     
   621.61431254195304     
   602.99675031838501     
   584.01918934894320     
   565.89250550635688     
   549.50146814518587     
   533.82261996322723     
   517.71637215926512     
   501.81979702603661     
   486.12996016549550     
   471.64926911256225     
   457.62025454042191     
   443.56021043919031     
   430.62289777334331     
   418.99431031034942     
   407.00567697796760     
   396.41654418104605     
   385.70569772398062     
   375.25144883203541     
   366.43141008135029     
   357.83327958408830     
   348.92496236359034     
   340.97315811556734     
   332.51341089402013     
   324.14091558668321     
   316.95305131483633     
   309.90224091244397     
   302.71411251893062     
   296.55553811837785     
   289.94208944684993     
   283.85807426502515     
   278.22717618072068     
   273.17243861903256     
   268.74758129867621     
   263.20432624252845     
   257.97797435379584     
   253.22433913917791     
   248.56786779875648     
   244.28522685318262     
   238.90482941475713     
   233.67546627934763     
   229.09026447833730     
   224.68862275869418     
   219.48849288406211     
   214.29540585652421     
   209.45424076605750     
   204.86459750507447     
   200.08895801674160     
   195.57236885959480     
   191.01709549237452     
   186.69802828311327     
   182.90860487625403     
   179.09238827935863     
   175.36105587975507     
   171.64270674462790     
   167.69331963011393     
   164.43940025422393     
   161.10251210290605     
   157.61938253532216     
   154.44773717692010     
   151.34913767002848     
   148.30429752492810     
   145.33873028743690     
   142.23746443879662     
   139.46032121654025     
   136.65100108444275     
   134.04485841038715     
   131.22026544854134     
   128.55668300929617     
   125.86479519772217     
   123.31356636068845     
   121.07687046110138     
   118.65956935468719     
   116.18726917574918     
   113.84162520908151     
   111.45437653396911     
   109.21435815021286     
   106.90010025748882     
   104.85294765238793     
   102.75310863668821     
   100.74904147399836     
   98.671457247400951     
   96.531532724626970     
   94.550101928744837     
   1024.5907545584755     
   991.75264347023813     
   963.85479355053383     
   938.80001457939488     
   914.24440306176837     
   890.59889829282406     
   865.50246379433702     
   841.12742772043930     
   816.48010669315852     
   788.65134116057959     
   765.58980216079510     
   745.68843301270749     
   721.69427918097108     
   700.24745029846804     
   681.71734124461057     
   664.21470633652825     
   643.50561755847173     
   624.40815673473367     
   604.20938247020695     
   585.30153265429385     
   566.97955025903536     
   549.81915339394550     
   531.86444137226840     
   514.36315421508607     
   498.59245523810569     
   485.31858445459704     
   471.70983633406223     
   458.07042792151367     
   444.96669975678037     
   432.99926964934241     
   420.56947707072351     
   410.01367008367583     
   399.65921635907671     
   390.32217685434796     
   380.18129344589869     
   370.35455792607462     
   360.07975550921742     
   350.27178470580770     
   342.03819639273064     
   333.60782473432926     
   325.53174646713387     
   317.28378352373898     
   310.45265676609819     
   303.40989484532622     
   296.38046589265332     
   289.98444962106578     
   283.76104982765094     
   278.46440299681757     
   272.58305424803456     
   267.07681784883948     
   261.82522721910516     
   256.25596527823222     
   251.23956868332738     
   246.97517522511194     
   242.41589095724893     
   237.34389002697009     
   232.64412150223416     
   228.75056689368864     
   224.20096493525091     
   219.32477435188397     
   214.19714078826522     
   209.22440428727049     
   204.47218901601553     
   199.67471030320627     
   195.54840782756017     
   190.94820667676390     
   187.00417971279188     
   182.81492180354127     
   178.98517325932852     
   174.79270212335877     
   170.91424668163577     
   167.19108835440619     
   163.92609216711503     
   160.34915934713248     
   156.78707789242756     
   153.57023527521000     
   150.41835028276680     
   147.48298468122476     
   144.37996953491680     
   141.24361987267559     
   138.44458436932590     
   135.68277467673738     
   133.02205579768582     
   130.52328599959003     
   127.73436828579374     
   125.22374309366903     
   122.74437950877173     
   120.15325479253961     
   117.66499895252915     
   115.17957280847166     
   112.85529201195092     
   110.56242801108689     
   108.24369505507124     
   106.10817508965430     
   103.82850317365225     
   101.64714478534877     
   99.464469029080959     
   97.308354031068291     
   95.165043527670562     
   93.144563147632795     
   1028.1946727164564     
   993.43833025670097     
   966.28754063141105     
   940.43716471768164     
   917.22480445736642     
   895.00760235840630     
   872.01613967312426     
   845.10808006382797     
   820.89591801738663     
   798.02199042805273     
   773.54290672510024     
   752.46996306254016     
   730.90842267233586     
   711.80811792708835     
   690.31287391893773     
   667.70119169312272     
   644.88860867631706     
   621.79371494746238     
   599.96646643491795     
   581.07273646598514     
   562.96549832892106     
   545.56628617184583     
   528.53956968792681     
   513.04047575744403     
   498.17250304800871     
   483.84673655141728     
   469.65089220845124     
   456.74298973775655     
   444.91063356560232     
   432.44360451160537     
   420.96656384842908     
   409.34563309907793     
   398.23657413308439     
   386.98580458457417     
   377.34101491966618     
   367.36242867711792     
   358.84427603363503     
   350.19617906326710     
   342.21620237739023     
   333.63375998077856     
   326.19114109045580     
   318.57596023331485     
   311.77212203983845     
   304.30973724703608     
   297.95367026222050     
   292.07354112478617     
   285.79493883796556     
   279.77853090060512     
   274.39226128107754     
   269.21253816269979     
   263.80592035481629     
   258.85883113184582     
   254.31364720087316     
   250.20659994132342     
   245.24303134288999     
   240.28156539822430     
   235.73528861202203     
   230.93053646761882     
   226.26743499869286     
   220.96656498838763     
   216.06955448214114     
   210.63674731426403     
   205.53202757924535     
   200.87181917244439     
   196.13696760306175     
   191.56165493635550     
   187.43114507342486     
   183.21103908444465     
   178.83205191864801     
   174.79839987928966     
   171.36102752405333     
   167.49893240169789     
   163.55723950388904     
   160.21822887614795     
   156.50383706125785     
   153.48486386599231     
   150.23199618719931     
   146.96176819350296     
   143.64713056976504     
   140.44491051461577     
   137.23573327264131     
   134.24638048372179     
   131.40806843648443     
   128.45313703950112     
   125.75385012281012     
   122.99640986654600     
   120.50221550716438     
   117.87721669393204     
   115.43579566910941     
   112.87042926991757     
   110.54233790419590     
   107.99035304684034     
   105.59605517833390     
   103.20792216254677     
   100.98517497968207     
   98.737924528913339     
   96.713808151532106     
   94.462855005837014     
   92.328120096731141     
   90.208057762007869     
   1033.6962677643537     
   996.80360959740585     
   967.71427187578342     
   944.03879848200995     
   920.78443097410843     
   894.98470897586594     
   869.71106905958345     
   847.25307424861171     
   824.83264148222440     
   803.52008873609975     
   782.39321311761751     
   761.04245686974696     
   736.58876066968264     
   713.00791295354975     
   688.26856087421265     
   662.84563914322507     
   639.42764607091283     
   618.67836599308475     
   598.67304609340488     
   579.68949357114775     
   561.74931307871611     
   543.88387873062470     
   527.80026169014502     
   512.42088682232588     
   497.28780749313790     
   483.40784182438665     
   469.10503914813353     
   455.94980957768058     
   442.38426031590876     
   430.12989118430039     
   417.96202449682130     
   407.40424244066475     
   396.79872392063953     
   386.43149047186517     
   376.83750201648814     
   367.52071883727467     
   358.04369090224367     
   348.84681665824132     
   339.97744750576271     
   332.07781388364282     
   324.58168296067890     
   317.07622876335608     
   309.41723350175187     
   302.42953575243081     
   295.83382453269854     
   290.21025716104117     
   283.77176314048563     
   277.99770548704191     
   271.79418662084811     
   267.28683563237138     
   261.81942074345193     
   256.71430976457935     
   252.81609846414290     
   249.09315320392051     
   244.62500916519846     
   240.00182690937257     
   235.53726784214734     
   230.65443828304294     
   225.13718993984969     
   219.91743648622918     
   215.19438784399469     
   209.50073778288296     
   204.28994565403718     
   199.36472966274491     
   194.97468652265451     
   190.61102991237985     
   186.33603806796646     
   181.89812809346154     
   177.47351691413618     
   173.67002177155851     
   169.73347775937751     
   165.90243137377115     
   162.15270488548629     
   158.33618748599673     
   155.03869214482938     
   151.72831537666809     
   148.27495345028598     
   145.20118232221114     
   141.93260922043632     
   138.58818238895086     
   135.49832750159709     
   132.55853389331116     
   129.43558763910318     
   126.36992124551313     
   123.63754850601974     
   120.61511207990877     
   117.71557330440376     
   114.93321191008863     
   112.09924575800518     
   109.34642740301653     
   106.73085131457970     
   104.27871646787668     
   101.94789461187302     
   99.668580521271736     
   97.336851169216629     
   95.013266708912624     
   92.907301294325734     
   90.707920755268447     
   88.380457832723806     
   86.342309268284026     
   1038.0335589861559     
   1004.8100857575546     
   971.14479039524531     
   948.57060399342072     
   922.04416662055360     
   899.01833615018666     
   874.18243096583888     
   850.38035731529578     
   827.97093580972398     
   805.79941126914173     
   782.34402687104500     
   757.31951906329323     
   733.53840934628067     
   708.22636483063218     
   682.76627407002809     
   659.47754978984244     
   638.29017990120019     
   616.27740716713606     
   596.84469250447103     
   578.58120300637540     
   559.33292574837765     
   540.88758215378141     
   525.80047841003523     
   509.75617251264191     
   495.31614622859445     
   480.88177341944129     
   466.04661155845474     
   452.91258291298647     
   440.87831886717385     
   428.44988562450493     
   417.14339117054516     
   405.03786406547511     
   393.84532004740811     
   384.46205341620691     
   374.67218261034679     
   365.10809693089641     
   356.31577299867212     
   347.60433833891096     
   339.56663323890410     
   330.77511854557093     
   322.74383879340712     
   315.35502684628420     
   308.57642255417392     
   301.17242224591075     
   294.36471111527965     
   288.02001880286764     
   282.31881310773923     
   276.96594481893993     
   271.98145050238361     
   266.65060712680548     
   261.76470226810670     
   256.86969585248596     
   252.77379078986240     
   248.23464174927361     
   244.64430662126375     
   239.65963793801873     
   236.45743872204599     
   231.48284704290711     
   225.40346325036248     
   220.02565541374807     
   214.81147524256525     
   209.55341992641905     
   203.93650482756010     
   198.68604973923738     
   193.58017932856521     
   188.84878065196787     
   183.89826568216853     
   179.34177403384592     
   174.83079505935643     
   170.68235476245329     
   166.50346728973358     
   162.21210359725032     
   158.50227987590569     
   154.84985132941762     
   151.21744670374193     
   147.86109426065210     
   144.19237784770513     
   140.66788610081412     
   137.16234634383119     
   133.68191854049431     
   130.28044677819915     
   126.95342750869159     
   123.76262952680946     
   120.98738535629408     
   117.91990425898487     
   115.29891767704393     
   112.14387410863594     
   109.04946139481834     
   106.11171153572029     
   103.44818825945879     
   101.10416046345095     
   98.628213616107359     
   96.035330680501232     
   93.395171633472302     
   91.043425158748235     
   88.828991194396366     
   86.453244462386067     
   84.013771716893544     
   81.904365301740256     
   79.520856582362939     
   1044.4626114201458     
   1006.2202312336838     
   980.58551982005258     
   954.09414223663464     
   927.04128580748454     
   900.45657940259935     
   877.14688916034675     
   853.92285128987237     
   828.93416292370421     
   804.01999880935159     
   778.21169918702708     
   751.06703880056079     
   723.93160461086973     
   700.04610768965654     
   677.76796361030165     
   656.69795678353785     
   633.55949512483608     
   612.38151894254520     
   591.43388727115405     
   571.01868588840716     
   552.87159337134869     
   536.70376657522877     
   519.72428929556008     
   505.55685455957905     
   490.72053651192806     
   476.42087002968753     
   463.12222795503965     
   450.32689122487881     
   438.59871023118569     
   426.72161149517024     
   414.91707244508217     
   404.56994979086767     
   394.14038859124065     
   383.07338591014252     
   374.05400286722335     
   364.50431278151325     
   355.58784987063768     
   346.71715667878630     
   337.93477701866567     
   331.23647818655314     
   323.61674096646971     
   316.01525715192503     
   309.00338312695533     
   301.99171886112731     
   295.41674544548380     
   289.61396689301074     
   283.78206143574363     
   277.71130004362692     
   272.21528870023133     
   266.90997413112416     
   262.69327969682331     
   257.67893801950885     
   253.79495206205968     
   249.48104509559113     
   245.80653918212323     
   241.15821402852288     
   237.39163299800379     
   232.68906045219867     
   226.34085888046167     
   219.38736782325066     
   213.20789817787764     
   208.14023198316551     
   201.84908946561805     
   196.19354306316271     
   191.04806402725964     
   185.83796115285907     
   180.69489634056052     
   175.64978582639904     
   170.35705844329723     
   165.67812926858818     
   161.08424837919921     
   156.72573410250035     
   152.44655702553464     
   148.62892823103232     
   144.67577883428316     
   140.56030127655833     
   136.94479221525174     
   132.66445538687429     
   129.65956527726038     
   125.77810733184877     
   122.20870237537513     
   118.96298400574739     
   115.66800311519110     
   112.33794316840509     
   108.95678560561451     
   105.91550019298923     
   103.04909026001121     
   100.14644367847380     
   97.328005087303310     
   94.823808464627263     
   92.325780243485070     
   89.402651214000215     
   87.021809498383647     
   84.902676518626137     
   82.645345282452297     
   80.402436496787445     
   78.309379283145745     
   75.874830741446402     
   73.850956119666535     
   71.395318512619411     
   1047.5849219266818     
   1011.5727164648320     
   981.38133008896875     
   954.03267740838419     
   927.73067738550185     
   902.32379560926836     
   875.85963805509709     
   851.04309717277727     
   825.37958794285032     
   795.37350451775001     
   767.06666517119129     
   741.83033861199056     
   717.54042093444002     
   693.33858741382221     
   669.60301215918196     
   645.36362131953149     
   623.80369160635723     
   602.62467490083304     
   584.41484151987288     
   566.89723507935560     
   550.43487845841503     
   533.71278423507727     
   518.07055801313322     
   501.82911276247216     
   487.32206875081550     
   473.14680208850729     
   460.31204195685063     
   447.43198066510871     
   434.62926711739686     
   423.79413489862412     
   413.45937929840943     
   403.46318836001370     
   392.37096847230896     
   382.59278710396944     
   372.46831294164235     
   363.08818912875535     
   354.73703003589816     
   345.65348076974209     
   337.51134326948994     
   329.89857072683333     
   322.80877618406646     
   314.74701322104522     
   307.72307170848910     
   300.43603685760746     
   293.66151777350444     
   288.05369904481023     
   281.78126766447906     
   276.33302869012419     
   271.24316579127253     
   266.56896296300556     
   262.16131217413181     
   257.85404816237860     
   254.70324428155627     
   250.45055761533368     
   246.97527990346038     
   242.64383759849790     
   238.73367062780125     
   233.32022998470109     
   225.70834735279090     
   219.07270744214432     
   212.25916286206620     
   205.54373636249818     
   198.44285090377579     
   192.57448277636610     
   186.18265042607067     
   180.46352216967284     
   174.17763884488363     
   169.18061719649785     
   164.21172256173381     
   159.49168393561743     
   155.11249426156010     
   149.99595650724976     
   145.73649866089286     
   141.31240507473444     
   136.55864468997757     
   132.82799720357303     
   128.60539954845532     
   125.20962786686717     
   121.10690318629410     
   118.15398701515029     
   114.19641436907378     
   110.58203230359986     
   107.05539806519195     
   103.79283294588596     
   100.48154574802945     
   97.176111137852004     
   94.633351464067886     
   91.730903164351730     
   88.695545729248494     
   86.155599116462540     
   83.609916529419920     
   81.306726674894449     
   78.903577833470720     
   76.634882119659949     
   74.691699365167594     
   72.403579526043430     
   70.176188489328666     
   68.500042677010711     
   66.206324874699931     
   63.886638611020032     
   1054.7393564040588     
   1015.8506968032290     
   986.32975868732683     
   957.70476336772310     
   927.82347882932220     
   899.94604144520599     
   870.36766059911645     
   840.07122770111880     
   808.93879961618359     
   783.27839127873904     
   758.38898579636179     
   732.52976159479579     
   709.29217240582034     
   688.40374843044867     
   664.37440203653023     
   642.79634662349804     
   619.50571404460663     
   597.71214466725610     
   578.19921798873258     
   559.56404391741466     
   542.26060401420159     
   526.66734005758519     
   511.62675492513591     
   497.53483217192144     
   483.52740425125057     
   469.51466988585207     
   456.90879421550881     
   445.18752575617430     
   433.14018680693539     
   420.65583389862428     
   410.13053407577024     
   400.29578014317298     
   389.55293526533802     
   379.43476929074211     
   370.11927214530175     
   359.84024612766126     
   351.70618984975215     
   343.57163589833254     
   336.12045470796573     
   328.36569506536887     
   320.93858582203404     
   314.27891342816031     
   306.68852517571997     
   299.27631393363345     
   293.13725181603570     
   287.25748870542168     
   281.61036839728155     
   276.06602837286778     
   271.27736001851923     
   265.67285554573130     
   261.46837898128615     
   256.70264425131097     
   253.31443305876189     
   249.94531612680632     
   246.70841718772294     
   243.86449561621316     
   239.93671482108044     
   232.43395214227121     
   224.00459580232263     
   215.49946461766916     
   207.12376067461332     
   199.45898814056102     
   191.74658839732581     
   184.14923892618268     
   177.94769515061142     
   171.12151368505184     
   164.78863026425648     
   158.82224138055855     
   153.62430216883206     
   147.99949285832028     
   142.50074859274682     
   138.08564656662998     
   133.55116656066954     
   129.27363523642160     
   124.29328565441007     
   120.43784047080592     
   116.74293979627454     
   113.06143678480343     
   109.59910664762693     
   106.50080112472838     
   102.83140451455608     
   99.342731474018919     
   96.385873904448573     
   93.079272940759779     
   90.416529056141968     
   87.925040501053857     
   84.519175301710533     
   82.824677852293263     
   79.995521278249015     
   77.502563520014476     
   75.282546823653391     
   73.008417714219576     
   70.968082865254956     
   68.915052877905978     
   66.657069402568212     
   64.623214557050986     
   63.346658389873326     
   61.621608485010569     
   59.163435479593304     
   57.035642034277032     
   1062.4456204840403     
   1024.8683355366370     
   992.47705067260131     
   960.43400805277838     
   929.69208756674584     
   898.17562469884911     
   861.84184801030665     
   825.05484908290066     
   794.93283683313120     
   766.96175801890934     
   740.71873875336985     
   716.06802427957848     
   694.94388698969863     
   673.61047219993691     
   652.34817765148580     
   628.80124355232408     
   607.40800220875701     
   587.47156806135547     
   568.16077259418989     
   551.32469083101671     
   536.32923567796604     
   521.44172732086270     
   507.46808297904136     
   492.38294586999109     
   478.79700921748912     
   466.07118308199745     
   452.80833973561107     
   440.10552998271794     
   428.23594975067255     
   416.77446977518827     
   405.01417041876238     
   394.19514151410340     
   384.93064389101926     
   375.62167110202586     
   366.33791945320417     
   357.50063770337169     
   350.02159099022037     
   341.08481184893719     
   332.62135586207921     
   324.86967080200174     
   317.63929074341826     
   310.42124046478460     
   304.24444856499468     
   297.59720083086324     
   291.86252093066253     
   285.96763664834180     
   280.21525017699207     
   274.30934541235638     
   268.95031480422642     
   264.04533691261327     
   259.24870235688934     
   255.68591629726475     
   252.43142985190076     
   249.53248996096519     
   247.48822358984171     
   245.18922006433633     
   241.33817862001393     
   231.82716081282300     
   220.32167147428856     
   210.63467409149570     
   201.08500927998031     
   191.73682951080735     
   183.08207099422401     
   175.18115731404183     
   167.28289576808473     
   159.20202523621114     
   152.69343833072304     
   146.74589495938557     
   141.25804847501948     
   135.76963070276460     
   130.50109269404263     
   125.99485432239749     
   120.65910086927386     
   116.62690224499572     
   112.28566280088856     
   107.89005287028112     
   103.99250608748208     
   100.65874440775362     
   97.622726073651961     
   94.385951387623180     
   91.748525428883639     
   88.813686812595250     
   85.615767299035184     
   82.972933577652270     
   79.935709065404438     
   78.363276745974076     
   76.038374689337616     
   74.445547388016934     
   71.633331085316115     
   69.953518815837327     
   68.570930322172529     
   66.618487961183888     
   64.227950442830547     
   63.151485714156834     
   62.144307817491814     
   59.798933996172963     
   58.217949177277653     
   56.494874589464416     
   54.392909246441917     
   53.185471154107958     
   1065.7515675768375     
   1029.0746461744930     
   998.25846997431063     
   963.37475641573621     
   925.60393597092434     
   886.04884498294723     
   847.01196850459348     
   815.95177197862427     
   787.13704277990325     
   758.00671109358973     
   731.32060336882114     
   704.40998224254110     
   681.65770736199238     
   661.37951218830926     
   640.13390179311432     
   616.30479696443967     
   593.59207778512155     
   572.88266730235352     
   555.89691625418766     
   538.94960188593336     
   522.99441910297946     
   508.35040426871302     
   493.59811503863199     
   480.81410534935895     
   469.24709341853759     
   455.96077830109135     
   443.93139731257799     
   432.85513295757949     
   422.45634113821575     
   412.70272445907949     
   402.97580742649092     
   392.55134832035441     
   382.36948196195965     
   372.31513300950490     
   363.24056484762042     
   354.43722806804874     
   346.37202635329339     
   337.86614206315210     
   330.02651399785793     
   322.85337247880938     
   315.14816969384071     
   308.30721305650025     
   301.15909951925374     
   295.95502796901906     
   289.23983147462275     
   283.08178050916024     
   277.78061536080941     
   273.17236985779255     
   268.56381075648721     
   264.14913628714476     
   259.52271124645495     
   255.49523183123654     
   252.13574247646207     
   249.36325131293773     
   249.21342954011413     
   245.26975067820550     
   236.45973935137548     
   224.90264045524412     
   212.30875867311576     
   200.47566043431456     
   189.26320506108573     
   179.22589945486035     
   168.46822282712318     
   159.66187495375246     
   152.85183473201113     
   145.51600647826103     
   139.44721995439068     
   133.41802551853004     
   126.64884365223494     
   122.03557879540813     
   115.75380460311247     
   112.37359482181454     
   107.89714225209156     
   104.20262491738484     
   99.496078720179767     
   98.091753945775096     
   94.021437277989079     
   91.156250941351004     
   87.932848649118966     
   85.395749940233671     
   83.921156266882562     
   81.537565909997824     
   79.032399080528251     
   76.336089689061779     
   74.449526253393998     
   72.593593583489437     
   71.247146645749353     
   70.046216493589384     
   68.670144227065350     
   66.023578020819571     
   64.782749904799616     
   62.832167983427063     
   61.245182270857413     
   59.851229250560095     
   58.089707035352234     
   56.626012159935108     
   55.583744786238015     
   54.475751351628361     
   51.391050555228411     
   49.283706243056280     
   1072.3754440635030     
   1035.8943504148256     
   998.48827798983848     
   954.68317604255401     
   907.61270745976776     
   865.31227519130744     
   827.02950202484487     
   792.15068953504579     
   762.17296454237180     
   737.65975622413475     
   710.11586776918284     
   686.31421368380234     
   663.42483563022654     
   645.86785380509605     
   619.40714320205825     
   594.12535191393476     
   569.22802917594856     
   551.33314835175304     
   536.26900414761246     
   524.57915042842183     
   510.74942914198368     
   497.22391011134016     
   484.34577629772480     
   471.72227825261331     
   459.15437818982662     
   447.47124069302293     
   435.81519517942843     
   424.33334332523270     
   413.23594353893156     
   402.43664176280686     
   392.34329889098365     
   383.00386997476829     
   374.45202743717692     
   365.61644425756464     
   357.30991378237081     
   349.62192098660961     
   341.11560236275221     
   333.21382838180568     
   325.50145490364133     
   317.66829597620392     
   310.62591935254949     
   304.27646040180292     
   298.22040086947362     
   292.56560369391718     
   286.79123848731348     
   281.84168693038254     
   276.11920951572483     
   270.45060629882937     
   265.41011382390673     
   261.33455240094406     
   257.22589697733406     
   253.44499418804699     
   250.93076732702644     
   247.95337773566266     
   247.15933476350827     
   245.74316605409189     
   234.04431899548521     
   217.58092439224356     
   202.60026867812223     
   188.43122123426093     
   175.78026705997851     
   165.68370612252056     
   156.35162058262566     
   145.96714671383808     
   139.16491086186340     
   133.28788047980265     
   127.16290478398739     
   121.64429226666243     
   115.74336059299934     
   112.31305824897922     
   108.08989446738953     
   103.73167655389310     
   101.17403387355910     
   96.549724854753023     
   92.571416978499926     
   91.438621791440070     
   88.747819260524324     
   85.812256039124321     
   83.018268165206564     
   81.312916824237703     
   79.670789936803004     
   78.455474568288579     
   76.745260655881367     
   73.759962185725797     
   72.388023432109549     
   68.766007323105512     
   69.014981140705473     
   67.387802607746607     
   65.780333171058913     
   63.548299056095189     
   63.306662520073118     
   60.828784860664513     
   59.037206474431791     
   58.718630525531850     
   56.015241378612188     
   54.896280724893899     
   54.047608929847428     
   52.215179103861928     
   50.799091465571642     
   47.753750452073568     
   1084.6802818931878     
   1036.3015981172193     
   984.02745940810223     
   926.76617300648388     
   874.71105961585613     
   832.59299237845300     
   793.24515171290648     
   761.37043142126606     
   731.96346819630071     
   707.09789276919423     
   683.42645230753726     
   656.24468819376250     
   633.84834789396018     
   609.39306371058797     
   583.90519393842385     
   554.92735881107944     
   526.89806997637993     
   513.80921439603571     
   504.82265195173966     
   493.31835942841604     
   482.41947866176082     
   471.24205821736206     
   462.69094329241085     
   454.12194236678579     
   443.93135561298033     
   433.48850186395958     
   423.53587285565294     
   413.33326027417957     
   404.51335666518247     
   395.47574559352483     
   386.34454457354144     
   376.86925607152591     
   368.22114518917954     
   360.47536990041510     
   351.92505433374788     
   343.22726357928650     
   334.24607872550484     
   326.92151676836983     
   320.87330897554546     
   313.66021259400867     
   306.41610898947522     
   299.48035418261310     
   293.29763687650183     
   287.56815181682958     
   281.82040403798089     
   275.73342742486972     
   271.30252259420229     
   265.94851782897695     
   261.84548567772572     
   257.55150121759783     
   253.67187736798402     
   250.09641522921211     
   247.54511264341971     
   246.32942134961795     
   247.21336972976059     
   246.67638079818423     
   232.68821267002843     
   213.37429044438682     
   194.95469766019144     
   179.23000356129660     
   167.04588760492030     
   155.54798046802389     
   146.48726338767977     
   139.32143962035622     
   131.13079996962529     
   126.57745868218933     
   120.62567064532477     
   114.40067473965470     
   111.60682232099788     
   106.18020412658467     
   103.13829765171126     
   99.821699235211071     
   96.605171321963951     
   91.919966099876888     
   89.455475008897125     
   86.969191944669774     
   84.956843453023509     
   83.332163520814362     
   81.503894967491235     
   80.234225515678020     
   77.456079068309222     
   75.430941841312077     
   73.463968822751497     
   72.018843335530278     
   69.563047030812498     
   67.782983730437522     
   66.245196086903945     
   64.729153097863886     
   63.681885613781297     
   60.805693204771437     
   60.440116643428439     
   59.690609802901875     
   57.163181766504650     
   56.536195561270063     
   54.546507605147852     
   53.500612466431299     
   52.133493740961278     
   49.591325564697385     
   49.277842445832690     
   46.139268398192137     
   1092.2190413889618     
   1034.2496744591049     
   959.08946836704183     
   888.32368403990290     
   829.81075709723518     
   787.18803596782629     
   751.17494613171652     
   718.06688981010393     
   685.27554827878009     
   655.94178501067483     
   632.17647807405069     
   609.77561521454641     
   584.44368466545063     
   558.07095095596446     
   532.93113179229249     
   497.70727096681367     
   462.67430336229597     
   454.15155950296366     
   449.09825358818955     
   447.63027054923100     
   443.01659723255261     
   438.41982069931521     
   431.33132733252307     
   421.54412585592780     
   414.58145916557874     
   407.87620032728557     
   401.02928991054273     
   393.97618358290492     
   385.31678826496841     
   375.97671832740406     
   367.50704075343759     
   359.69833622080932     
   352.56366475537465     
   344.97504709150058     
   338.32115343899079     
   331.46513759623429     
   325.94762495065163     
   319.61620726236885     
   313.20505912048287     
   307.30213206153564     
   300.82869251331169     
   295.34371265790685     
   290.07404922605025     
   283.75166105375280     
   277.91611979705709     
   272.91114429667613     
   268.14080071184105     
   263.28739033077812     
   258.12005225506925     
   255.21071216306495     
   251.32705023273809     
   248.59761687036931     
   246.08234762935615     
   244.35314889926426     
   246.35430264885355     
   247.85623135631459     
   228.81862622682826     
   206.74407207070263     
   188.22077178989218     
   172.15541573921331     
   159.93531913145421     
   149.74228759450847     
   141.74036561769282     
   133.69947636673240     
   125.96103418272321     
   121.51069710553074     
   117.29235018089575     
   112.50582949198814     
   109.01207820102142     
   102.86644285131922     
   101.27608408612829     
   96.393686392765119     
   92.899567383442914     
   90.742015704083357     
   88.154278544415774     
   85.775567476214874     
   83.173513423528561     
   81.113780092803651     
   79.854838236521857     
   78.534955835614312     
   76.478441526677287     
   73.209201652976347     
   72.000519904948817     
   70.319913558537351     
   67.959533882427777     
   66.177729002788908     
   65.507096034569244     
   63.985837027815421     
   61.864789438912325     
   60.552385013635266     
   58.400133565484680     
   57.683197876023229     
   56.747255444502585     
   54.770594201836388     
   53.617147936549671     
   53.141375378619330     
   50.831257310101350     
   49.107023204003539     
   48.127164270083554     
   45.301650524857870     
   1104.9469888099447     
   1013.3597689252399     
   913.19334125086618     
   831.95956269238377     
   772.06861316937579     
   728.08754962468424     
   689.94365660348672     
   659.80492014620177     
   629.67361135128510     
   598.12508304414655     
   569.94522844203505     
   548.39809372366335     
   525.02033065617820     
   500.63212681008577     
   470.94400229598790     
   421.10006951537792     
   378.89427586540739     
   383.24186244352177     
   388.98627123880334     
   392.00698447331473     
   392.99480615770347     
   394.24586571379041     
   393.74464008452651     
   390.01639418045374     
   386.40304943870740     
   382.17336979298688     
   375.32446867571582     
   367.58011901219220     
   362.07462106839864     
   357.53262213359409     
   350.15306278776535     
   345.43457335682808     
   339.34443688096007     
   332.82039796649229     
   324.90280347164975     
   317.99498500526624     
   311.63107319759274     
   305.32096006269830     
   298.35371015411778     
   293.44800381478740     
   288.16815687508790     
   282.85486128629520     
   277.46113203682359     
   272.99093890574022     
   268.34963515362904     
   264.16537595298496     
   259.62427752710636     
   255.71896802746755     
   252.23044283275064     
   249.31681934431379     
   245.96603247498859     
   243.87931091476551     
   241.41210899236910     
   241.11637141625641     
   244.89584773735402     
   248.15368877793122     
   225.22628702207174     
   201.55983975766708     
   184.58461172905271     
   167.58430208420697     
   156.62316206937157     
   145.63921270844310     
   139.41682373971329     
   131.09775409943191     
   124.58834043165520     
   119.32619017747018     
   114.59897229114249     
   110.06348853883398     
   105.74554925035810     
   101.00967263830586     
   99.055426566293448     
   94.895485680503356     
   92.746470068442378     
   88.871148534357729     
   86.109911563521123     
   83.350418888144915     
   81.607192890162679     
   79.714774210397863     
   78.332358721178153     
   75.208323688770164     
   73.992060129183017     
   71.523014203683005     
   69.899076390111006     
   68.775341702816178     
   67.922834348432374     
   64.411232621462162     
   62.311757053600417     
   61.693598585007493     
   61.344106617802538     
   58.397592274148025     
   57.092838626160827     
   56.145729859458875     
   56.307217449732178     
   53.384111107308421     
   52.288064540078274     
   52.018514815312777     
   50.498353124719152     
   48.133575325224001     
   47.059582286356317     
   43.809938803138920     
   1121.3606574539597     
   980.52528774929146     
   857.63168982930074     
   769.54915635008342     
   714.36332016673009     
   667.42683905886099     
   624.87569052215156     
   592.69437099172990     
   569.25904764570839     
   538.36905053670171     
   519.05932507910472     
   495.87279002471223     
   473.15004466668478     
   451.73651879718545     
   420.26618680383467     
   370.19559568660742     
   298.28823628909799     
   299.45705435490993     
   310.59533038761219     
   321.15340872914123     
   329.73171586129604     
   338.10368570096853     
   340.31399176671624     
   345.16746839302033     
   345.60392507220155     
   344.43310170265937     
   343.65980721360660     
   340.87808301369842     
   337.84140707572624     
   333.16500410403080     
   329.02574453078176     
   323.39111403898318     
   317.53488089240420     
   313.74961466904261     
   309.46455657862259     
   304.56742838708999     
   299.45078598875352     
   294.28043710056687     
   288.46522447176130     
   284.14966703258813     
   278.45453158552061     
   273.55741600672422     
   269.39462104157076     
   264.60236112351168     
   259.77407596553593     
   254.26450276920235     
   250.86834709043657     
   246.81475481590249     
   244.51377715481462     
   240.56679728168120     
   236.90564311070392     
   234.80023933727580     
   234.21594968173318     
   234.66202885718150     
   239.09090928564851     
   245.00221273375399     
   221.64562332137268     
   199.82333988076755     
   182.40990046719693     
   166.26757609452704     
   154.45862404616554     
   143.28845451580167     
   136.81788103928733     
   128.95306379161531     
   122.72870356299460     
   115.65353344394001     
   112.06817690533778     
   107.67596492642710     
   103.15602287345385     
   98.341140405277088     
   95.899340881707403     
   93.192230756361937     
   90.536589942275242     
   87.529235597244650     
   84.560305243539744     
   81.382583996338852     
   78.505933465913373     
   77.833189894483056     
   76.343853601532260     
   74.492486637968653     
   72.522361703691885     
   71.003220672094102     
   68.825772199280706     
   66.833868844510363     
   66.284671368725157     
   63.015325859945094     
   61.779513126078520     
   60.675945264762078     
   59.822996302476014     
   58.227169246824673     
   56.343567533113806     
   54.982703997102092     
   54.935214117253622     
   53.131066067531890     
   51.805482797632656     
   50.393875830495475     
   49.010197664038614     
   47.292868459259523     
   44.672157142645062     
   42.962820839469622     
   1143.3137027451205     
   955.62920129075292     
   813.53723138301586     
   722.60009594412850     
   660.67584770650342     
   618.46468090138478     
   587.44392685729940     
   553.16936501040936     
   526.95668820424237     
   506.09051011030942     
   488.83576169461293     
   461.89037379857791     
   448.37224577326191     
   431.72925468816561     
   402.12837693949302     
   340.63267198027688     
   268.42572440171580     
   253.12032490114672     
   251.44529591950558     
   262.95778598727009     
   270.83030359096938     
   279.71841403264114     
   291.22389710150787     
   295.46917569113629     
   299.69696659169369     
   304.11724826304896     
   305.59592393762568     
   305.60069307419519     
   302.89569578902581     
   302.44203090233998     
   302.39538517233399     
   297.91745715080469     
   296.19631542501918     
   293.65509691181796     
   289.56770556174297     
   286.97148834513433     
   281.05556065413850     
   276.09718431289156     
   274.05938997405281     
   269.32742090193011     
   265.13043798606378     
   261.75638598590217     
   257.29464165879898     
   254.39559594260032     
   251.05772231508152     
   247.50353691929158     
   244.76065844864081     
   240.63238793376743     
   238.32057252518882     
   235.68345183429881     
   233.33099596617598     
   231.90126722105015     
   231.64594385605369     
   231.94823616593760     
   236.87677260280384     
   243.35190221225778     
   219.05411478466357     
   198.48190548020841     
   180.06272038369795     
   164.31003461993032     
   151.41372017523673     
   142.54478736551761     
   133.74409441143462     
   126.34405540137291     
   120.01723420750527     
   114.30362809524988     
   110.14552383850258     
   105.88370593287372     
   100.23237601443881     
   97.013553853592143     
   93.958219918708124     
   91.215499759976282     
   88.780887458168195     
   86.014471866150089     
   82.819579008463464     
   80.311110766826062     
   77.682281111361974     
   76.804271871788302     
   74.311559878405760     
   73.872714237358153     
   71.189260034049781     
   70.285991971268629     
   67.175456128834284     
   65.931658323273581     
   64.793493201086719     
   62.037993642164523     
   60.753298855071947     
   59.799920852141362     
   58.439891466660427     
   56.783645606438398     
   55.019543639814216     
   54.529087870735580     
   52.996595115746068     
   52.219023827785279     
   50.857795001071672     
   49.192990566426062     
   47.533435452015460     
   46.722974567037454     
   43.798832653665826     
   42.165355213105492     
   1173.3900253693992     
   954.56127286178616     
   803.48478457805243     
   710.62191498673769     
   648.27097190719167     
   606.71283043199674     
   571.49124724774140     
   540.20910044979382     
   514.66171621660430     
   494.58796503558551     
   484.14521597008945     
   453.85176617988805     
   447.31957044625364     
   425.28395146084461     
   390.94005014981099     
   328.14440612434362     
   248.54553932300047     
   233.01538196883584     
   227.72024026159190     
   221.37065704210565     
   230.72581120643406     
   236.42385972956805     
   238.26341641648901     
   245.78991386495704     
   255.68435447117349     
   262.72287917635003     
   268.08113280627668     
   268.42965800614837     
   270.93311035053290     
   272.04830730575816     
   271.65624550582316     
   270.33688134823171     
   268.23918947942263     
   267.90882131559596     
   265.66951472983192     
   265.63087181513879     
   262.18648063562108     
   259.16399971579625     
   257.57750170126462     
   255.36989349026720     
   252.25449203048703     
   248.59629219885338     
   244.17146322171462     
   241.30884282818340     
   237.88631206268644     
   235.16427872041385     
   234.26059638888171     
   230.94283330989273     
   227.91969405405939     
   226.03861998587911     
   225.10542002784842     
   223.91317490937729     
   224.10982166017052     
   225.09044600595854     
   232.11906853020722     
   240.43016041250121     
   216.21340379570586     
   196.89229126814760     
   178.06003947856155     
   165.00510949811016     
   150.72257258351388     
   140.42162996364829     
   131.43322746320726     
   124.20318384004258     
   119.13497596676568     
   112.68143856665338     
   109.67805507382006     
   103.83653042623655     
   99.708544689633698     
   95.305320583924626     
   92.667133048862922     
   90.060015728385764     
   86.895382011710566     
   84.440409009183284     
   80.109923723345688     
   79.118683827289459     
   76.497656879466120     
   75.617880428131301     
   73.542689410170993     
   71.811056288708102     
   69.400103218547656     
   68.750355809878357     
   66.284081037983071     
   64.600108320997393     
   63.911023051911840     
   62.387092061545872     
   60.598845062609946     
   59.007486638471818     
   56.221206844408385     
   56.085928809971485     
   54.191763038685195     
   53.040646570465938     
   52.909610349713589     
   51.355330389725161     
   50.449821296738165     
   48.582946239690969     
   47.039050122077057     
   45.225349618781102     
   42.749237964024509     
   41.051937016435254     
   1213.5523615237712     
   982.20551837285075     
   821.09544746840197     
   722.91029871268302     
   651.75688990184074     
   608.10062282056060     
   575.28343168631704     
   539.67096610557542     
   512.66018633590124     
   490.65015983356363     
   478.70761578231043     
   443.34816515286775     
   446.71498570330283     
   417.38087152789160     
   382.32473572979558     
   318.77073765776584     
   232.10918257795251     
   223.78058313977729     
   224.72944844834586     
   216.38943638083148     
   208.91402148284320     
   204.92140004500806     
   219.46053745244419     
   216.06420087714633     
   219.21275134785287     
   222.19993695532020     
   227.45522789212217     
   234.96080919116730     
   240.51699292339154     
   241.54694926564810     
   242.83272788115022     
   244.60235595746741     
   243.84356055552618     
   242.66919714715229     
   243.56230333678269     
   242.10519877317444     
   242.20436293279545     
   240.28413786633666     
   237.30408728714610     
   235.49035224372412     
   234.16945624760297     
   231.41305532175170     
   230.52042094606793     
   227.59634945833824     
   228.32668288176563     
   225.32756363698434     
   224.48740216140348     
   221.48293055488600     
   219.80438143480524     
   218.00175152265473     
   217.11519355749570     
   216.53915819774846     
   216.83270733974899     
   218.53281545797424     
   223.32051462598702     
   234.69172687257276     
   212.69664935822016     
   193.58230851937230     
   176.34589287323337     
   163.34495824529421     
   151.13188637152211     
   140.33247328381367     
   132.35984966277567     
   122.72946962994681     
   119.19189031194492     
   113.50098434783743     
   108.17112013916881     
   103.55464784354508     
   99.534232097409017     
   93.624945527083312     
   90.987725562732692     
   88.617962264648952     
   86.466089568355187     
   83.012821622742166     
   80.813190826066773     
   78.248504870633724     
   77.198574261377573     
   74.378928444153601     
   73.078337966602803     
   71.199186424129223     
   69.457996139568650     
   67.322603498574708     
   66.274634072696017     
   64.060057142885427     
   62.944895026394647     
   61.244823368073114     
   60.806899754846206     
   58.200487731919566     
   56.582967035856825     
   55.984459103065312     
   54.385412533693795     
   52.969039111901914     
   52.161643477875707     
   50.978888096947266     
   49.415053806674081     
   47.270033188896448     
   46.568045133266487     
   43.875175865113384     
   41.437840278911466     
   40.577415611614867     
   1252.9374331621013     
   1016.6686968227705     
   846.52053158495801     
   741.91460420874648     
   657.80151057469209     
   612.55702186130213     
   574.21442254622116     
   540.66484648084429     
   509.12594240887597     
   491.09730435243546     
   481.91752009055392     
   453.92359499201245     
   441.47408592963802     
   416.49370096913219     
   370.19792122997143     
   303.50252003503857     
   212.39570354098674     
   220.40050316394439     
   212.99963511114777     
   205.97901328418806     
   207.39259636321472     
   205.75533389961481     
   197.97983614105902     
   202.41712091544213     
   202.85191141030350     
   200.97691735856307     
   198.21122952876718     
   206.35863757670612     
   211.19016298972963     
   213.87589901410959     
   217.00537794614431     
   220.12168700763812     
   221.28229593304852     
   219.61722908682273     
   222.16056094042082     
   224.25278453054730     
   221.38440265764476     
   220.53249537229604     
   219.29044019529016     
   218.17336899552086     
   216.37122009443615     
   215.73551388903473     
   215.94974043743645     
   215.68001062144577     
   215.15267489434461     
   212.90778338693519     
   210.96799859514215     
   210.85045806874624     
   210.22423685701929     
   209.70010510989283     
   207.14976300965608     
   207.56944562908035     
   208.62537361788640     
   210.93704024713517     
   214.77935997072498     
   226.45822447058356     
   211.42780255331274     
   193.38394926394454     
   174.59704909785557     
   162.75703190322795     
   150.81768174960078     
   139.40577537453967     
   133.15591952027373     
   123.24248257283845     
   117.54149486048789     
   112.74041767457518     
   105.91380217455546     
   102.12951872184925     
   98.552012897992853     
   92.125534045581446     
   88.900390307191714     
   86.636407878632184     
   83.794375515872872     
   81.034960202633187     
   80.486916340659747     
   77.832911082840710     
   75.309170739573972     
   73.851868349271200     
   71.818242829605936     
   69.177376776108886     
   68.869928313518471     
   66.269503811162906     
   66.763479382172264     
   63.576644531283890     
   62.542268400343566     
   59.501995368501170     
   58.230543211691298     
   56.875544068917421     
   55.220688280253782     
   53.750515848630101     
   53.066100551885270     
   52.127347609095693     
   50.699561630624977     
   49.549536129008644     
   49.616616911357966     
   46.833825505784681     
   45.962713866026448     
   44.017872824291295     
   41.247244006635675     
   39.793941872567956     
   1284.6066576651540     
   1042.5991600763664     
   879.59744817002229     
   763.08441077160853     
   679.41891821665422     
   627.23595594860944     
   573.53572306992089     
   544.64196263536610     
   516.07851946955986     
   505.67868709745244     
   482.85334616414093     
   460.27529385301000     
   439.80789175353544     
   417.13635868388809     
   368.06105719387040     
   291.59815819688481     
   204.77402089767372     
   207.88967138805478     
   207.34005865926991     
   205.46217545805206     
   206.43789284050041     
   200.76924238107111     
   201.33834260782362     
   199.65783148468591     
   189.38788879511787     
   190.77546374362740     
   189.03950350289182     
   190.84887065578855     
   188.85538238453577     
   189.32538508505300     
   193.88155619829968     
   194.57919714325666     
   196.12206388796150     
   200.69399710013431     
   202.00180339533563     
   203.58030115819037     
   203.12631714700149     
   207.25855839155196     
   204.65400932608233     
   205.27703242669580     
   203.08159654669498     
   202.15323596403766     
   201.67326644718696     
   202.25238559238551     
   201.21608641908543     
   201.09592069209509     
   199.86638364831435     
   197.76096467372844     
   198.66668003994329     
   201.30401453448914     
   200.19219365520183     
   199.59301376509120     
   200.97510644260606     
   204.01051819065884     
   208.18164413910142     
   217.92087892417857     
   206.86518476046615     
   191.57313517392129     
   175.26403477283952     
   162.79651320523942     
   149.66064560739139     
   137.64197614446536     
   133.48285676979361     
   123.04333641245023     
   117.10882092629713     
   114.09627559853705     
   106.64237213451310     
   101.63184546990560     
   97.641425806972052     
   92.150905558384508     
   89.426127705619038     
   87.027329305903294     
   82.962156388045358     
   79.316674079159242     
   78.624893615854731     
   76.732005574097585     
   73.977290595584506     
   72.053103272537612     
   71.421208503281974     
   68.218140853081991     
   66.402679448656670     
   65.646641330288986     
   66.040891142646458     
   63.894174609420475     
   60.976638696807441     
   59.690150336089268     
   57.940669210617394     
   56.214303047138557     
   55.359261546603882     
   54.341593515752564     
   52.908270735969595     
   51.681619834433604     
   49.944824666033767     
   49.203405568622046     
   49.102526627442131     
   46.938706924393330     
   45.004571309527137     
   43.407561469631247     
   41.379697938669494     
   38.869159683423057     
   1312.7544266737641     
   1080.8722186407806     
   904.61745865074954     
   771.34234715849368     
   699.28964720390286     
   633.20903430823080     
   598.14494653201336     
   549.15210480994915     
   533.87566360432584     
   525.21114630529189     
   493.00278560613197     
   454.85875842434524     
   433.72143511689637     
   428.88305821847524     
   358.48555483474308     
   274.32079707457848     
   194.06909024901148     
   203.88570808480733     
   204.88622086712633     
   204.79795997927383     
   196.10084323426878     
   199.58047706467511     
   195.99247363891499     
   191.24679075333961     
   194.59515402143512     
   193.00087373419254     
   189.57339563201907     
   178.90543045267265     
   181.89982235700393     
   181.80620211129605     
   184.53831737081177     
   185.43275120890686     
   188.38147334660425     
   184.94932626107084     
   186.68958036291872     
   186.39646125598028     
   185.00196653715716     
   190.03855914561336     
   192.06868071549965     
   192.99324003711291     
   190.36990048315386     
   190.70575775654021     
   192.61014646181366     
   191.48869805336125     
   191.58234773145594     
   190.96424512568484     
   191.45005598196806     
   191.64558179263813     
   192.91987638541306     
   195.61170124996096     
   194.08056001364864     
   194.86330006799233     
   195.42141213493227     
   197.81993351637774     
   200.93170435104486     
   208.60605637679350     
   199.89952610756242     
   187.87790305840133     
   175.09180451121409     
   163.30770741817878     
   151.55978753472945     
   137.66383167388722     
   133.61736874024018     
   124.68255962358249     
   118.70981345996492     
   113.56221056023298     
   106.47098725523495     
   101.97592546099210     
   99.257437029772660     
   92.950905048312592     
   89.007632342961458     
   85.824469572332760     
   81.670156417825723     
   80.799119219709524     
   76.479263203087143     
   75.576373437318949     
   73.030657936511091     
   71.721959588331742     
   70.591178210257141     
   68.177874016265847     
   65.526904541915172     
   65.500964167061198     
   64.855192637617222     
   62.813108693176360     
   60.632194425702735     
   58.178069452747458     
   57.524872657904226     
   55.974030727659006     
   55.793173494821936     
   54.391281408709204     
   51.742542668936572     
   52.083535660041356     
   49.347689815320422     
   48.800228647564019     
   48.352645998679243     
   46.330693887793693     
   43.067923728391158     
   42.667151469447369     
   40.292558417026441     
   39.172172292232872     
   1341.9124320133392     
   1109.6162305733151     
   925.77733050056031     
   789.66614940728084     
   717.29705685158444     
   648.25719159744062     
   604.46458827045342     
   567.18751319157855     
   543.56440253119285     
   527.20065613222675     
   487.29356200771707     
   429.80862031957946     
   419.30977626550867     
   415.65769207547169     
   359.77768481566483     
   277.56248354040099     
   182.16453562646751     
   202.44620659398396     
   201.91780037890328     
   206.27982984421135     
   197.85526236042412     
   189.76004960740761     
   188.70458222790984     
   186.39797215474360     
   188.33908416639795     
   187.17656328925261     
   186.26027400679362     
   184.23284230519454     
   185.34088505589665     
   176.93362112457365     
   168.80409002404480     
   178.00282753451842     
   180.07650064583464     
   176.41316271102934     
   177.71218884541008     
   177.51747684577833     
   180.32116486834062     
   180.30388706038576     
   182.38390191245963     
   184.03878166619202     
   183.82316789010741     
   181.12974392520954     
   181.75410918552561     
   182.91036847777170     
   181.78256918667873     
   183.74630567697346     
   187.57746111297811     
   186.39517132989306     
   188.17960544096795     
   189.59538458520643     
   190.06676669195866     
   190.55162533973643     
   191.08531246363128     
   193.33734390631648     
   195.02309980696378     
   199.26934897425880     
   195.91138926485587     
   184.74407011710392     
   173.27676422772797     
   162.98709009445662     
   151.06876483261436     
   140.94066093013009     
   133.47902223254289     
   126.56311858064305     
   118.13815395573982     
   113.24023357556760     
   105.49555324505891     
   98.129948837103569     
   98.611359907843479     
   92.757838246171389     
   88.606153105890940     
   86.133978914839787     
   80.418669983535125     
   80.142718244510093     
   76.928758707350198     
   74.183903700378352     
   71.686323849028696     
   70.685735455695379     
   69.239855468245125     
   68.081797792174370     
   65.276716624913561     
   65.535102519736029     
   64.914282690080427     
   63.068429465963703     
   61.413397989404309     
   58.155314644983264     
   56.827934087989163     
   55.811616954082616     
   55.954183912315884     
   53.064551629179604     
   51.452476503835719     
   49.981179560955894     
   49.455769422091855     
   48.418176256095855     
   47.492642200146648     
   46.327452498463266     
   43.396240885064366     
   41.849341836787623     
   40.785028772059441     
   38.687771938611895     
   1359.1127685606568     
   1129.5133233661336     
   949.83469709811516     
   821.10072882141503     
   754.35902292885157     
   671.98579572623453     
   621.02504644366002     
   580.56865590898428     
   542.29330948673885     
   540.82405059327198     
   482.44692440359557     
   423.89622460320373     
   416.62789166865639     
   418.64727476018419     
   365.20555842280385     
   267.71350360287249     
   179.70124082523370     
   201.41131905859589     
   205.35458017705281     
   203.03247336669997     
   194.97663058984236     
   185.07248646415741     
   189.92425925193032     
   186.82337480736965     
   188.34652806807119     
   186.24247789563822     
   184.10214862298710     
   176.12205886626393     
   179.62340833923008     
   174.15895414240057     
   173.52450515257357     
   175.67329564780465     
   177.49643355808786     
   173.47461006306401     
   174.29781118983701     
   176.53715531185088     
   174.95291529612999     
   175.78475949241727     
   174.34452331397253     
   178.34907315104854     
   178.64178174694473     
   175.04770007645317     
   174.48177329953609     
   177.81703380846417     
   176.05380075709516     
   179.38615524202319     
   182.49686907145539     
   183.92691516932780     
   182.10288955198851     
   184.14981568175028     
   184.81721967105810     
   185.47718029215946     
   186.33630516321847     
   187.85867377696607     
   189.16447220710603     
   191.60266596154347     
   191.75734183287727     
   182.74554902433403     
   173.98717952292142     
   163.28353347631941     
   150.87949465272874     
   142.33262764254238     
   132.77948308402338     
   126.51061721281488     
   116.98025093887659     
   113.00505417719486     
   104.07220224978548     
   97.926136928535286     
   98.449481956467864     
   92.704507361736589     
   87.986429772668629     
   86.160090164471782     
   80.734088316092212     
   79.845424800017412     
   75.057604615381862     
   73.954980092773440     
   71.826572133440919     
   71.169352258050466     
   68.776307603325392     
   66.984475748837056     
   65.743762736835663     
   65.365467404098098     
   63.977676047728707     
   61.419537752437243     
   60.450448542628976     
   58.933383970598996     
   57.070176674165381     
   55.729235258608540     
   54.281926167181638     
   52.589295554520120     
   50.846822269689497     
   48.117825195502050     
   47.360721595534649     
   46.667712765288513     
   47.126271171855620     
   45.249552350408578     
   42.437285571562569     
   41.125491011591976     
   39.947613574736607     
   37.386167462768384     
   1366.9106784437033     
   1162.9746590994164     
   975.73417157528775     
   855.50568676788805     
   757.06571641451319     
   689.56725059210748     
   617.57259455835685     
   577.85889765666695     
   542.62242022421208     
   512.70356745059553     
   486.69240279242746     
   420.58404634685826     
   398.89018060053070     
   415.76106707599718     
   389.38638719278561     
   265.43035773120852     
   174.96135357743083     
   194.21133670742191     
   204.15864274311795     
   194.37474706395793     
   199.48293680077745     
   185.43217480874429     
   187.48534729183680     
   183.94873997905327     
   178.57935643736553     
   182.57330468543913     
   177.79961283230756     
   175.92987413633992     
   177.56941849781944     
   174.23118703122464     
   173.94233906740936     
   170.41247657882118     
   176.11489848656765     
   174.12867305838822     
   174.80276699144738     
   175.54991784932116     
   173.43049972702164     
   174.00882508007970     
   174.06618793808403     
   176.57429661717106     
   175.78765289448162     
   173.79411059260175     
   173.44147642607643     
   175.64943731781111     
   175.88056825638179     
   178.19349382314243     
   178.83958883073740     
   179.15875803928753     
   179.77772873951071     
   181.14933706591455     
   183.46866081241791     
   182.96713033951613     
   184.65532127374570     
   184.12921198908575     
   183.61017489434931     
   185.99668680693310     
   188.46442956110215     
   181.28323054669187     
   172.04468247263745     
   162.34592250159034     
   150.37643760440801     
   143.84530231109289     
   135.10885972569287     
   126.61493453026250     
   117.87380041288540     
   110.43960757007440     
   104.80682563486279     
   97.749506748286052     
   98.520705245789713     
   92.517331956964426     
   86.721324198387833     
   86.823467417254065     
   82.888271565770907     
   78.957342802676038     
   73.652263294444282     
   73.388871177678823     
   71.842338614674418     
   72.011975585736110     
   68.690286429570492     
   66.799347127826806     
   65.719668134021404     
   64.693590372929449     
   63.939316889148543     
   60.838365900145874     
   60.592966276677167     
   59.202632256379488     
   56.223010116214205     
   55.340593113697487     
   53.671608439836085     
   52.153400075978567     
   50.985277422258832     
   48.610687997825444     
   47.255906221645240     
   45.994836206016366     
   46.551042477843154     
   44.397984431648766     
   43.067654220269034     
   41.109393574617854     
   39.835965917000394     
   37.579221095386508     
   1373.9149457063616     
   1180.3811000548012     
   1013.0954745807314     
   884.79134590029321     
   775.27564632114115     
   687.05610959357307     
   626.08320734106758     
   558.23629173308461     
   548.14151547483152     
   503.65377421459146     
   495.92201094891431     
   447.15466518602835     
   402.59772647092041     
   421.35200989872783     
   374.68319439838854     
   249.01850167534207     
   177.73159276371734     
   185.25825244569262     
   195.36983509363301     
   195.08826488888533     
   199.73752664420437     
   191.75296006804638     
   187.98016031282452     
   181.41459082230449     
   182.54430592068974     
   183.87989338369977     
   175.88131828676589     
   177.15167792473702     
   176.69710199360858     
   178.11650216758403     
   168.43909448499275     
   173.38192489311342     
   177.69948674009873     
   174.97032278051415     
   173.08174958744297     
   179.56873158318172     
   175.25770380947114     
   171.25155690846734     
   173.44984147641657     
   172.69467700273665     
   173.91075134673190     
   174.27135913730936     
   177.83651760592045     
   177.29822941791943     
   176.77326554944594     
   175.38215833334337     
   178.48080707676175     
   179.63471118538692     
   181.53813257419171     
   181.35783228007350     
   181.45543201522543     
   182.48225727666809     
   185.45173136730997     
   181.79182877615199     
   180.48263474040277     
   181.31980270424367     
   183.57639120897113     
   178.31196711856057     
   169.15671039057582     
   162.60950733196441     
   150.34915400366771     
   142.86194659828121     
   135.34161833859872     
   126.79501979554570     
   119.00670383550009     
   110.58556201501352     
   105.90890519983844     
   98.029036856850439     
   98.023576863595622     
   93.700218294063276     
   87.932528525848539     
   85.128184608868466     
   81.379765087446415     
   80.501666290456427     
   76.421500159431716     
   75.592181372098707     
   72.071082143839632     
   70.270074889762455     
   68.319905268642188     
   66.287144040069620     
   66.144173715537320     
   65.225833251539171     
   63.208022601339344     
   61.645369097281709     
   60.769014351429881     
   58.486793578304443     
   55.555749952818985     
   54.280830766228256     
   52.747948213917120     
   52.824048511190675     
   50.771686845043085     
   48.675140272395765     
   47.114991272072160     
   47.187813506296159     
   45.635966829659893     
   44.136244060029924     
   42.072270997695938     
   40.268376597985707     
   38.575282522672858     
   37.036797343522622     
   1359.5529177151948     
   1185.2785759511785     
   1009.6218059248818     
   883.32163601027980     
   758.55842815821939     
   693.71190962442677     
   626.17160019325752     
   564.26729953767392     
   531.44807827600880     
   498.52299054827529     
   460.07020865625765     
   454.23896406182087     
   453.35622238620920     
   418.68514855141757     
   375.21871900851829     
   249.79256641029860     
   182.68064360784433     
   185.44933858007192     
   193.31993003685341     
   191.99478415448738     
   196.27007607648579     
   192.32158160527342     
   184.01750667620217     
   185.73981459462320     
   181.78111259548339     
   178.67791773068024     
   178.61815030873001     
   169.34198583789595     
   170.64579634427406     
   174.40845044768139     
   172.51630364928951     
   172.20710958271081     
   176.68516472747993     
   173.86689046718348     
   170.72890889800024     
   173.13471155105563     
   172.11006341636127     
   170.04631017872114     
   170.68333803600797     
   175.99356467594475     
   171.25486675662663     
   173.27968809361374     
   179.48681333336017     
   175.22455220608589     
   177.90372033150942     
   176.89248594837144     
   179.60139181149606     
   179.76375079420586     
   180.44489796301974     
   180.44666515503650     
   182.75672448538489     
   183.31195104676806     
   182.72240722833774     
   178.49726162065900     
   173.33744803566324     
   178.79031026191100     
   178.71819021939382     
   178.10929419003639     
   170.17091501948633     
   164.20044912276711     
   151.73174876661116     
   145.51348540316792     
   138.06222066519391     
   127.52107450532996     
   116.87973339524078     
   109.70770610305439     
   105.25664869830157     
   99.294711132135461     
   97.352744642700102     
   92.103077952762931     
   87.898741131953884     
   83.026751204691820     
   82.512446202322550     
   80.591074964383736     
   75.784598913510067     
   75.698448347604938     
   73.495720664761251     
   69.647696565047625     
   68.053795699030971     
   67.151830588162156     
   64.770302319078937     
   63.682428605021528     
   63.130096994561768     
   63.075046405250063     
   59.721518233607135     
   57.902098033711646     
   55.385208093130352     
   53.257059785045463     
   52.720398085800028     
   52.099522830277650     
   49.731062401917612     
   48.270474008666930     
   47.199777905492326     
   47.247337702637608     
   45.539933988367501     
   43.769969149825428     
   41.248275447009135     
   40.210916462971866     
   39.181735517349338     
   37.287801867592499     
   1358.5898253877031     
   1194.5576830833493     
   1008.3404419951468     
   898.37233325124009     
   746.52157712989890     
   694.15514056955806     
   615.86909725290343     
   553.87445653665156     
   519.80360271018037     
   503.72012632844928     
   471.63411235196452     
   466.16750263840447     
   476.10336636867135     
   408.16391693337812     
   347.28870308223662     
   264.43102448097517     
   172.80374681663557     
   187.53979878880594     
   193.93955549044614     
   194.96617147546402     
   188.40080495971108     
   187.82898368805229     
   182.37628185416816     
   181.98538909531140     
   178.21004048531029     
   173.76796324452727     
   174.93765346039646     
   177.43613964995541     
   171.18597974893109     
   171.52011698580355     
   174.41932698557957     
   176.55160488563700     
   174.11916472143190     
   172.33406430070369     
   175.39133870127409     
   170.41248779380174     
   169.92022311562226     
   168.90370044233441     
   173.05385965268755     
   174.47504915294658     
   176.85552785335096     
   174.88732234208612     
   173.82342390206239     
   177.42611439242751     
   178.97290389835095     
   177.00193939008992     
   178.51104982031228     
   178.89752932870704     
   179.05555010200104     
   180.11430944982854     
   180.32906305957127     
   181.50668572469385     
   181.16830779570756     
   175.05302658545128     
   170.03288261269600     
   177.55504768848698     
   178.51582544628388     
   175.70738408678056     
   172.26355902952358     
   161.68841688287651     
   152.73986892155921     
   145.52699369685237     
   135.98850131315669     
   127.62437952056136     
   119.74926915032603     
   111.53795209547813     
   105.61552480127260     
   100.60768450756726     
   98.560848857691582     
   92.513855029794954     
   89.625194765571564     
   84.504323437134431     
   81.251098650075889     
   79.330416378360951     
   74.511197430802937     
   76.261840194395347     
   72.536188567340375     
   69.065708051861179     
   67.322497000878272     
   66.782025382081883     
   65.604977389765466     
   63.889558296066134     
   63.697959816314537     
   62.629554200082907     
   58.644459549881233     
   58.047129095982697     
   56.502567306405837     
   54.078681625601021     
   52.958119682052924     
   52.867149823424654     
   48.899761042534905     
   48.022370352312947     
   47.243140534357849     
   47.663527589478974     
   44.876083840873996     
   43.427081120175082     
   41.826107649618613     
   39.830831788065609     
   39.509351233277073     
   36.422315014157725     
   1365.7313066941374     
   1221.1014918816759     
   1030.0765022214869     
   920.62554718626916     
   768.92940732814293     
   698.58191221566904     
   635.15003297360226     
   530.67722966109250     
   558.07688739363869     
   511.72221874335651     
   494.15841143654984     
   491.46107994861762     
   478.69885815329798     
   384.96421461798576     
   313.67612358554044     
   251.40585312349344     
   183.56371549015748     
   178.26433795666324     
   189.46611956569214     
   185.93487905159230     
   181.16693476614310     
   181.33829583769545     
   188.70350823539906     
   180.15077656778038     
   173.56032822170292     
   177.32126555806329     
   176.66269895186812     
   178.94639535211607     
   179.28654646969676     
   170.76077932052061     
   173.11774017829174     
   172.61183187249603     
   175.54026128363955     
   174.53273961232387     
   169.40359704160744     
   172.10581677811126     
   171.45407252059118     
   170.54663329874171     
   174.39953274923027     
   173.49938914086357     
   173.22182308894276     
   175.85037266732724     
   172.77525839020996     
   175.02955374373437     
   175.85820174398211     
   175.51829489292760     
   179.57063068157552     
   178.00297824527914     
   178.90362174034459     
   179.84265321330017     
   180.30735478432621     
   181.90022727527256     
   179.94599302307057     
   173.40378148309409     
   168.56987632235024     
   177.85232670563073     
   176.66595966659870     
   173.93818864317672     
   171.23672235133259     
   163.59434191503388     
   154.72554667148560     
   146.05197831015508     
   136.74695237883020     
   127.39805092365687     
   120.36293026597102     
   113.19929422959147     
   106.14723117835223     
   103.66554922976145     
   98.086218098186265     
   93.009708034895453     
   90.046835391335520     
   84.434709856228793     
   80.611202460534088     
   78.517890724302063     
   74.993199819468117     
   76.238282683108778     
   71.427800665145611     
   70.315673411842297     
   67.950767575162232     
   66.596330829723314     
   65.632959202304704     
   63.383376783220861     
   63.682257345612740     
   61.645632670468196     
   60.482614958330934     
   56.758956464085358     
   55.762232914378927     
   54.650127326114109     
   53.920177140490644     
   53.291076961294550     
   49.589617951464412     
   48.021603767498810     
   46.521003889420115     
   46.496491992500644     
   45.291582666633644     
   44.597145039603866     
   42.178874689314114     
   39.727102395415628     
   39.594892955495084     
   36.322180500188210     
   1378.2409184031103     
   1252.4135998096590     
   1065.3293526802991     
   921.18069921029110     
   756.66637140009868     
   720.79346567709842     
   632.94224278435479     
   498.67036490279088     
   568.14333357501300     
   547.96193141462004     
   498.17474928959859     
   508.56417060075580     
   480.69400322944796     
   379.76374315187451     
   300.19366524285465     
   243.94164167937760     
   181.30919175260115     
   175.02330359794149     
   191.23978232772646     
   190.70945332111131     
   184.11240855030294     
   179.11978391768324     
   185.71107726791860     
   180.35313762682154     
   179.12764383211689     
   172.97282733243534     
   180.32427067222372     
   176.51719826649258     
   174.37234198013363     
   175.01665341044520     
   173.92608264236412     
   168.08743840362496     
   167.38332379418750     
   167.92320037838357     
   173.15874599118123     
   166.48267088838111     
   171.24852572762555     
   169.89538972552685     
   175.43309413575747     
   175.49473957138696     
   177.83773268052849     
   175.05493529872783     
   175.78127804505726     
   175.86602214235347     
   172.26686724551169     
   178.25113912585047     
   176.81403097304397     
   175.11870095941185     
   177.78504326938622     
   178.81355102805983     
   179.87803272228558     
   182.42461074036211     
   178.42280326414584     
   173.41388424322560     
   171.67987747162005     
   173.12773334048035     
   173.90219193809281     
   174.38007985890087     
   171.56368780433382     
   166.18055470499502     
   152.79106239413028     
   147.47666162654147     
   137.23611487123122     
   125.81950325909237     
   117.85874411825986     
   113.76455691654373     
   106.24892940139097     
   101.93503646795469     
   96.223904423541157     
   94.082225092086915     
   89.943337780757588     
   85.163680612760459     
   81.382062177299943     
   79.204970444138070     
   75.475081462048294     
   75.121210695576167     
   70.281398322727483     
   70.534570655888047     
   68.425128331700094     
   67.527705248507161     
   66.288613977249270     
   65.032294189061957     
   63.999774579217728     
   61.171985016646914     
   61.222820057593822     
   56.690512280937625     
   54.323894582712811     
   55.608123852590708     
   54.042228182516567     
   52.513019598838689     
   49.585603243604552     
   46.883201615049785     
   47.193277702329908     
   45.510997587427688     
   44.480058550217386     
   44.619693719147257     
   42.199432215520588     
   40.815584925056299     
   39.658420167222914     
   36.021405507678260     
