           1
        3200
           1
   989.16733927568930     
   933.18837995108049     
   893.40708590761005     
   864.71008715082507     
   842.21311359133665     
   817.41893712034459     
   794.49463966965413     
   772.22761317262780     
   751.01864893479683     
   730.81904602957741     
   713.83921200594455     
   698.02708028969005     
   679.33373657263269     
   662.11818380259956     
   644.73208858510236     
   629.61512516579160     
   613.34082579911592     
   596.80728516675481     
   581.51839154523157     
   567.01847254538166     
   552.04195551352723     
   537.31588371034400     
   523.31750162326421     
   511.00928416310359     
   498.05818608903985     
   484.89420710248828     
   472.09515234541090     
   459.20306584191326     
   446.55910537556230     
   434.30311426046239     
   421.08881318769397     
   409.40336024521298     
   398.48990108453461     
   388.49940427627439     
   377.90382516598811     
   367.72429878406945     
   358.66499234331292     
   350.48772488263728     
   341.65597894948451     
   332.84281188167273     
   323.93262209093820     
   316.33931783088030     
   308.59603693713763     
   301.86898217607859     
   295.37881614530028     
   288.78319557208135     
   282.06008837138478     
   276.76326528984009     
   271.24554150945215     
   264.94207417167831     
   259.57834875073485     
   254.35909206483757     
   249.59535674047714     
   244.84727708673518     
   239.41299985440020     
   234.62506335316675     
   230.09720635960196     
   225.58347907751528     
   221.01706077865629     
   215.86310171430711     
   211.41540021421861     
   206.65612933843846     
   201.83549684045937     
   197.30296032973339     
   193.21008888011659     
   188.95560043293364     
   185.37321854235026     
   181.14335633133621     
   177.43088494000870     
   173.80331512501175     
   170.42096412398129     
   166.71972917578015     
   163.52456754450876     
   160.03523714324481     
   156.80903298465833     
   153.56283769049213     
   150.28063085060904     
   147.32186867142977     
   144.20704572307363     
   141.48603310232022     
   138.66672613810414     
   136.20124596160193     
   133.51167977000276     
   130.80611546437797     
   128.24136234296284     
   125.75255593105838     
   123.28871507900317     
   120.97556250765601     
   118.55935864960486     
   116.21558179215774     
   113.96033712401685     
   111.86830325221479     
   109.78469717610409     
   107.66663529217865     
   105.54891706082500     
   103.58316052262637     
   101.64836618337401     
   99.662554966413424     
   97.758514803425385     
   95.913923739058475     
   1010.3692157382228     
   978.91596822751058     
   935.89778852101995     
   899.18056153205646     
   867.55220344755605     
   838.90650190931160     
   812.73288557764658     
   792.29086948372230     
   772.51309153976911     
   750.97324469348018     
   732.18873623750198     
   713.72427674528694     
   695.25119911001229     
   676.11470865650062     
   657.57024292671417     
   638.60384144096065     
   623.79279751873514     
   607.38034088941163     
   589.48128170517771     
   573.32393805245806     
   560.12043896691171     
   546.76073029187262     
   532.12051376372824     
   517.36416298284041     
   502.29601464032930     
   487.37435681476586     
   473.29170449407025     
   460.27967861814363     
   447.28410624661001     
   434.99302072808359     
   422.77839656374067     
   410.36596740795164     
   399.35037107410255     
   388.40258967964189     
   378.07664588322075     
   368.25730190641605     
   358.14830345379909     
   349.03637484528758     
   340.77444357234833     
   332.77434200220625     
   323.91370877605840     
   316.39168908424142     
   310.24567480084983     
   302.59371758051395     
   295.53767021941047     
   289.44171359376116     
   282.66794570191098     
   277.42323555781218     
   272.18137668050775     
   266.21190537588433     
   260.92413585311095     
   255.77882128330364     
   250.53198940300231     
   245.99978186642522     
   241.68015461812107     
   236.35202699182622     
   231.68043764023375     
   226.68154797503013     
   222.06430959787548     
   217.36107777858047     
   212.38744592063790     
   208.10441916797930     
   203.69432010392242     
   199.41018513396793     
   194.99097874221857     
   190.94384154146974     
   186.71932777775928     
   182.62645286289748     
   178.88627514844825     
   175.10099550707412     
   171.53569607106061     
   167.75948279132538     
   164.42643253316371     
   161.13216972825046     
   157.75334005793067     
   154.49219754698703     
   151.50797047289049     
   148.20059931575685     
   145.28783933421226     
   142.32700994692425     
   139.63838510511235     
   136.93173115889542     
   134.15876757055452     
   131.47256369979385     
   128.98991646835353     
   126.35907251482149     
   123.90021217463836     
   121.51139746665807     
   119.18142295071380     
   117.07325872604439     
   114.81003151825621     
   112.70086089015945     
   110.52070845017904     
   108.43106201287972     
   106.37598495815551     
   104.31908193282067     
   102.30244965926079     
   100.38499579701360     
   98.449511656670978     
   96.454633024939113     
   1017.0274204852587     
   986.41058377829654     
   955.66751782262929     
   925.31767145701099     
   891.79457889433343     
   862.88818790847699     
   835.75100518508680     
   811.29913428786062     
   788.94014446041365     
   766.46653232255414     
   744.43587062831432     
   722.36618923050673     
   703.14191210712818     
   685.66669219856817     
   667.55588739498569     
   649.60686095262724     
   629.08450829092635     
   612.91257133398744     
   597.76343551616901     
   582.51656902859804     
   566.15710594466566     
   550.22597861798454     
   534.40247378099241     
   517.64162002459284     
   502.87352508129601     
   488.56016444271148     
   474.44636578849202     
   460.85773149699156     
   447.92596237524748     
   435.03183305262581     
   422.90185112050642     
   412.16355486255145     
   400.40009491475354     
   389.49734046154958     
   379.06233924521462     
   368.84307677957906     
   359.52367305345052     
   350.81881934107071     
   342.44178970263442     
   334.09707916951891     
   326.44708670687646     
   318.77504903808142     
   311.50070446859877     
   304.33449399213896     
   296.72141654279181     
   290.44788384657727     
   284.04191695908537     
   278.62874267661425     
   273.11600878283792     
   266.97134789258263     
   262.14164002020118     
   256.40868695429572     
   251.46680925000473     
   246.82269630295247     
   241.83306420794150     
   237.50248579542836     
   232.18632109282018     
   227.60023858132010     
   222.64653959600886     
   217.62618593002395     
   213.11733105097417     
   208.67133453323783     
   204.29195077484283     
   199.36396171990651     
   195.09416255098586     
   190.89972713577691     
   186.71099076548842     
   182.30880769772310     
   178.66955866216082     
   174.69041264736344     
   170.80857325861453     
   167.27912121561354     
   163.88472073604052     
   160.59352304739883     
   157.08981378022435     
   154.13209848685165     
   151.28231475154791     
   148.20549657155578     
   145.13241023116655     
   142.04261793904820     
   139.27905138970718     
   136.58004413723143     
   133.93027842795607     
   131.29566867908704     
   128.71981033504193     
   126.06525116419689     
   123.53457302864773     
   121.13413632209418     
   118.84246894001538     
   116.50218001240722     
   114.12464886021149     
   111.83039911359715     
   109.60384077495462     
   107.48288052088535     
   105.36423382638704     
   103.36166880147736     
   101.33204527530030     
   99.188443206740061     
   97.333581950487712     
   95.411303406625649     
   1020.3232454832986     
   988.47718502054499     
   957.77443140689456     
   932.92601185256592     
   906.69253223046644     
   879.45063301817243     
   853.22854330860389     
   825.77711287973204     
   800.18045134804186     
   776.60901806168317     
   753.66903880969596     
   731.40526242821011     
   712.30127621508677     
   693.15530479219342     
   673.39621051477729     
   655.55205022612063     
   639.19862106554831     
   620.32564683623934     
   602.25743100561476     
   582.57923552123611     
   565.62273602291043     
   548.43875489861011     
   531.45655334188859     
   515.10772553038532     
   499.62548139426133     
   485.60926002675171     
   472.02302380710375     
   458.24532390874771     
   445.93397882783790     
   433.19816756537102     
   421.23811030832616     
   409.36666123473765     
   398.33540955821684     
   387.56701881494507     
   377.47778418890675     
   366.63436445495040     
   357.19272245416880     
   347.62620778309400     
   339.22489305995202     
   331.37243269849387     
   322.99851128942385     
   315.77026764907549     
   308.06402690637481     
   301.16019421098457     
   294.63388646431304     
   288.87679989094721     
   282.16640150941538     
   276.65017970365818     
   271.57489879706520     
   266.45880022159201     
   261.22133320183565     
   256.13523153133826     
   251.19489712584513     
   246.33142749191711     
   241.63276219362780     
   237.24850120739279     
   232.54912893537968     
   227.30503709796457     
   222.65398045224768     
   217.84867977928133     
   213.35717722634411     
   208.15292665971194     
   203.62411293043101     
   199.21964768899176     
   194.55752079862236     
   190.25617320431283     
   186.13732254388501     
   182.17104110271470     
   178.25084247891562     
   174.32941434963811     
   170.65086011095343     
   167.15579792402571     
   163.85817991892290     
   160.42424658041546     
   157.00792091157720     
   153.74148831429545     
   150.58631860702039     
   147.44329512503325     
   144.44492687573722     
   141.35195606697334     
   138.44913825591527     
   135.78097143535828     
   133.02207909133460     
   130.46341788654996     
   127.84481711752073     
   125.27774355276142     
   122.96909172784673     
   120.48817402526316     
   118.15291441567638     
   115.75076939427728     
   113.51271933992956     
   111.27926329657171     
   109.04166607294911     
   106.82822214257129     
   104.58952195689557     
   102.58093504763644     
   100.45905614222652     
   98.423111673454059     
   96.365675122961335     
   94.423125265224243     
   1026.0228211884412     
   993.86584505209646     
   963.69876504822446     
   938.50257768143433     
   914.66988405885866     
   888.14959565113190     
   860.46126558357571     
   834.73813145903023     
   811.75393640562402     
   786.67695991870175     
   761.86389993917726     
   742.14374779734760     
   722.84669607091462     
   704.48063518899448     
   683.23475246100929     
   663.10937613711633     
   642.67674701596047     
   623.00002275169459     
   602.53243151392223     
   583.44580196740594     
   563.88434183253617     
   545.62226547847706     
   529.32600933914250     
   513.73241376817532     
   498.89410368890049     
   483.43927407297792     
   468.75619251702244     
   454.84367532145654     
   441.73519772056744     
   429.02160384656008     
   417.04138712885691     
   406.15738370390056     
   395.40908653746368     
   385.50549300052461     
   375.87881870459876     
   366.78373560858739     
   357.58593686374104     
   348.95633039140830     
   340.42609778941403     
   331.94288159640564     
   323.67412211435067     
   316.07173172147554     
   309.37738485791260     
   302.80553584919846     
   296.84933049732803     
   290.37596264693804     
   283.76698579544109     
   277.58940862715571     
   272.39598275687808     
   267.45206026002677     
   262.66206317559949     
   257.79578191836595     
   252.07749013632190     
   247.63682973237579     
   242.51394371627353     
   237.93503059810402     
   233.41970558742383     
   228.76635670879506     
   224.14353996391432     
   218.51654418170892     
   213.84907762365802     
   209.11330400088269     
   204.37777329776333     
   199.57322326925066     
   195.33547732562261     
   190.87968317964754     
   186.51685721206400     
   182.02065133046534     
   178.21866915275240     
   174.29350918017613     
   170.65373727790174     
   167.39655721014208     
   163.35199598570762     
   159.99400739729577     
   156.86930164914145     
   153.65843377792558     
   150.17480850284076     
   147.00795367153253     
   144.27210936368641     
   141.29734273024576     
   138.33670877621057     
   135.50947923377623     
   132.56737610851474     
   129.88100679503032     
   127.32803985768999     
   124.62718557301810     
   122.28302454123687     
   119.59463308143194     
   117.05667518788380     
   114.70747932383840     
   112.33996379539936     
   109.96409441845032     
   107.66108060829583     
   105.51215086811081     
   103.26263565458115     
   101.20488038935082     
   99.024949373142647     
   96.850225980717255     
   94.803138110042084     
   92.809730240095206     
   1030.8755488101540     
   993.05937977477959     
   965.62742556627609     
   938.87113201426973     
   912.19297201092286     
   891.42970053303566     
   868.82205201098486     
   842.50044131252071     
   819.15718720873781     
   797.22561839987691     
   774.09455061032759     
   752.59348318728553     
   731.63087942083848     
   709.75597949897565     
   686.79548463672188     
   665.97669190753822     
   643.90653103992111     
   622.32083496960843     
   602.96474692614470     
   584.30186541485057     
   565.40876609943166     
   546.97418752706130     
   529.31405274523297     
   513.47854862365216     
   498.06643083132917     
   482.65689020514139     
   469.57459317712630     
   456.83367728715410     
   444.33308781364008     
   431.64858385647449     
   419.87322293397102     
   409.44728589419913     
   399.24866684695155     
   388.47113196488914     
   378.17596637426107     
   367.70510829044110     
   358.46052232361194     
   349.11959896594664     
   340.60273815476017     
   331.86213471666855     
   323.84955036460275     
   316.00455368786106     
   309.66184698000245     
   303.50816883835893     
   297.20600908465826     
   290.72893012823079     
   284.64329978480544     
   279.14372039958585     
   273.67992157914028     
   268.90186662313033     
   263.63416580964224     
   259.04449658912620     
   253.19388504393760     
   248.45977423541956     
   244.49710552410042     
   239.67511612622840     
   235.04499807184897     
   230.46888380617435     
   225.46027737405564     
   220.47560959161288     
   215.55101170507720     
   210.53657017761023     
   205.29041417708316     
   200.73762629996133     
   196.26552195127684     
   191.60296513134617     
   187.18654574685709     
   182.72660026346580     
   178.76834044218359     
   175.06561527688550     
   171.56516165211124     
   168.02219088279489     
   163.74686929931357     
   160.30107248103297     
   156.83213828308723     
   153.38869592619460     
   150.20159466024549     
   147.02240181006508     
   144.00670497259307     
   141.04947429221511     
   138.21251528486121     
   135.14472367939698     
   132.32930434420518     
   129.37011419770042     
   126.47070391772037     
   123.82317404067564     
   120.94532120812079     
   118.32545413620863     
   115.83434626821411     
   113.32829416528408     
   110.81360937884551     
   108.27917679677164     
   105.92844119400820     
   103.70409923072182     
   101.27957182520728     
   99.149748516115508     
   96.946134679856385     
   94.686750227697615     
   92.591681401583159     
   90.392406526179087     
   1032.4750984550801     
   996.01335852422289     
   969.40586885749519     
   942.96940710441800     
   920.30484265850293     
   895.21469108978886     
   868.64764856297234     
   850.93552041099747     
   827.62143073242862     
   801.83807768734653     
   780.37314647693711     
   758.95395590884937     
   735.31566711681330     
   711.87130006479595     
   688.11648402676622     
   664.50681062416425     
   642.66934407189751     
   621.20795392116509     
   599.83563488727100     
   579.50391081288797     
   561.09379353266354     
   544.34224563955024     
   528.62838742475606     
   513.63989170310879     
   498.43166153292691     
   483.77051965442729     
   468.67033049331360     
   455.43850674576538     
   442.39054403375809     
   430.29210296801580     
   418.63537751013291     
   406.25738209471353     
   395.89348021075500     
   385.61538350361405     
   375.20806976118666     
   365.93093848501434     
   356.47595094919177     
   348.01450894364012     
   338.88907916017035     
   330.82300386744600     
   322.96023643898536     
   315.83380031609420     
   308.72862330002329     
   302.21025172592283     
   295.13775776561403     
   289.25900730038245     
   283.10087079144552     
   277.11069401427966     
   271.49864356770269     
   266.63947782200501     
   261.42978023616297     
   257.43216375977175     
   252.30023834060194     
   248.51270174967377     
   244.20128432717155     
   239.03727668515080     
   235.15006897150559     
   230.31596641052130     
   224.73998915288294     
   220.07937773877805     
   214.69528163107952     
   209.40477850273595     
   204.10081899124816     
   199.18918784799354     
   194.80493230542967     
   189.65454341229190     
   185.36479440106748     
   181.32083311016396     
   177.30429952222397     
   173.32776024739155     
   169.21966171217875     
   165.48005697356200     
   161.88411818277584     
   157.90977494119602     
   154.39087055763835     
   151.13051286393738     
   147.33079320043169     
   143.95948795900841     
   140.79753386414257     
   137.62785141752170     
   134.58516099950916     
   131.71247127328547     
   128.51090876913170     
   125.66845968016429     
   122.79208739133493     
   119.92493019174032     
   116.95746800292338     
   114.24328167882057     
   111.54470125884978     
   108.86028104790361     
   106.60768687951256     
   104.14254774090881     
   101.71155481606372     
   99.316785647915481     
   96.906246646312653     
   94.697210954685374     
   92.331183143681812     
   89.864283676886785     
   87.789065835045221     
   85.602699119718807     
   1037.0255731118386     
   997.51295666802685     
   976.23940692139968     
   949.49385287434791     
   921.94028934631319     
   898.34703862459844     
   876.74270845567435     
   849.45379994613154     
   827.68542026357943     
   806.19688109184779     
   783.10611705623262     
   757.78103526862060     
   733.32944711043501     
   708.62135392736741     
   683.87769984462204     
   659.54339067159151     
   636.25239197933820     
   613.14781317585130     
   592.62635777748778     
   574.19840505916443     
   555.09987663970401     
   538.56461584599992     
   522.25035060949983     
   506.38794706193926     
   491.67385775062985     
   478.79800421511612     
   466.04618539838759     
   452.81323710355906     
   440.84268020413896     
   429.93230764780770     
   418.78053483815177     
   407.14084348624203     
   396.21518828381920     
   386.07848721384545     
   376.42463288371840     
   367.48620827179820     
   358.84489474586820     
   349.63531373250788     
   340.62727704142640     
   332.10170957343519     
   324.21327060224229     
   317.36630388029113     
   310.31307852664355     
   303.46669685761071     
   296.69284543770186     
   290.76429755022798     
   284.80113521074594     
   278.95838122003909     
   273.59110935885013     
   268.20694238166681     
   263.55768621959908     
   258.57335452640956     
   254.39172563991212     
   249.77304921881733     
   245.81107331831564     
   240.79542391005572     
   237.05382638732064     
   231.95260850969200     
   226.43535435645413     
   221.17223778348435     
   214.98794930546089     
   209.41985934634613     
   204.38262810846095     
   199.07776918987599     
   194.03521882121731     
   189.02456241731016     
   184.13686362124966     
   179.61186142414496     
   175.05500177292305     
   171.03692985990557     
   166.75488253865115     
   163.04285680526340     
   158.76370813027671     
   155.22195873398556     
   151.21792039497427     
   147.72373695259515     
   143.97281467779709     
   140.65292702604435     
   137.11370245974166     
   133.79778848914418     
   130.26060281044786     
   127.20690218986886     
   124.06264168367950     
   120.94524563366994     
   117.79798740998579     
   114.66661582756888     
   111.77021086728823     
   109.08535027180595     
   106.50054962916857     
   103.87422898583128     
   101.45099145246162     
   98.838979669844292     
   96.428852499415626     
   93.864012324359720     
   91.553185983461276     
   89.268915043697163     
   86.688752238323971     
   84.464244424675414     
   82.336020249553911     
   80.030306081932949     
   1043.9882251359882     
   1008.6495440494401     
   979.22799894658283     
   949.78146913427588     
   923.20712646048150     
   896.34746613031962     
   873.33911342872682     
   852.39570769194711     
   829.75798345063981     
   803.16590067077266     
   778.48726659464614     
   752.57851312909224     
   726.01837118163735     
   702.17923802965072     
   677.59608145270329     
   655.56678962928936     
   632.16118957537105     
   611.19779443332368     
   590.38302688973147     
   571.32482856724175     
   554.97233124024706     
   537.67951749637200     
   521.16720409351774     
   505.77726940478260     
   490.73312099004045     
   476.20748809139860     
   463.18503542368296     
   450.08438236963889     
   438.53086390213332     
   426.94210389119667     
   415.30959148844897     
   404.44505767910039     
   394.43401095513900     
   384.75323805582519     
   375.96343061449227     
   366.02234857694867     
   356.30511745917818     
   347.71174667492215     
   339.37114743865993     
   331.99260675168006     
   324.47738644200007     
   316.53444435652148     
   309.52744614460840     
   302.45319544618206     
   296.24907511859453     
   289.81576272941055     
   283.79585595633910     
   277.42848838003232     
   272.41509676737087     
   267.23396552346742     
   263.03910614546476     
   258.56641569452051     
   254.05290123358782     
   249.63352436825784     
   245.62507662818265     
   241.39760848583154     
   237.30832418268508     
   232.25555521013416     
   226.69978667048042     
   220.14219675294123     
   213.66411477609037     
   208.31121759063524     
   202.30523599201911     
   196.44532746303511     
   191.12184531905658     
   186.12362964962961     
   180.79512088270593     
   176.01975220546939     
   170.89359119471058     
   166.89319561979869     
   162.11789583112298     
   158.20570350266931     
   154.13980509270806     
   149.62737962137953     
   145.63748990261573     
   141.88256131956692     
   138.18431010133492     
   134.41684988864878     
   130.40648183006908     
   126.53678724300757     
   122.81083817196117     
   119.23512372715398     
   115.86241588653088     
   112.70070755652787     
   109.63658863343730     
   106.44108717927058     
   103.70162815392702     
   100.74688125215324     
   98.022757192675385     
   95.215976447140832     
   92.623269331321026     
   90.259482190198270     
   87.484554664590803     
   85.041277926597857     
   82.977308693348434     
   80.821256375164864     
   78.335610299617201     
   76.272314399608263     
   73.950461840066083     
   71.707340229048683     
   1045.6969735105336     
   1010.6054238933476     
   981.84902398305735     
   954.36658603627097     
   926.07182884429312     
   901.63286920349083     
   876.01199109460435     
   849.76405479339530     
   820.81872806541037     
   795.53150478054874     
   768.47444828044547     
   743.84803581481094     
   721.06450309883121     
   696.99141092127911     
   671.30706962405372     
   647.60809503752625     
   625.61140585020905     
   605.33958963665373     
   585.96142142854433     
   567.72629292522424     
   551.41426510106737     
   535.01584889316302     
   519.42287719491378     
   504.99445100675973     
   491.30964587678170     
   477.17191952184834     
   463.49020810077570     
   450.95706707136037     
   437.88554889961028     
   426.26459682075438     
   414.55076158749029     
   403.26527932860125     
   392.49133764071291     
   382.96500779517567     
   373.26203346109787     
   364.55550986115054     
   355.84386455045274     
   347.80316815847630     
   339.77030272625723     
   331.32513892757572     
   323.50375847338347     
   316.20174739217140     
   308.74137162065426     
   301.94960585255143     
   295.35762942272146     
   289.64874205518674     
   283.85144819503500     
   277.92179205281337     
   272.38241928875954     
   267.44774359086864     
   263.01472554586536     
   259.77037892041056     
   254.75803357182266     
   250.23811367772893     
   246.56030038037312     
   243.27520433929027     
   239.31659366042496     
   232.80968272736294     
   226.33427033482076     
   219.34843785096322     
   212.44459263005410     
   205.23972973474181     
   199.12449354908676     
   192.45308509305201     
   186.63199707400301     
   180.33203894117031     
   175.32850069325033     
   169.87955326934798     
   165.04994340663640     
   159.63923657069427     
   154.57330387118461     
   149.66801430846502     
   145.72763419552271     
   140.75974966775260     
   136.36088335192773     
   132.34076257039385     
   128.37197955606803     
   124.37091075318600     
   120.51508443796679     
   116.69997821520099     
   113.42680931749183     
   110.17752862349442     
   106.86180706318456     
   103.29136935365322     
   99.930027439024329     
   97.030818375078439     
   94.038838772727289     
   91.648237404781753     
   89.047455732565169     
   86.618940620477474     
   84.388824546657105     
   81.776566428821582     
   79.622645108617476     
   76.971530605480623     
   74.550407637903021     
   72.494317769901585     
   69.911584029742841     
   67.928990240430664     
   65.887705077266645     
   63.782001327359374     
   1053.3735228507508     
   1013.7748045103502     
   983.31369701304345     
   954.18644483665116     
   929.18975832362264     
   901.90738260823764     
   871.94595470554202     
   844.09306000282629     
   814.05194972624781     
   785.06880694887730     
   758.61657613705268     
   732.64305272300214     
   711.20987359671426     
   686.28707573584438     
   665.31350498113670     
   643.92933525954231     
   622.46065465463334     
   600.14037252268088     
   580.47958028507207     
   562.67566739493896     
   544.50069805940916     
   529.08778822152124     
   513.80136911005400     
   499.11517959797368     
   485.22583891029018     
   471.24870297302658     
   457.87738061242754     
   446.00478048915357     
   434.80061781969255     
   423.81989700414647     
   412.58844625144661     
   402.09561672350577     
   391.90417954310033     
   381.37777989684764     
   370.87429257298612     
   361.15979310829948     
   352.06915297990298     
   344.22848642865875     
   335.44562323351380     
   327.58881768724268     
   320.00842836017159     
   312.64523151406939     
   306.35169566856752     
   299.48465400034473     
   292.89327415764740     
   286.46139809215435     
   281.28841432777654     
   275.83618034120258     
   270.60153138875370     
   265.31647434853534     
   260.52777918646296     
   257.57945726677741     
   254.18084620012834     
   249.06123229865798     
   246.51316667505318     
   244.41500056297065     
   240.09646980807923     
   233.18636668680048     
   224.86377836422406     
   217.02759691640097     
   208.29336539882232     
   200.22050671311783     
   192.90945689959409     
   185.44789444512469     
   178.15770611184621     
   170.60773133913179     
   164.90063825109820     
   159.24357581927597     
   153.58172227324039     
   148.41120192552299     
   143.58088344888031     
   139.28525504736510     
   134.48129599270769     
   129.45873220727799     
   124.75340045151131     
   120.44079708780851     
   116.73948483150471     
   113.07464317710603     
   109.02839928981004     
   105.52725376012120     
   102.38653698991939     
   98.841071301167716     
   96.559822870501051     
   92.475826636800832     
   90.119039425941139     
   86.968250157714834     
   84.866229782237141     
   82.091244957238345     
   79.517576467402378     
   77.304426981255929     
   75.488263162257013     
   72.848317605337257     
   70.390267144489897     
   68.139793051963764     
   66.898259388173045     
   65.146495577399889     
   62.433961140238637     
   60.731228699137894     
   58.973774429228371     
   56.603144162050185     
   1056.2045154013153     
   1021.6870780888668     
   993.94013950760893     
   961.31664458203056     
   925.14964986050722     
   893.72008410533363     
   864.62256248959943     
   830.42023443806147     
   796.97737179421154     
   767.20721986861440     
   743.26532686494011     
   719.28552456616762     
   697.50130624897713     
   675.61361945316571     
   654.88648208674749     
   633.14976371069122     
   611.04402061135511     
   591.02669584120531     
   573.37524007712477     
   556.53492126371214     
   540.27484361061556     
   523.10792167513432     
   508.62758160226099     
   494.01436436805852     
   478.97547321802654     
   465.61910557275871     
   453.33799428975954     
   440.81926443336886     
   429.69937884218916     
   417.97708330192722     
   406.80984277348585     
   396.15339330851771     
   385.96752038084196     
   376.83843812070950     
   367.19954915016308     
   359.08428183564774     
   350.75534485170141     
   342.11941467310152     
   334.54327092411842     
   327.11547433449272     
   320.50269116672814     
   313.66955871447448     
   306.52564894295131     
   299.68218703738575     
   292.64719649855743     
   286.94929848740492     
   280.61145946787411     
   274.98290842141546     
   269.42969717421920     
   264.36007548753787     
   259.17364650340096     
   255.88609624553288     
   252.50559591083083     
   248.51363633141460     
   246.27194577528959     
   245.23910823058117     
   241.24568131136954     
   232.35339185134811     
   221.34596518349593     
   210.79405886845146     
   200.78870010286357     
   190.98511127014322     
   183.13234184324929     
   174.49732607094649     
   166.50351203592663     
   159.67705065510870     
   153.13187047487233     
   146.37795155208198     
   140.37158078077104     
   135.44581984797193     
   129.48105657087885     
   125.27066022664022     
   120.69761693725854     
   116.19569689229085     
   111.32932615569993     
   106.77681448550291     
   103.36716663249470     
   99.840470291447417     
   95.745826062901500     
   93.140110817677282     
   90.426951144270419     
   85.989445351317954     
   84.723689907309975     
   82.616590365222336     
   80.145032005451526     
   77.243943769022366     
   74.631761546323730     
   72.726935714011987     
   71.261954755995731     
   70.058373088852079     
   68.819072258398720     
   67.250465519953636     
   64.491911743771013     
   62.954194024063270     
   61.098875589616185     
   59.371637990988049     
   57.302432055528037     
   55.475627056922100     
   54.222325778651907     
   52.219423835536496     
   1065.0757643040306     
   1031.3232285230997     
   996.77235719476585     
   960.65295452803946     
   924.85280897914276     
   886.10599761529306     
   845.74013075649827     
   813.77742424291785     
   783.99511922578165     
   757.54483979919553     
   732.92263875741764     
   706.19881622604635     
   684.00694515233204     
   662.13537594378340     
   640.55914256027597     
   617.38264464430995     
   593.83871427398071     
   572.11180849113123     
   555.34621358756169     
   538.78234478161824     
   523.28017193073890     
   510.44716528192242     
   496.51965666210754     
   482.98549035164137     
   471.17013076407829     
   460.16899303558483     
   447.26868175651623     
   435.23147616892328     
   424.06940053249855     
   413.82363304928447     
   403.82607968114593     
   393.26493762383075     
   382.93163562810105     
   373.81127169519027     
   364.70774451528496     
   356.08904438428726     
   347.26774610237641     
   339.13071813790583     
   331.35536057009574     
   323.65346801581882     
   315.68079326900545     
   308.95737795809180     
   302.67538451870701     
   296.40483088352823     
   290.70976337151262     
   284.33100637118048     
   279.44257780925011     
   273.83270708744789     
   268.13519015726212     
   263.65708181078679     
   259.91328972525196     
   256.04475445300125     
   253.29625546657900     
   249.05897178080997     
   248.12498990010147     
   245.57067852520430     
   236.78101545982756     
   224.86768530044966     
   212.64171357168766     
   200.34285766377283     
   189.68370160833223     
   179.17466573349603     
   170.11085601092572     
   161.47298273633072     
   153.82727378612009     
   145.97367811808917     
   139.63822592080297     
   133.59845181667964     
   126.96559470748150     
   121.29279836863907     
   116.53234831853577     
   112.20814706513966     
   107.86699374668513     
   104.53652868212481     
   101.05083908619491     
   96.315859304575383     
   94.481290164905715     
   90.981982858135908     
   87.774380403221613     
   85.947434435322521     
   83.067595596782809     
   79.702016940111520     
   78.637255092579210     
   77.359903587815310     
   75.558717654694505     
   73.557880281067042     
   70.059883245391177     
   67.988012414977717     
   67.061649704216634     
   65.153211518392538     
   63.404506711692726     
   62.136792871454354     
   60.347947511281347     
   59.229397653944744     
   58.270222758491300     
   56.707847582000568     
   54.661943090015654     
   53.517610214650958     
   51.404055610827569     
   49.648921874105795     
   1074.3073964670330     
   1034.8218661360158     
   995.30169046462413     
   954.18330003589608     
   907.40614998376191     
   864.06879390847905     
   827.49516900408548     
   795.95502961889827     
   762.01470768758350     
   733.63355092272809     
   709.27154974478617     
   685.34994213763684     
   664.06646192600783     
   642.03475401765888     
   617.63820694763501     
   593.84541078417033     
   567.67109368000092     
   550.50670956726742     
   535.51942639685888     
   520.12464892089633     
   507.74307546026284     
   495.29087185850528     
   482.39562844941395     
   469.49757152473080     
   456.76495365009515     
   445.25377975676065     
   434.82670433172751     
   423.83154763879719     
   412.45115230076141     
   401.94451053218916     
   392.34322445205953     
   382.76297552378651     
   373.16454974735905     
   364.29477088435414     
   356.19270693276394     
   348.02216015848978     
   339.89219076678529     
   332.41672138130878     
   323.99396994373723     
   316.69258197791430     
   310.94054311468091     
   304.32336056747971     
   297.58732408600224     
   290.35130005387646     
   285.27524267467413     
   280.14187958380620     
   274.68522618095085     
   269.64941879953227     
   264.97128017499148     
   259.96684279584593     
   255.63982183953331     
   252.09422357926715     
   249.41644082962966     
   247.48394238268190     
   246.95528666414711     
   245.81991018789194     
   234.59689157975453     
   218.45912228339301     
   203.76954353300607     
   189.72961120970132     
   177.60767513014540     
   166.05926607090086     
   155.92039514309067     
   146.00819018451486     
   139.59387571161813     
   131.94240502868925     
   127.54435407598763     
   122.42029278072059     
   115.78695832776819     
   109.89973696007118     
   107.07073353295512     
   103.74655646607957     
   99.657656483076209     
   96.080257476754682     
   93.870336822730536     
   91.476692463316070     
   89.280544610641357     
   85.473863248415128     
   82.856978653070513     
   80.574062763506333     
   79.094869259104698     
   76.730903080332865     
   75.513615370497178     
   73.568794592388741     
   72.911517607152859     
   70.465901019528957     
   68.791377624365282     
   66.154981706962189     
   65.122880000040368     
   64.172826258372496     
   62.130002939086026     
   59.983153588994185     
   58.656469426411270     
   57.512221502319598     
   55.750087419149736     
   54.526338792558739     
   52.510207012680731     
   51.242444610381597     
   49.626802173704995     
   47.269151402303422     
   1084.5105158119150     
   1043.7130606553578     
   988.95089711963260     
   932.10899533891416     
   878.40649318473106     
   830.33238938655927     
   793.25895089236656     
   760.54272177047062     
   730.90677146250755     
   705.33146242947350     
   679.87084872378432     
   653.58491647458811     
   630.48539654968761     
   607.76374191999480     
   585.21577390555308     
   555.36350208679335     
   524.50998715770493     
   512.43016956074200     
   501.89646523388888     
   493.70276946505885     
   483.64841697171494     
   473.28435646191673     
   461.83531416417071     
   451.72597799315992     
   442.26089347897084     
   433.81740586605952     
   422.84943353321825     
   412.52248648143745     
   403.01170300255251     
   392.29110352495411     
   383.67046862295274     
   376.45119514131522     
   367.92857537562577     
   359.05547750955338     
   350.60780784687029     
   341.84326716800649     
   334.06308913042733     
   326.79742509645712     
   319.78823531372376     
   312.91051157982588     
   306.40994475081840     
   299.79919102772584     
   293.02263893265899     
   286.77061110758746     
   281.92113215541792     
   276.12262312142099     
   271.68487276191314     
   266.68941882956335     
   261.21332699778304     
   256.79292871717115     
   252.93921300009953     
   249.92345378243996     
   247.03183091037997     
   245.86403610050223     
   245.62999902296463     
   245.84450822929060     
   230.24552386491945     
   212.54296082454997     
   194.50583120380767     
   179.57516059470589     
   167.74899621975928     
   156.41690963925538     
   147.51100204767218     
   137.10539419311138     
   131.95775709540320     
   125.33565842228560     
   120.03867520817181     
   115.24901105788643     
   110.40720879009399     
   106.24599271389678     
   102.66558975175130     
   98.586974120693384     
   96.000719940749320     
   93.596513682235567     
   91.542829170831226     
   87.922851680573956     
   84.923286019128369     
   81.601727883923729     
   80.369309441745770     
   78.795266027296748     
   78.298365089248193     
   76.465962525856597     
   73.918700795742680     
   71.349665636959685     
   70.476793190815158     
   68.609203158259575     
   67.327563360982722     
   65.691963673612392     
   63.111343515375665     
   62.159625964973522     
   60.987304547650851     
   59.083630240548970     
   56.647221745536953     
   56.087284954692421     
   55.569177802348804     
   53.266325314458932     
   51.556978571592950     
   50.410920146227951     
   47.872002207208396     
   45.562853830022441     
   1097.4661254790994     
   1034.8041393065510     
   958.48094053827276     
   888.74339132520095     
   831.42587567239730     
   788.81051763008190     
   754.64812280047352     
   718.92565392489894     
   690.17728137528911     
   663.17959740229787     
   633.57932892007386     
   607.54808119021743     
   580.89437823732624     
   558.44565404895775     
   530.38527176399816     
   495.24464426558251     
   461.33379924091219     
   454.49329930103625     
   451.40552895067623     
   446.09385561490848     
   442.26038937913995     
   437.07581680445338     
   430.13491907758021     
   423.80010677218456     
   416.49456168009885     
   407.73478480566155     
   400.29772683488352     
   392.88488056456481     
   386.71515612837163     
   378.93519268658622     
   371.29058744391386     
   362.64824915969029     
   353.44659775381854     
   346.00328577669103     
   339.23803505412832     
   332.66448562276076     
   326.13758417871253     
   319.00881187907743     
   312.05058614488689     
   306.49495893333022     
   300.85808789552573     
   293.85482850881181     
   287.87580117813934     
   282.04572314229569     
   277.30011476850234     
   270.86557125623216     
   266.10499751155140     
   261.33086136599672     
   256.48913139171094     
   252.48315771921438     
   249.03593538853613     
   245.32631206385111     
   243.09892626524081     
   242.29011824501811     
   244.61220205307109     
   247.96842449498391     
   228.09900591340997     
   207.08216350915808     
   187.66015030450890     
   171.33064110507934     
   159.74487500802823     
   149.79160991949513     
   140.00375220633967     
   131.58305857488509     
   126.49923262955704     
   122.36368080968310     
   116.17074671743339     
   111.14070641878236     
   106.73463516106094     
   103.82177258174221     
   100.39794695265404     
   96.601831407871018     
   92.795920622941139     
   90.683221412572607     
   88.937325874338427     
   86.465913503455312     
   84.523874179358032     
   80.140922306390323     
   78.282366013829858     
   76.893285997443911     
   76.387452623012990     
   74.793080055425889     
   71.684421337573994     
   71.100503808988975     
   68.313804873734469     
   67.485822693240749     
   65.899983600000411     
   64.522496781353368     
   61.879963734982553     
   60.186412974139841     
   58.672297284696498     
   57.576839467722181     
   55.900267711213239     
   54.347227118221660     
   53.755621570850337     
   52.333887696992100     
   50.449100064769951     
   48.568088656323013     
   46.419268037532923     
   44.804354319332390     
   1109.3404444635053     
   1012.8512031824837     
   912.83890185411133     
   836.32789007603378     
   775.56346910273487     
   723.72579830037171     
   688.64642527771036     
   660.73547549730949     
   629.35628171918620     
   604.55836672230942     
   573.55193151298545     
   550.12565650407123     
   520.40052361112373     
   495.55545039252229     
   471.91742872372799     
   426.31469235320230     
   378.43984817802675     
   380.78466307343473     
   386.08860824994372     
   390.93879263877818     
   394.55705264397267     
   393.29327728232875     
   389.27235916446068     
   387.92193331123354     
   384.10808691651204     
   379.90224214892180     
   373.79821387468075     
   367.87373713341208     
   361.31316524627965     
   355.60041940166712     
   349.61006955972374     
   344.94410299211518     
   338.76666679161997     
   332.06028617715407     
   325.55490622990317     
   319.33725122759836     
   313.05775061853979     
   306.52056240053139     
   300.44957988561026     
   293.90688028154551     
   288.52665678354850     
   283.36686914598329     
   280.00692835631042     
   274.08714401219186     
   269.89695701064113     
   264.51226858284781     
   260.00914922753549     
   256.33265073905034     
   252.55319796095631     
   249.52760211831367     
   246.58076916556064     
   243.54308143884631     
   241.00648507687174     
   240.88504853244888     
   243.81231967306127     
   247.20106250527326     
   225.59641655815551     
   203.21532130155842     
   183.55104143711384     
   168.32155865949696     
   156.52459696784231     
   145.65943554216216     
   137.55349929508628     
   129.66354463528072     
   124.71891743283277     
   119.11558309985418     
   114.08291037865762     
   110.74367425636609     
   103.91944542387228     
   100.05997664733157     
   98.173297456968768     
   93.856274761026512     
   92.716110073897838     
   90.233448259967901     
   87.110447023645577     
   84.048118123069941     
   82.156925529065902     
   78.886468266728372     
   76.165845122449824     
   74.029559336835973     
   73.448648376389343     
   72.102708859401275     
   70.851452448676099     
   68.451080928675680     
   67.412993860952866     
   65.624328759257111     
   64.516596623487260     
   62.021064361645749     
   60.924534413186024     
   60.691769359601722     
   57.370112916353072     
   57.247653383877015     
   54.692671913779257     
   53.734250756922137     
   51.652733986054137     
   51.187231415553299     
   49.417982075660461     
   47.536643252755013     
   45.044523489999222     
   44.094181810318567     
   1122.4685088473143     
   977.86062424346255     
   853.34564456050350     
   772.20066589775661     
   708.08211071893129     
   663.33138244191503     
   626.70562123770219     
   598.43705770145061     
   574.86789454055588     
   543.33020213826876     
   518.08055850335677     
   493.84986501239547     
   470.55892196025150     
   443.18572651094814     
   423.67260922600542     
   373.41363897553259     
   300.95373873865458     
   300.25164495614888     
   310.85953056427229     
   321.38376547194287     
   329.78563410755419     
   336.31905400333056     
   344.46212937659067     
   347.18287531037123     
   346.65041569912029     
   343.67497252190606     
   342.18375227827431     
   341.24457509391669     
   337.25649159843363     
   332.99531666105236     
   328.35333107796328     
   323.62797280230529     
   318.04406926914317     
   312.80593325353698     
   308.03859271255533     
   301.20322578708186     
   296.39001092847843     
   292.06021770986354     
   286.95317238211459     
   282.74909568778071     
   278.67337703143016     
   273.15249608377519     
   268.21677061460576     
   263.72966593983790     
   258.64528693466883     
   254.57595187749121     
   250.66088567160128     
   247.84884415311569     
   245.44011528549638     
   241.81669879042789     
   238.70549848776741     
   236.15443126059407     
   235.23383527072309     
   235.24861960191117     
   239.79469060648734     
   246.17409537429847     
   222.47451786455778     
   199.48491198837948     
   181.59221943963740     
   166.83508669014179     
   153.60057007005619     
   144.05850086731857     
   135.39028444431509     
   128.09349273518990     
   121.40784907670022     
   116.05571119451452     
   112.89175426814305     
   107.32332114420936     
   101.32799808779325     
   98.203952525789234     
   96.716192460693634     
   93.108470785488080     
   90.793609417628488     
   87.012912541555494     
   85.584904212765778     
   82.855880936197181     
   80.431807864035875     
   78.216799211404805     
   75.965760390285695     
   74.029397123664211     
   72.146558056504432     
   70.810324907234104     
   69.566255507031826     
   67.805767313706056     
   67.391815242497358     
   64.266643510826370     
   62.931120168854882     
   61.368801469400069     
   60.530901218532463     
   59.758391010603575     
   56.124828405190335     
   56.431791371708989     
   54.182716246014998     
   53.385548178254538     
   50.630755276212682     
   49.640988690699508     
   48.234417880217705     
   45.962739635006216     
   44.929182096914033     
   43.198537170075475     
   1143.4543173404672     
   949.97424644475268     
   816.44001187503613     
   730.09479937897743     
   665.79311028430982     
   623.31723326629799     
   584.51026957417866     
   555.72136946617297     
   532.53507586906528     
   514.76067834287539     
   484.70542449153157     
   463.11011396329548     
   444.20801312197921     
   421.08752496035390     
   400.77591582134596     
   349.81505155011297     
   265.87497123088906     
   251.73122496562434     
   249.12336646320409     
   261.71876833899421     
   267.40783025028958     
   279.79968787386377     
   290.88810685414296     
   294.77688498413636     
   301.31761656049514     
   306.24662962015157     
   307.72093245594976     
   307.16973849012396     
   303.87992765597357     
   302.62168607193075     
   301.18471170492501     
   298.95378535765423     
   298.10735275070499     
   294.67424376232373     
   290.09582590049030     
   286.93868848918225     
   282.58875995296694     
   278.59962568339381     
   273.76351412360810     
   268.67436750469034     
   264.64218556761352     
   261.29043665122038     
   257.08818904153026     
   253.90829245831145     
   248.97750492881099     
   245.77445907516977     
   241.54901654655021     
   239.99684841081512     
   236.65187056311350     
   233.74432994842385     
   232.13049057337656     
   230.02000983409056     
   229.12286784310851     
   230.04702029763203     
   235.56068947563580     
   243.47565463287040     
   219.67672423152027     
   198.14742268402196     
   180.09530578869305     
   167.62055975105932     
   154.04141095887238     
   143.67434410058178     
   134.64951388629339     
   126.91957249938613     
   121.27202208166487     
   114.42693938409269     
   110.29149868617834     
   104.86445250067712     
   100.25131733430797     
   97.265641198115659     
   95.301621785232157     
   92.392712564131358     
   90.743476809845973     
   85.815606609012036     
   84.315769712559060     
   81.682663550901310     
   78.631044080204376     
   77.513741614585854     
   74.879005840682382     
   73.042933247733956     
   71.520862852995961     
   69.741202747265817     
   68.669068392004661     
   66.127710714856406     
   66.657048830518164     
   63.911541460811279     
   61.877026309697555     
   60.365867679095082     
   60.626036186468092     
   59.086901610842148     
   54.960235257736223     
   54.956507025380574     
   53.805326420320178     
   52.366753075724517     
   50.288365959143150     
   48.186769363889525     
   47.613480730798670     
   45.133712438615333     
   43.177192574734001     
   41.811327942071188     
   1171.8176448239847     
   948.30594053704476     
   803.93910424384660     
   712.22240826050165     
   655.30094422139132     
   613.16907458964511     
   574.06950821979160     
   543.89238614929911     
   515.33764328177813     
   501.04636155066407     
   480.39615102944407     
   456.61455576101059     
   442.58986593167981     
   413.84007963043899     
   391.29426784659449     
   331.95930605459500     
   243.33951300985828     
   239.24441891453679     
   226.21700553943242     
   227.78052964064980     
   228.57960805461627     
   237.33983046513347     
   241.95028337245779     
   252.23141002166108     
   255.88129952592237     
   267.39266788038975     
   266.08148193777208     
   270.72039038653867     
   272.94188011414099     
   273.63049301999683     
   274.33565917645166     
   275.09912323324403     
   271.63613667139424     
   269.79147837452945     
   269.42642353615327     
   266.28913184576425     
   263.53184324355141     
   261.29679365844243     
   258.05582956073499     
   254.56368831874951     
   251.82539708290579     
   247.51628726983571     
   243.91753547191223     
   240.55368368190778     
   238.33705083348380     
   236.52310623037721     
   234.07271075708655     
   230.46344703929472     
   228.70906563991130     
   226.86553790533048     
   224.92449014146720     
   223.34482997811540     
   223.34007635834291     
   224.91257417439994     
   231.93672372571208     
   239.63712981533772     
   218.00431607231047     
   195.92266530218654     
   179.48228053581931     
   167.80956676237190     
   154.17834502203672     
   143.10551635860733     
   133.96875580076505     
   126.92790484943671     
   120.29115073865034     
   113.43032883860663     
   109.14588095207607     
   104.81226556588389     
   100.49339219337270     
   96.326530294056155     
   94.003620377319407     
   91.141237050775658     
   88.875099527945466     
   83.999094767444049     
   82.734949914740099     
   80.968797411671318     
   79.762820705293933     
   76.344736081271463     
   74.456094650985065     
   72.890221294495163     
   70.656648893321886     
   68.725641440078448     
   67.461927720734920     
   66.194061783844234     
   65.081169587507077     
   61.880161844742560     
   61.948961673868794     
   59.358941772480392     
   58.764249620517539     
   57.870754790104307     
   54.289773266369025     
   54.701695438834406     
   53.917959337870826     
   51.383405988656747     
   49.565901622072445     
   47.476416239723918     
   46.238650434308312     
   44.629255790604638     
   42.055199334112260     
   40.566554351071758     
   1214.4170344695706     
   975.01007606275516     
   813.63255372110837     
   721.00997307503462     
   661.46647133619024     
   616.45352420798986     
   573.38548459502294     
   541.98465779059916     
   519.73880196919526     
   493.12379223598731     
   474.96183666033397     
   450.44698159980351     
   436.43298903333203     
   416.72495038167784     
   388.49544349846326     
   322.05568791162807     
   232.40718001530593     
   225.29454275066365     
   222.30997969457246     
   213.42161420993966     
   210.88422886639449     
   211.67752589925584     
   219.58423617642148     
   219.10732003360076     
   221.40035801187153     
   224.30488364557672     
   235.98256499956281     
   239.27738621896575     
   241.31909439037275     
   242.53228668324158     
   242.35480484068438     
   244.24881753822086     
   246.80655399114733     
   247.37059570711978     
   247.84750403134882     
   246.99944014612575     
   243.24073949419838     
   242.58523415125674     
   240.22016860531187     
   238.87506500851882     
   234.45299112884862     
   233.11651703658799     
   231.32847084616918     
   230.32628897648965     
   227.86817200551289     
   225.82837580915069     
   223.93393815208955     
   220.86482252658178     
   218.97147116504868     
   217.28358995216252     
   216.87231038631106     
   216.31823980049410     
   215.30948558372964     
   217.08763000753109     
   224.03705464765414     
   234.22295849437378     
   215.60753106156227     
   195.71574515487214     
   178.31897510661679     
   165.48993284138299     
   153.01035733715338     
   141.10694242226344     
   132.28569313132866     
   125.34292068883579     
   118.49286766118010     
   112.78232171018414     
   107.30606759421102     
   103.82753551425228     
   100.30940288233596     
   95.002629030563952     
   92.260510936528334     
   88.744099114144376     
   87.040481100466693     
   83.346267640655739     
   82.327689892603189     
   78.736092061613277     
   77.997738347210429     
   75.856616947715736     
   73.343358572320938     
   72.452986656343867     
   70.448839628010390     
   67.953588550640148     
   66.490318042672214     
   64.715003437248612     
   64.178193006504927     
   60.323274449963307     
   59.862456668408690     
   59.169797989163072     
   56.562537149641557     
   56.072779387015032     
   53.448066027367972     
   52.912406024579042     
   51.985117393928590     
   50.208312423670066     
   47.726452816001718     
   46.118474384077722     
   46.461332300477636     
   43.531238402223458     
   41.459683994508609     
   39.281437074336807     
   1252.3302940823460     
   1008.1501183809371     
   838.69078790137155     
   738.92991649105261     
   677.41822772423689     
   623.48801451732834     
   577.75990156233024     
   547.31966651019786     
   526.13118773701763     
   493.28171426158383     
   459.65170554478914     
   443.86359145812281     
   433.01925853817329     
   421.03710218655732     
   379.90770973145436     
   309.73234999514250     
   215.08215127479963     
   221.25852985848960     
   215.22745963496243     
   212.15773180736062     
   206.46993936132802     
   205.05619847160810     
   201.55143203187825     
   209.09237188325739     
   202.89163251986216     
   198.28165850062049     
   201.32530730517340     
   207.55474049157135     
   204.75100686718409     
   212.01088157853633     
   216.40007723356962     
   221.33002226547956     
   224.30148279468253     
   224.43251110296839     
   221.35382866500356     
   222.63602953823170     
   221.15069934029455     
   219.46724701438700     
   220.37074662348536     
   222.34001232127471     
   218.51855514343893     
   218.56981054820852     
   216.70296593965165     
   215.84051861560215     
   214.61061691179077     
   213.00656343764953     
   211.61554728218363     
   211.19069235033044     
   210.31726980808031     
   209.69073377048079     
   208.58043974916626     
   210.44446508752571     
   210.63394675149044     
   213.31668449346679     
   217.25303406717998     
   229.67171724281582     
   211.50714400679553     
   195.24076581768469     
   177.14470131116991     
   163.39972861305523     
   152.22469198409684     
   141.71525732556685     
   132.27201246610781     
   125.13016211207707     
   116.44857277067200     
   111.91853853182134     
   107.65673201602220     
   104.08143964001952     
   99.934274646818466     
   94.837450356416326     
   91.861579405177508     
   87.967282933019519     
   86.689164463757109     
   84.381838094748275     
   80.226688151709254     
   78.750010335614462     
   76.821694325197114     
   75.110590505488290     
   72.674563128748360     
   71.060899652086476     
   70.475200458617280     
   67.914241394746000     
   65.130959734943559     
   63.812544354962718     
   62.494565901798140     
   59.914955926190167     
   59.012296070092638     
   57.377590260598296     
   55.312758243713226     
   55.241770374486705     
   54.193731316468941     
   52.237002931266034     
   50.946338177074061     
   49.994654098818465     
   46.942240477769204     
   45.534882877504195     
   44.880762592935426     
   43.483756454798325     
   40.804790528767107     
   38.769028089781770     
   1283.9079765925912     
   1042.9824371654299     
   862.36357344186627     
   748.79872281394955     
   682.09520423191793     
   629.12974989598786     
   578.63060228396398     
   545.05139773890437     
   537.28610787157754     
   503.96233890689302     
   456.41122546717492     
   449.70416079118490     
   427.05233604914719     
   416.87701897793312     
   376.26140820131832     
   301.09186501990331     
   195.15143248534389     
   220.23852589531870     
   213.65270602839715     
   210.27535571096658     
   207.73946952872569     
   198.07470387564086     
   193.37563352049628     
   193.34001433336158     
   194.39547197866190     
   199.23880940724948     
   191.69924266026965     
   191.80883483009808     
   193.70879973405076     
   188.52229681329169     
   190.17741675072003     
   193.07407391983065     
   200.71674383952876     
   202.04988172567721     
   205.73677973744071     
   207.65156437234049     
   206.99479470003371     
   204.59994280381778     
   205.13206480897321     
   206.09811332833834     
   204.05924805389600     
   201.79790035843928     
   202.26859232520141     
   200.38205166684719     
   202.43217611617672     
   200.62360933245134     
   200.73659986607660     
   202.17803770244595     
   200.68557635898657     
   201.17115714435957     
   201.10753122310754     
   203.80709753838312     
   202.48554246420969     
   205.55764269145155     
   207.72225432006104     
   220.85963443890381     
   209.18639088075921     
   193.68707474851939     
   177.04241519627084     
   162.83821613235480     
   151.68754098858375     
   142.08912747651596     
   130.21648852618921     
   123.41160944477581     
   116.92863673115573     
   111.89668861767254     
   109.20522550068954     
   104.32494550483554     
   100.27057991262070     
   93.617967914044357     
   91.646225203947537     
   87.785874618584756     
   85.000714634865460     
   84.175537388437220     
   81.670634107038865     
   78.317452270448769     
   76.976314370868451     
   74.264548480759117     
   72.465882547941717     
   69.896841779414871     
   70.825206803862613     
   67.734145157239993     
   65.420481634137957     
   61.982055200560680     
   61.628570746537612     
   59.344567302247739     
   58.072528766450887     
   55.720406222948398     
   56.066298774732957     
   54.157062787193297     
   53.282968835688564     
   51.789455206030262     
   50.115530612858052     
   48.288368654128213     
   46.976994181739997     
   46.208663421659686     
   43.977512533262605     
   42.795839156804369     
   39.942744928218303     
   39.107958734589502     
   1309.2987651651215     
   1072.3771384451354     
   890.84216293386078     
   763.79734960737403     
   698.76411166729577     
   639.70427898015680     
   575.54386970967948     
   543.65026770301813     
   532.31162077644944     
   495.67464668740018     
   464.13877955577482     
   454.10015668129824     
   433.00501433080979     
   417.37109892552428     
   371.17909628300788     
   311.74942303561727     
   197.12528371899154     
   202.67855977709263     
   202.62713998727213     
   198.89420086102950     
   201.91038483318053     
   200.95134553222880     
   192.35525925128337     
   199.73054121919358     
   188.48042141309392     
   193.01659551552561     
   189.75328279477424     
   189.54015588252241     
   179.70257127448210     
   181.03721966015769     
   181.03452186578605     
   181.47673952517135     
   183.84325303102634     
   187.85807782893755     
   191.28437032283017     
   192.11469539884882     
   193.67835818221755     
   191.81768503196622     
   190.26336769066657     
   192.45808034423459     
   193.53493472605967     
   192.28758092047559     
   192.16395119352603     
   193.08579150426215     
   194.95259084947921     
   193.02912707286691     
   193.21222092049359     
   193.84409143395308     
   192.93264590141754     
   194.26926391497295     
   195.55554925344939     
   196.53129625225552     
   195.10608348338934     
   197.46768060517715     
   199.95790389738559     
   210.28091231270787     
   202.83136367357204     
   189.94518060619993     
   177.11643906090200     
   162.45010480608369     
   151.66806995583795     
   141.89541947713892     
   132.80063858291282     
   120.92011148832387     
   116.54764915395080     
   111.84620742037220     
   108.96420725125211     
   104.83960772077540     
   100.70645883276875     
   95.284763053426758     
   90.620364935638790     
   86.095680202470277     
   84.397488158003313     
   81.719960453630307     
   80.615396393729426     
   77.619340091638719     
   77.111614509871657     
   75.482027304096036     
   71.808627973788390     
   70.224603454935831     
   68.409831046529035     
   66.886826571611039     
   64.762604923926077     
   63.104605152558186     
   61.217060964272747     
   59.501007626963009     
   57.832114707545216     
   56.010112094364430     
   55.038935653144790     
   54.216750667905785     
   52.788856132931748     
   51.426176409701938     
   50.135328517363334     
   47.432845492242897     
   46.216835068957465     
   45.421380978687864     
   43.117732959352040     
   42.684084925561798     
   39.342763601074843     
   39.287232217169809     
   1336.5029355211796     
   1111.9668973613718     
   925.98348963037199     
   793.39305342926787     
   711.31328921409454     
   634.36776021383275     
   588.43461577631990     
   545.78672272783388     
   521.94813169385725     
   488.68886308152815     
   459.28166599885492     
   451.65114548649552     
   436.85156357165249     
   411.22858675652861     
   366.65255927897977     
   300.23231554593576     
   196.45894074118655     
   194.24113185120652     
   198.79263928553218     
   197.71485554325616     
   202.91291418129009     
   201.63395356351788     
   192.95717388587298     
   195.98020627145434     
   192.72048809268199     
   184.51821199956737     
   183.56821345623445     
   182.56491288091416     
   184.93965913485613     
   182.64964154872291     
   174.03667094230036     
   183.76705347367101     
   182.99429621227026     
   184.57687352627369     
   185.27290419946965     
   180.94001205603013     
   183.50797815183273     
   182.34816742401165     
   176.97056415605115     
   181.66300274618999     
   184.71332125851950     
   185.01285838711621     
   183.32255455791017     
   185.47136938522871     
   185.84806724790315     
   185.51099912104101     
   186.61933233675077     
   187.89114059394734     
   188.41393743202116     
   187.27758192122678     
   190.28407550737018     
   189.60743390877559     
   192.42302940627815     
   192.23299768347368     
   194.26871532030023     
   201.91419671399791     
   197.72081735421372     
   188.21221082296810     
   174.13592088981108     
   163.24987760762741     
   152.77213041217610     
   140.57218606024500     
   133.24774802221671     
   122.47614259133479     
   115.29500779443555     
   114.00523211900200     
   107.77561899015500     
   103.52145334215051     
   100.06266186479623     
   92.361166557262834     
   89.100967481951614     
   86.646676027962769     
   83.801584971687149     
   80.191926417163941     
   78.663342145272011     
   76.331240253274927     
   76.847788724899189     
   75.104336263313968     
   70.797315491191512     
   69.115912703047726     
   68.200672228995160     
   67.127410437150985     
   64.766749864614980     
   63.148746332121050     
   60.244997938444769     
   58.896585358134452     
   57.829978480845902     
   55.764422336326376     
   53.941489576426164     
   53.252549267081207     
   52.835268616817977     
   50.752512985851070     
   50.098273229067630     
   47.336878919018531     
   45.449735414605854     
   44.921028638446550     
   43.331100558880259     
   41.385004320833517     
   39.434215815794275     
   36.491339573299904     
   1352.5080451740273     
   1143.7266249805980     
   949.83458728899245     
   835.01372812811815     
   735.88642784683384     
   651.47892541515250     
   627.30013199320911     
   580.23929115494684     
   519.93199834388588     
   498.37135192972727     
   454.51361634769353     
   449.26242319954741     
   438.89764750430390     
   406.16742971167997     
   374.42648450514372     
   279.69587860814403     
   189.21621454969386     
   189.35127614909570     
   202.79105499369422     
   201.24933352933016     
   200.01233562667235     
   196.35866379224260     
   198.50868638205606     
   191.87562578151739     
   186.30928107671502     
   184.31145801503558     
   178.47957022072626     
   178.86020452907852     
   179.50286924623623     
   177.47309824695259     
   179.84050819045225     
   182.54665736962721     
   174.93067868260431     
   178.24975490494950     
   181.76973824108745     
   178.30042312259656     
   174.36309579489756     
   178.91009725608879     
   178.75533622439198     
   177.12194875270106     
   180.12800078099195     
   178.92333839453750     
   178.60120702400241     
   181.93141093522632     
   180.68438864655735     
   180.33010444849532     
   180.49165594740364     
   184.28646184457671     
   183.31367710618235     
   185.11408515801483     
   185.70755964063676     
   186.44858413963738     
   188.90340520762118     
   189.51591332969943     
   188.71828848571911     
   193.75900832070548     
   193.71894264854276     
   184.43956525663592     
   174.41236348390078     
   162.51686335579885     
   152.69311531574431     
   139.65163473020868     
   131.70780936446366     
   121.96151146048970     
   115.80687642919906     
   113.74733661071068     
   107.85085992174261     
   103.82713912634341     
   100.40636240494239     
   92.750408047952419     
   88.855365900523680     
   85.832074738649396     
   81.945759690915040     
   79.251009525234963     
   80.141991744028061     
   76.773289129394442     
   75.407578649260472     
   74.668612251381575     
   71.280845822782766     
   69.987326608028042     
   67.616828527412679     
   66.357321888618614     
   64.972597761577063     
   62.742231843041964     
   60.395402959119338     
   58.560627636320071     
   57.118793215531248     
   56.218076392885678     
   53.359516591487150     
   53.142575999996396     
   52.488792214327972     
   50.674476538698016     
   48.985657365981652     
   46.967557173798006     
   44.680934601629524     
   44.506895387707658     
   42.051844989659983     
   40.270412791412774     
   38.919330275059160     
   36.709857246786768     
   1355.9791705520981     
   1157.4028885056432     
   967.95650656559542     
   852.39188047603739     
   746.67403452528129     
   676.08535202857115     
   627.13092611754757     
   599.03200475280278     
   530.11161537657028     
   513.84475481438801     
   441.13034168093782     
   450.47110856821706     
   426.76964809845970     
   395.28465110703337     
   367.48490097704189     
   295.05630044632272     
   188.50646797947044     
   191.25294478242142     
   197.06116761008411     
   197.49868860116845     
   194.10535805127640     
   195.11168299405523     
   198.02933909904738     
   188.97087268154061     
   187.28824954463371     
   187.14497095599299     
   179.71534270677401     
   179.92990253099103     
   181.85566110617683     
   178.39363578056847     
   178.08744834807598     
   178.44116867383184     
   178.20651291029580     
   180.02495904351892     
   177.54698239033476     
   176.68096113171768     
   173.26453470907961     
   175.65532462551568     
   176.18693091562989     
   175.04140076501778     
   178.05108920248239     
   174.95375345518750     
   178.81906248164344     
   180.63077288683530     
   178.51076536494878     
   179.57872463756809     
   177.86356257743748     
   182.52951524400436     
   180.96447948764040     
   181.49842733515359     
   182.89460398309967     
   184.83214449845312     
   185.92443410926978     
   184.94151470238390     
   183.55809203553565     
   184.73767499982398     
   191.43117741405129     
   179.87076693977596     
   172.59281212970151     
   160.54736041467115     
   151.30392434256811     
   140.74026430190844     
   133.72570494485592     
   122.19922283388567     
   115.45475578593235     
   113.17487148791764     
   105.66696132183651     
   104.18302043184595     
   98.864468076402972     
   92.160488429483976     
   88.884256772808172     
   85.127356030108203     
   81.747947546079857     
   78.014906786817221     
   77.954658186884103     
   76.319890440215403     
   74.729113550252947     
   74.129490435290293     
   72.462532145020077     
   68.453885229157706     
   66.385222283946803     
   65.209055160826139     
   64.658799047297151     
   63.316241868064367     
   60.518654841796696     
   58.893524394546802     
   56.213085940090465     
   55.351428450208786     
   53.653939160556320     
   52.948213353477485     
   51.304929741231774     
   50.079253215456077     
   48.546626854839126     
   46.752036830476442     
   45.650859622117459     
   43.658030584407328     
   42.644739215266952     
   41.142184255842992     
   38.999260454536646     
   36.680666922825345     
   1346.8500975216152     
   1173.7397974494274     
   991.03071149557013     
   866.17542119904476     
   786.42517088953309     
   690.56504427459822     
   634.15522310958931     
   591.31948309950349     
   549.76896081848781     
   527.51909544354010     
   423.52273739810619     
   434.67328331332919     
   436.65217476252292     
   401.80884346293624     
   358.81535964197218     
   280.31748226266257     
   176.55742674819723     
   185.65731384508445     
   193.11487314190373     
   195.02363969479026     
   196.61937915467951     
   192.61239785232721     
   190.62179192586669     
   190.07947130352608     
   192.93272421038671     
   180.02673670655938     
   183.22044810260792     
   176.80786869192534     
   177.82637701011936     
   178.10713516682748     
   178.04399063044406     
   173.84549262528174     
   169.67479660001149     
   174.20688740609057     
   168.13268998085067     
   177.04916143423370     
   174.09217912924953     
   172.36055910998931     
   176.59804504200639     
   176.10199545203469     
   175.40908079860964     
   175.66797861622319     
   178.01965711604069     
   177.17748746463113     
   178.83428995018312     
   177.47720439934983     
   176.09361613718275     
   178.06200321739925     
   181.29155335545414     
   179.05797549467493     
   180.67220630662604     
   183.41850727830140     
   183.95625951498667     
   181.04580997883593     
   180.65114917511499     
   180.40930673083571     
   185.96273899324075     
   180.79664894215125     
   171.91845298795857     
   160.58613466975572     
   150.57650522393072     
   142.46791737828516     
   133.54429467150462     
   121.96658069059316     
   117.56733008796635     
   111.71292464272193     
   105.81607328398701     
   104.51374309417700     
   99.348389522832150     
   91.449234623289271     
   89.899395174882230     
   84.853792995919690     
   81.232139050399184     
   79.518394419429399     
   78.537316595691976     
   76.523545725463322     
   74.331052883207974     
   74.371530010773910     
   71.788863311672273     
   67.931507607584905     
   64.715212893458201     
   64.978806553015431     
   64.082793334373505     
   62.077188927792079     
   59.787581092569923     
   58.425561746948240     
   56.320819954553457     
   54.360000189299001     
   52.430651641271950     
   52.588215472980210     
   51.327182226407047     
   49.582401985471137     
   48.958391725889932     
   45.758299724324502     
   45.345761389899096     
   42.552266043396905     
   40.941931231946938     
   40.676216259829054     
   39.189887121716360     
   36.185748764111665     
   1349.6264595979355     
   1190.8491971365534     
   1021.7313557836516     
   881.71016572586484     
   792.93381571714315     
   694.49249279795890     
   641.22371574600720     
   568.25228871614217     
   546.18828984509230     
   543.18171314159974     
   446.83243880976710     
   423.93816172274705     
   416.67959632468705     
   406.53211942188722     
   374.24777975798338     
   294.76351189398531     
   181.80754400503864     
   193.44999028917462     
   189.68461688679446     
   190.78522085737870     
   190.02305279185461     
   187.23573686207382     
   188.40364049267814     
   190.97187730152427     
   191.73235618059994     
   189.04823379816466     
   175.90484646765066     
   177.55941209899851     
   176.98228898670109     
   175.11593687759304     
   172.66795370349976     
   175.01176029360499     
   171.73067709195070     
   165.03273141609367     
   171.98648335937048     
   176.60694547698006     
   174.69633455377567     
   169.78389827835650     
   176.35670236562416     
   175.13035085344382     
   177.94793905054070     
   177.45637330685486     
   177.45249883595613     
   175.97188046259271     
   176.77713159922388     
   176.71611189648343     
   175.13097135776772     
   178.83667026333052     
   181.74732159228958     
   181.21293481892849     
   181.47789608483203     
   183.96061354895761     
   182.38166466843251     
   178.69838966697722     
   171.64042312997179     
   176.84262887881624     
   185.67803761829103     
   180.19047506885738     
   174.11308504724732     
   163.20967626635911     
   151.65005230821598     
   142.49134875548009     
   132.92603498937899     
   121.19094390376387     
   118.94287421525965     
   110.06871643763097     
   105.88971215907472     
   104.41675870864367     
   97.920309226659384     
   89.844286752948733     
   88.265157379112424     
   82.735517190618822     
   80.758424570262832     
   79.295367802321579     
   77.393904908173241     
   74.782050083443153     
   73.671430882094398     
   73.082516328317070     
   72.163424266131443     
   68.883347757384612     
   65.347993087823170     
   64.972693628851331     
   62.287132642603936     
   60.782126484829618     
   59.675906822707297     
   57.761397819956166     
   56.514281751222498     
   54.714694725277255     
   53.295846865722098     
   52.077535288908209     
   51.331682890164871     
   48.536455530897733     
   47.892788399927106     
   45.898575025350787     
   44.639012060979823     
   42.195742913597272     
   41.474665159840455     
   38.807786246988485     
   38.774002116788623     
   35.982541133551074     
   1367.2325774415540     
   1194.5588957197758     
   1026.1424842719134     
   900.92684440657308     
   810.71002503484885     
   703.40988949940458     
   639.61441345941864     
   557.06287694973912     
   527.72557113212997     
   531.17308595997054     
   487.58192259894219     
   399.83313650614031     
   380.96589616333006     
   399.36273414210143     
   363.65648326446495     
   286.57828973195774     
   177.66738959789566     
   188.55764354779075     
   191.31291418000683     
   189.18099668867757     
   188.23288522830353     
   193.30520492758382     
   188.26000556976652     
   194.55211587022387     
   187.87086143017493     
   185.75503436989692     
   181.43207710475724     
   177.28378169978134     
   178.43146308344137     
   170.75069171659621     
   169.20946196306409     
   173.68846507180746     
   170.86316282379008     
   169.85285070156522     
   174.00132674378253     
   177.44569808193805     
   174.85662808183497     
   171.91745365150314     
   173.64798838482358     
   175.40561214704536     
   179.49279634593830     
   178.39143659478970     
   174.48241662518433     
   176.10352050929862     
   175.44554125198511     
   177.17714575372835     
   179.19461930532074     
   179.18989920616261     
   181.48235996513375     
   179.62539110828783     
   181.17690809828460     
   183.95716988755925     
   182.71354683973459     
   175.29590554180646     
   165.28274406788222     
   177.35642267994345     
   181.26071584915252     
   179.39037582489945     
   173.70803175507911     
   161.72569339263842     
   149.78379088238566     
   139.88817203073199     
   131.69664431316866     
   119.65233633902756     
   118.21379901882374     
   109.99556926449091     
   107.74038566555225     
   104.14155306136752     
   99.637296794666682     
   90.162330054185375     
   87.231030510082576     
   84.156740818695070     
   81.953140307016483     
   78.835195004862939     
   78.227933784999692     
   75.423895794285329     
   73.210271265435722     
   72.013214834220918     
   71.977920649884112     
   69.710650821533989     
   66.276653105772539     
   63.644145870897425     
   63.380562221850013     
   60.423174269044168     
   59.805193556050931     
   56.379496750086872     
   56.021628122340239     
   53.935684832817117     
   52.597857486169268     
   51.404247415566957     
   50.569200356588638     
   48.570303637959263     
   47.924307436998603     
   44.930869319336566     
   44.264458348520208     
   42.390440096056800     
   41.511297223804839     
   38.257988483930575     
   38.578473455526236     
   35.979525065736297     
   1385.6323616831037     
   1185.3965730279438     
   1014.7644449837271     
   903.47256169554089     
   817.23225109884675     
   706.95279650386601     
   651.76271281204424     
   596.03445344266504     
   546.45539634906174     
   523.72131953004941     
   500.02735356683780     
   412.17413379256232     
   373.72598625148720     
   391.32698735543715     
   359.44224994003247     
   220.27262927187508     
   183.25316651576043     
   176.26158273192422     
   193.25405242067472     
   194.62477561307520     
   186.55140819189592     
   193.85333852700614     
   185.80862043815119     
   192.64930724361261     
   185.98196289980811     
   186.94964028997413     
   189.12821693564410     
   185.44664121897435     
   179.93402160993190     
   177.23887331304979     
   167.68510296645877     
   168.20524574498103     
   172.40777032887291     
   171.80019812974547     
   172.15021534594354     
   175.23994098652321     
   174.03465811796116     
   173.96054553004097     
   173.31374834583568     
   174.14210048893963     
   180.27040859871917     
   178.01007610757915     
   174.82098955061946     
   174.75440150912306     
   176.99812100794901     
   177.75899412622894     
   177.02546634614498     
   179.86183935878472     
   180.96298915952832     
   180.37014842905415     
   179.92737428520698     
   183.01746119547317     
   183.82109606611354     
   174.97593021265027     
   164.46933930359350     
   176.64136875142196     
   178.32139175013754     
   178.31548088396639     
   170.71449134345843     
   160.46727656139120     
   146.90861507703562     
   139.25778631361493     
   131.61450532428412     
   119.99008795670274     
   116.16014382931962     
   111.82953250976443     
   107.44246580556829     
   104.44553773806931     
   99.639923088549210     
   90.708687289306141     
   87.646062000505339     
   84.003406427075276     
   83.570344980681881     
   79.477715145027631     
   79.014520220779218     
   75.767455440836187     
   72.028785102844409     
   71.964918548935245     
   72.014836350610125     
   70.255654748372848     
   66.734182619976238     
   63.696854414526214     
   63.157772532726128     
   60.257039558892117     
   59.574983215502996     
   56.765993360282458     
   56.106117576859994     
   54.661594071864997     
   52.969898609609047     
   51.830559149114436     
   50.288488879586460     
   48.631402476791116     
   48.138099346995155     
   46.096655913840920     
   43.814969712974786     
   41.958409308006345     
   41.418979256876135     
   39.316505809792723     
   38.277177146424293     
   37.033686953504201     
   1371.1525082715964     
   1185.4144263519900     
   1013.6396570988200     
   877.70351767225884     
   816.88116284079399     
   737.11988500574660     
   683.58630145066070     
   582.40600207618161     
   576.48220325326861     
   549.07603165304977     
   523.67077234427290     
   402.37153337904817     
   393.57594476316387     
   369.53969063393572     
   357.24106441499413     
   203.97174035978847     
   181.53996755186924     
   176.84919858241503     
   178.18370523964006     
   194.78308451235984     
   192.66196662961659     
   189.65018947906816     
   187.77724539921633     
   190.06671735711916     
   189.28707129518995     
   180.11303656897502     
   179.33611316312678     
   172.92675168370576     
   183.13120740889917     
   182.77122942096923     
   172.15702949797424     
   173.35028647575103     
   171.65810276174432     
   173.92013585248583     
   173.23057991203044     
   172.60294532788015     
   170.07227440012025     
   173.72975668005142     
   175.28753667012072     
   177.65558577494210     
   178.42849581060381     
   178.12968075065379     
   178.90146281677102     
   174.95804984137237     
   173.44465784324919     
   178.41038939221579     
   177.08648649040254     
   178.39436447322979     
   178.13779317530310     
   180.07735908013166     
   179.94235788037139     
   182.21209785878767     
   183.53302065725836     
   174.76289968735159     
   164.16141195481222     
   177.86540058877046     
   178.22413176595808     
   176.56620687691785     
   172.26346963661325     
   161.65911850647248     
   146.61431222097687     
   140.70368487333252     
   132.33506917649979     
   119.99314248973184     
   114.37072485106590     
   112.35567563844378     
   107.38424691242830     
   104.31944369263238     
   102.34206126749497     
   91.831858560105132     
   88.382730934288873     
   84.087005971079819     
   83.897134741050621     
   80.786694729310099     
   78.585241582762791     
   73.946128475446784     
   71.719174645357739     
   70.676660415444942     
   71.864976096048196     
   69.602485354855148     
   65.948152444723632     
   64.105780158985908     
   62.514243318113543     
   61.304247014283149     
   61.124522263427764     
   55.832940415148450     
   54.585266543495223     
   52.568908699886400     
   52.564868086468167     
   52.120765182959779     
   51.528903868762072     
   47.798501611850540     
   48.556905155535802     
   45.465311742776663     
   43.667018091334135     
   42.299045346390159     
   41.279738418592679     
   39.482316866702860     
   37.564507627876800     
   36.695284400839675     
