           1
        3200
           1
   877.12200552398428     
   834.29902655929743     
   802.16129307440519     
   777.11384840832818     
   759.78694579949365     
   743.50859321017560     
   724.61475906707005     
   707.74932021381187     
   693.59200780596109     
   679.06286309053280     
   663.04551420742894     
   647.55804197181828     
   633.03939305077938     
   619.51041905811894     
   606.08298538523081     
   593.29238899947359     
   579.28829557348877     
   567.48122089893150     
   553.37411029052339     
   538.90000355402196     
   525.50624432161192     
   513.07208904985782     
   500.29673835988888     
   489.07088472646467     
   477.56896935681527     
   466.89631246906811     
   457.30602512722692     
   446.01779209007310     
   437.08516420570675     
   427.00420627488876     
   417.50346207492476     
   407.68824375576543     
   397.55576787697862     
   388.47087155652116     
   379.42137468038368     
   370.82527972247937     
   362.28264132970924     
   354.13739781852968     
   345.70810799256799     
   338.28773663848710     
   330.78788292893501     
   323.49606969342813     
   316.47279806841220     
   309.32723923468382     
   302.33768250393490     
   295.24224141657083     
   288.31239800931479     
   281.91337715599212     
   275.58502178395065     
   269.58090959500197     
   263.79471480830767     
   258.04140824142678     
   252.52851305517152     
   247.06204254674640     
   241.56913447061612     
   236.17857715437361     
   231.13759549566089     
   226.31799138828057     
   221.71529500469728     
   217.02662810021474     
   212.77609080857366     
   208.36368687981323     
   204.23410585156455     
   200.04142027306403     
   195.93856448203223     
   191.89107488321565     
   188.12918921785612     
   184.46849583862030     
   180.78718169350401     
   177.22513130560964     
   173.92359446730637     
   170.65408588909773     
   167.32533101297210     
   164.15099616142021     
   161.11271221537760     
   157.96561896270958     
   154.89811210577668     
   151.97929803808691     
   149.09927996394362     
   146.36446124065827     
   143.55427460953996     
   140.76887574231762     
   138.07048800545340     
   135.47744114087618     
   132.94609403422697     
   130.47675961377584     
   128.01374750237588     
   125.64712297459522     
   123.32202810664609     
   121.04285141054908     
   118.76934264048114     
   116.58258450527714     
   114.41971338106028     
   112.30111768593716     
   110.23859412134931     
   108.22161536108092     
   106.26102727461247     
   104.30677602424251     
   102.39604150814480     
   100.51058568143486     
   902.89822452460339     
   876.67484157938452     
   842.51227993382486     
   815.44497802831893     
   789.15844462627729     
   765.53442879518275     
   746.11119958794836     
   729.59779794550286     
   711.40049444248416     
   695.28351513556868     
   677.36613653080587     
   660.52955541104029     
   645.89901143931388     
   630.18495428229573     
   614.44932960775486     
   600.64874041231167     
   587.64331691278983     
   573.24756568383384     
   558.86527950244727     
   545.63641595003128     
   532.00623835395481     
   519.90009593561888     
   508.60370299360363     
   498.32346732982626     
   486.82035404601828     
   474.44118418054700     
   462.71402427381821     
   453.64310988959909     
   443.77247508448818     
   434.10813239415620     
   423.58936976747674     
   412.44989633074260     
   403.45284873790615     
   394.05842505218158     
   384.27706091361176     
   375.28847485945477     
   366.10896396299944     
   357.30723875632270     
   349.27130526697817     
   340.93186034274993     
   332.64823773903174     
   324.94397910718732     
   317.70941281419380     
   310.37752402316187     
   303.44837943054000     
   296.67373827481549     
   290.65176463677540     
   284.10480315350577     
   277.39743094805618     
   271.58311615468085     
   265.60889339653960     
   260.08927201925167     
   254.88563760372818     
   249.20351331405089     
   243.80775658622957     
   238.63974108908320     
   233.52514349480236     
   228.54267929618894     
   223.74104926217737     
   219.21080227420072     
   214.76896499130379     
   210.28106502488819     
   206.00542277934045     
   201.84211386699650     
   197.85592648046554     
   193.92634386555847     
   190.03863965542348     
   186.18595214745966     
   182.54257091148025     
   178.91076357654762     
   175.25749853784234     
   171.86041739042992     
   168.59740273108812     
   165.30444032208086     
   162.02771185498878     
   158.95429829913610     
   155.92948690807074     
   153.01282361139349     
   150.13310501395327     
   147.33880291215951     
   144.61987263499981     
   141.97063501998585     
   139.36411484742715     
   136.76659195587945     
   134.24713346756988     
   131.68189092700246     
   129.22860064345940     
   126.82740991967194     
   124.41190446124213     
   122.09730182615370     
   119.83043005251682     
   117.59606049187786     
   115.41341967826682     
   113.30451606405526     
   111.25158298217247     
   109.20080526598068     
   107.13369747387357     
   105.12710945706185     
   103.19052892375328     
   101.33706717089149     
   900.53920868515127     
   880.91905811336756     
   859.17454706292312     
   833.36410342797944     
   807.65811548295096     
   784.61573458716930     
   763.54841948720764     
   744.78294773733592     
   726.20353122036931     
   707.26682217520511     
   689.99682657097435     
   671.86272493161732     
   656.59727759687757     
   642.70469280309635     
   625.13355030047944     
   607.88143047029439     
   594.16295403572531     
   580.46133657354335     
   567.45878510393027     
   555.60155409536276     
   543.07662471919059     
   530.91187176260223     
   518.48376586309780     
   506.89572728370462     
   494.94366346110729     
   482.39793363674130     
   470.13453853744812     
   458.84931008196685     
   446.88345215254515     
   435.78329020882910     
   424.88947282039771     
   413.99711697358293     
   403.66802151907928     
   394.66326695461902     
   385.34685176904713     
   376.52932905551279     
   368.04620022912422     
   360.19049823436046     
   351.68796160032144     
   342.94451150516301     
   334.76757401481939     
   327.41285325889260     
   320.24658208021424     
   312.92627998324372     
   305.90078823141732     
   298.94209481953186     
   292.10136639553633     
   285.73144686190665     
   279.44173375824562     
   273.32974137579151     
   267.30829525095197     
   261.38810058617423     
   255.62860375612695     
   250.19408677998990     
   245.06013894950797     
   239.75590349406002     
   234.62667221622013     
   229.80293848551918     
   225.00646384175576     
   220.36635083397744     
   215.72166303145440     
   211.28332742886178     
   206.88558130961141     
   202.86750724363060     
   198.76277890565211     
   194.92813940967807     
   190.96519735764548     
   187.26647999115065     
   183.62210137723577     
   180.02527027887220     
   176.61075723484410     
   173.15708461231165     
   169.74302535651884     
   166.53801861115409     
   163.27185931904100     
   160.02501012194503     
   156.91799605704779     
   153.92100805160339     
   150.99924215049489     
   147.95944970027364     
   145.06618179217406     
   142.18872503858768     
   139.53241615331331     
   136.94711705290078     
   134.37927499486818     
   131.87848940493910     
   129.43607471222890     
   127.02705299713043     
   124.70802591212868     
   122.38124837334588     
   120.16332633887703     
   117.93918445907303     
   115.80463502382476     
   113.66523505223944     
   111.53146984783177     
   109.49995447923328     
   107.52688918436314     
   105.60245853956744     
   103.71325151254040     
   101.82111646376396     
   908.32777680898414     
   888.30753787612161     
   870.03599311104711     
   850.13468541908378     
   826.55418587192730     
   801.21398432879641     
   778.61038899596406     
   755.68304332698710     
   735.76364501112243     
   716.54343738772877     
   699.55483536572069     
   683.63622675309307     
   664.56193532805435     
   645.49768764970077     
   632.34040527696493     
   618.94612658231915     
   604.19773073771671     
   590.75910947692341     
   575.99173437173067     
   561.83043768123923     
   548.34320882188899     
   534.57556287583293     
   521.24187796438878     
   507.37128921975460     
   494.08590300653117     
   482.34793686718274     
   470.78071069341195     
   459.90721012942828     
   449.89114217827012     
   439.15338234094099     
   428.99943614380072     
   419.47688076051463     
   408.94613576177181     
   398.84942768464907     
   389.04283739790685     
   379.84036855915963     
   371.10225349157690     
   362.32403143228271     
   353.67954317702555     
   345.61633436199133     
   337.57027754654825     
   330.27161768064695     
   322.48118712459831     
   314.89304822104572     
   307.58862519383331     
   300.87406025702217     
   294.20313432467873     
   287.62681926841890     
   281.56795647981642     
   275.11688641365060     
   269.24888795972163     
   263.48840354346567     
   257.63073798443713     
   252.03957542211933     
   246.73625055174162     
   241.56507313970593     
   236.68663083026149     
   231.85404171756508     
   227.01369259535383     
   222.32733101854296     
   217.77271907339406     
   213.44186588774699     
   208.99692930346464     
   204.52208698005020     
   200.33593444218215     
   196.27456018390296     
   192.36457989947624     
   188.67637631799593     
   184.84121760525238     
   181.21859091714381     
   177.59852026699517     
   174.24164596658798     
   170.86280941963605     
   167.50455710263466     
   164.39329169785350     
   161.31638311128478     
   158.33055772121276     
   155.28594427982404     
   152.29950662940129     
   149.63184381701342     
   146.85634175013914     
   144.07340755915277     
   141.30290147023430     
   138.55602547090336     
   135.94143721486731     
   133.32698482777030     
   130.81439831465133     
   128.33125158681051     
   125.94912633427042     
   123.60176623819750     
   121.28687877232065     
   118.99330981388202     
   116.74700963757471     
   114.58879967042550     
   112.48585815766015     
   110.40858072012426     
   108.38059524630964     
   106.39350289677968     
   104.44321761458488     
   102.52961394392734     
   915.58350641172046     
   895.39967953741143     
   873.82751157766495     
   855.63380319625207     
   835.87783174580636     
   814.03340801375282     
   790.46080877350380     
   767.82226677843687     
   746.67491658882955     
   727.85196865909688     
   706.55036827305946     
   689.43661167465575     
   675.12301378042571     
   660.70011991600347     
   643.44970307147389     
   627.37166484530167     
   611.61584327295429     
   595.44636784185832     
   580.72656825309014     
   566.68637370696797     
   552.24798436879928     
   539.42244786596177     
   526.07477459707809     
   513.55466916697128     
   501.65038363023967     
   489.27113343714103     
   477.47574672099893     
   465.32427168574043     
   453.37074057301305     
   442.19221048441625     
   431.32779441785692     
   420.24023998231257     
   409.77658847869145     
   400.27175570335447     
   391.24023808280015     
   381.91036480682504     
   373.26161263893920     
   364.46021639617129     
   356.34050301028412     
   348.14878650805053     
   339.85145138975565     
   332.19023714686728     
   324.78905307918222     
   317.24514648896172     
   310.10554489359322     
   302.77903718069496     
   295.78198377682867     
   289.08452740048682     
   282.47758262376004     
   276.88217425703118     
   271.40357614622320     
   265.57608858919480     
   259.78599218408476     
   254.46264765167709     
   248.96668515334994     
   243.63022300696301     
   238.59894797573088     
   233.65241562826668     
   228.72270496725432     
   224.02845917815446     
   219.55343610932698     
   215.06803284337059     
   210.80898656577483     
   206.49904790553856     
   202.28993860078845     
   198.10548667710319     
   194.06135872757486     
   190.20699874105577     
   186.51845398987678     
   182.94146283789632     
   179.27435946412953     
   175.59647444631517     
   172.09052245494152     
   168.73301998301099     
   165.36466338245751     
   162.14921731387523     
   159.07132208564522     
   156.04189941066409     
   152.92029066067801     
   149.80612996321128     
   146.85693455886391     
   144.05728799389183     
   141.40465496618828     
   138.71556544490534     
   136.11059049874981     
   133.52992647488713     
   130.96892768183170     
   128.53431657786464     
   126.13893925047766     
   123.80236775611486     
   121.48689092074484     
   119.26521572500609     
   117.07711971231636     
   114.87953015259313     
   112.76603144872814     
   110.70414990115984     
   108.69694665187301     
   106.68145460469690     
   104.71721873466026     
   102.78341064139391     
   920.61639678423171     
   898.80794224447641     
   877.81366169398825     
   855.34454611210231     
   832.04155917727587     
   815.14857796869535     
   794.56029007207303     
   777.70682121308641     
   757.46416811807376     
   735.84194134679217     
   718.59540944221089     
   700.28942675551048     
   680.78197638426377     
   662.03790792094753     
   644.36874715308443     
   630.97219508071134     
   615.99034177911938     
   601.20070708037235     
   587.20840563207457     
   573.35278055325045     
   559.03685629059567     
   544.79233109683651     
   531.31343438085139     
   518.31799223352164     
   505.18504231068243     
   492.50723218912481     
   480.08471402058194     
   468.83972337760088     
   458.18616436585882     
   447.34747762954214     
   435.82459895033816     
   425.95736049060247     
   416.71358377602337     
   406.47414073644995     
   396.96782275381912     
   388.10873205717326     
   377.90335196041769     
   369.33682727943017     
   360.08397875361482     
   351.80511569191657     
   344.38466859139908     
   336.64263068091179     
   328.68429824476016     
   321.17635026216681     
   313.99529843738236     
   306.61919455804713     
   299.66664185588445     
   292.56494891666529     
   285.61162066251649     
   278.84053523621384     
   272.48872717982795     
   266.38221821028554     
   260.64461903088431     
   254.85182654636245     
   249.38187390465296     
   244.26948401796261     
   239.09008786675841     
   234.00371903597397     
   228.88427551575288     
   223.81335602303636     
   219.03984344648356     
   214.35929503313858     
   209.96238911881508     
   205.79885279083388     
   201.65334913575799     
   197.73148941018488     
   193.90488824712813     
   190.00611704935858     
   186.14561389241493     
   182.40139094441261     
   178.88477420101808     
   175.31449268394269     
   171.95327324592114     
   168.67071970198560     
   165.52330653370331     
   162.35237109588289     
   159.22827338602428     
   156.08513929765635     
   153.13031825151103     
   150.23234702835455     
   147.23089375159623     
   144.40728830949419     
   141.50181370653362     
   138.90687145538087     
   136.28149272370706     
   133.72309437787268     
   131.23062850542789     
   128.83466840366901     
   126.37217182077973     
   123.98627037420077     
   121.69079553134414     
   119.42907137433397     
   117.14687433618045     
   114.99799191604330     
   112.87626316137863     
   110.79484801346950     
   108.73311222422747     
   106.73241381909811     
   104.81187279975778     
   102.90067363735025     
   925.13244426172764     
   901.20075726420748     
   880.56367867809604     
   860.67581580549813     
   841.66225123067420     
   821.83069069696239     
   803.88342997399980     
   783.28914409305344     
   763.48663150558718     
   744.23265498212788     
   723.16055448369048     
   704.00633927289732     
   686.88875831750545     
   669.98948806736689     
   654.99518204610570     
   637.91095326816935     
   621.02547457073251     
   604.74733341324304     
   588.36188000861591     
   572.01490791738229     
   558.25668361658882     
   544.03157104759498     
   531.49747832342007     
   520.07917187820988     
   507.03940109744713     
   494.58876898554473     
   483.67726344485720     
   471.51975186278526     
   459.26157671368185     
   448.86661002278407     
   438.99031114927993     
   428.83291539758443     
   418.59053849675183     
   409.42533287274017     
   399.71548347590624     
   389.38572292972799     
   380.62640605615013     
   371.77970433243246     
   363.16909125957557     
   354.22082840174664     
   345.77542864858441     
   337.26876314832128     
   329.15598413864677     
   321.71991637583722     
   314.34303730580177     
   307.11921266141246     
   300.28783743320980     
   293.86150712767483     
   287.37437210020715     
   280.95627947220243     
   274.68246664540254     
   268.35149610089155     
   262.25690942081201     
   256.26591807534635     
   250.61984714867779     
   245.34841166302883     
   240.01636355603790     
   234.72527014697138     
   230.07582079552947     
   225.44984693023935     
   221.03340663715986     
   216.72323570602597     
   212.52351971943841     
   208.27829517159057     
   203.97052349868795     
   199.81527112334552     
   195.69133910601602     
   191.73938289706231     
   187.81793299575776     
   184.11892923376283     
   180.44499401744537     
   176.86524310419563     
   173.49280656283599     
   170.03690411236639     
   166.59102205162014     
   163.38419301170705     
   160.29864819201771     
   157.21833019548180     
   154.17828554841543     
   151.32534818576522     
   148.51902508144488     
   145.70311603150458     
   143.01088434626382     
   140.31872414035672     
   137.66180808264096     
   135.05040855496276     
   132.50709746109462     
   130.00143582717376     
   127.60488038591357     
   125.20762826072628     
   122.85354515505918     
   120.51768934700976     
   118.29525446495759     
   116.07621794963323     
   113.89720071092454     
   111.74409586155733     
   109.69862746917637     
   107.72461244312230     
   105.72361063581533     
   103.81512651580488     
   924.55481333109515     
   903.15639952618881     
   880.92298894268390     
   861.77214778075859     
   843.16233252854465     
   823.82675911020999     
   802.54866840657667     
   785.38143891378627     
   765.96963596401031     
   747.96281435924391     
   730.23923075089067     
   712.18813697236340     
   694.58522770304410     
   676.13680005347555     
   657.44573678427878     
   639.80824793727732     
   622.45260447469252     
   608.17268777699996     
   592.57556642040583     
   579.96368622720786     
   566.14165600387480     
   552.73249581468735     
   538.79385298367561     
   523.90022052830022     
   511.12663307290802     
   499.92965068372439     
   488.04794400057875     
   477.37998026325380     
   466.44147595701139     
   454.94865139221326     
   443.28294064602960     
   431.92387211070235     
   421.03499506038088     
   409.77983943196017     
   399.38041895338188     
   389.82270095926151     
   380.31180838159071     
   371.12809522667834     
   362.80504895849947     
   354.22556796228514     
   345.42737320298806     
   337.09636445605088     
   329.48742897803390     
   321.22344096093292     
   313.85809574994857     
   306.97488195211741     
   299.81038813326461     
   293.05686719433180     
   286.49897052508004     
   280.19882386498574     
   274.07428948317687     
   268.27586978647861     
   262.98319014035383     
   257.68342499926280     
   252.24303399612128     
   246.65040375713770     
   241.31854125116615     
   236.46505205904393     
   231.69373012517164     
   226.90926567190610     
   222.19156344614663     
   217.37453902296747     
   212.71573610292739     
   208.19236122638583     
   203.98114030480011     
   199.87656751948569     
   195.94942529054242     
   192.05583452349788     
   188.31191049951690     
   184.69266615396748     
   181.04229647612684     
   177.59783876203983     
   174.10121042125502     
   170.76921192375593     
   167.51495272823882     
   164.28875912411519     
   161.02873035898696     
   157.92636109586721     
   154.94290585753953     
   151.82519191439260     
   148.91912545619263     
   146.03832630693412     
   143.28312514353445     
   140.59232759456029     
   137.92645050370811     
   135.32164186472494     
   132.75628181912862     
   130.23885928280453     
   127.75677544370825     
   125.36865398758994     
   123.01803626346091     
   120.75497309358258     
   118.52628253178230     
   116.39139415298922     
   114.26290178455247     
   112.18242651684933     
   110.12478565673064     
   108.08590520124915     
   106.08804730034979     
   104.11903959423758     
   925.53719643995487     
   907.66321010640149     
   887.88399867271096     
   866.64419451492199     
   846.90467791214542     
   826.81270964719465     
   808.08989093733669     
   788.48470217109980     
   772.61096768526716     
   754.57103130584528     
   736.20684965686701     
   716.28339769228012     
   698.00404165885584     
   679.12368078315933     
   661.95653655620583     
   643.72953589386816     
   629.62181136014317     
   613.92141284862805     
   599.23793723916413     
   584.21863145764723     
   569.85032799817611     
   556.35339038204222     
   543.54849700380487     
   530.23132173678914     
   517.18873617341433     
   504.05138581598527     
   490.90598642653293     
   477.72354124225228     
   466.56318231161515     
   454.25886104363002     
   443.19859967672204     
   432.18390072627045     
   421.16325329098271     
   411.61763294453777     
   402.15119795845749     
   392.24042923140030     
   382.30297057658555     
   373.26439989703334     
   364.25791515060871     
   356.28622065989589     
   347.90958955045664     
   339.80322150566678     
   331.72427370814398     
   324.27240329626022     
   316.78472638568121     
   309.35880916960991     
   302.47764406522020     
   295.67643740624186     
   288.91831072885145     
   282.56257002575853     
   276.41336648275899     
   270.43062142516783     
   264.26869418148442     
   258.22466928356158     
   252.77607588649335     
   247.29382048123171     
   241.89621757667314     
   236.79680949077971     
   231.77768410002565     
   226.97795472886042     
   222.15133398449655     
   217.68312491598920     
   213.28667648262416     
   208.94335447670647     
   204.73687408037094     
   200.63478062745625     
   196.48816768654763     
   192.70255395443013     
   188.77169357517482     
   184.96420170900404     
   181.22109200066458     
   177.57080836685066     
   174.07243149340988     
   170.59304304951687     
   167.23328180718391     
   163.93410998450875     
   160.73337178717193     
   157.58355328570551     
   154.50246866134654     
   151.55182583677225     
   148.62320665160502     
   145.79895646153187     
   143.07597573860542     
   140.26043114102507     
   137.59329506404049     
   135.01156297684983     
   132.51527390647743     
   130.06509517372047     
   127.63147799714700     
   125.26752786200743     
   122.91206458315887     
   120.56292136831016     
   118.33101299005165     
   116.10520839127605     
   114.03337002303894     
   111.91604770404666     
   109.85697879648754     
   107.78645561171862     
   105.81788187326919     
   103.89446212151051     
   936.30346612428116     
   911.77319540092799     
   889.95303202948730     
   870.39917164881183     
   849.70742325931315     
   828.41313754160683     
   810.67795253159466     
   792.17928785968468     
   773.25770301731995     
   755.00222520485374     
   737.76632041942310     
   720.71000055847162     
   702.66021128397540     
   685.92112789634302     
   668.37634210830754     
   653.44693123342427     
   638.11220797252417     
   621.52039153520866     
   604.85169454690163     
   590.29074757311355     
   576.09989337373850     
   562.00970204201576     
   548.01629419182473     
   534.81654061572738     
   520.64138885486625     
   506.80687649373345     
   494.70969734555018     
   482.49082142545842     
   470.01111235561359     
   458.42758532063078     
   446.91758198009325     
   435.76198915613702     
   424.99596613614017     
   415.55353445851978     
   404.95973950948235     
   395.43430116658880     
   386.31934645856927     
   376.97092319027286     
   367.38514575484805     
   357.46086217782488     
   348.65369757538792     
   340.80853770379986     
   333.13543522513805     
   324.99284902292538     
   317.37038995401718     
   310.33709511418215     
   303.25815485882345     
   297.04172857851609     
   290.08271201513480     
   283.68452630319410     
   277.26656334065592     
   271.04454987210147     
   265.18165670566952     
   259.25058676103015     
   253.45306119322160     
   248.07251849229579     
   242.77124908450472     
   237.57914361674005     
   232.22607007767556     
   227.26572147135283     
   222.40527192348998     
   217.58464312469616     
   213.15796168158425     
   208.97037705651397     
   204.79243524216469     
   200.54273023627997     
   196.55591802168280     
   192.50864525813020     
   188.74538347992177     
   184.98997443079145     
   181.09848839194777     
   177.53231307514568     
   174.06928569497640     
   170.58166181156054     
   167.21527146055746     
   163.96167006917858     
   160.78816679248391     
   157.72743518681548     
   154.63329488956234     
   151.58599596123096     
   148.79276808050861     
   145.99468438654014     
   143.19968069482900     
   140.58142821934453     
   137.97468212632776     
   135.37666211661656     
   132.73362111860857     
   130.19266705863444     
   127.77915748231057     
   125.36441528519920     
   123.06756053850654     
   120.81712426064774     
   118.56184856995429     
   116.40544415512450     
   114.18353761869572     
   112.05368753009381     
   109.96271453984438     
   107.96926751165211     
   105.97731166050099     
   104.05029452850542     
   937.51389781942783     
   916.23220663097038     
   893.17469857501294     
   868.79727859738955     
   848.71664617424233     
   829.89168385806522     
   811.24167154797510     
   794.42819585322411     
   776.19669925071071     
   756.67632067838372     
   737.64930277314033     
   719.72219104284000     
   704.59059191226004     
   689.18305153096776     
   673.73954576380061     
   656.37032269051110     
   639.58801939419470     
   623.56328523263255     
   608.67845231539877     
   595.15690816614472     
   579.45319709388696     
   563.83631860211278     
   548.65813162605627     
   534.10825488929163     
   520.80019588007428     
   507.65587189595590     
   495.62464805299868     
   483.53677435069983     
   471.93000509802170     
   460.88790003391182     
   449.56600797302764     
   438.96948169811878     
   427.89743875724258     
   416.21038828962395     
   405.59684228671665     
   395.42517705798542     
   385.82627126772138     
   376.20303007158066     
   367.47603556543731     
   359.09421351333759     
   350.49907302845293     
   342.31716372210934     
   334.11061480788379     
   327.21511932600163     
   319.87135035823354     
   311.96238461235379     
   304.49309874541569     
   297.19952587087289     
   290.50198024829280     
   284.12239409739436     
   278.00871573995124     
   271.67902890020980     
   265.27315032201301     
   259.52604357563018     
   253.86542409136916     
   248.29718207446055     
   243.21858420289442     
   238.04330982922784     
   233.00613636560206     
   228.08207603630379     
   223.22724049895132     
   218.75720303037826     
   214.31051874973380     
   209.59729644639589     
   205.26799597951958     
   201.13184907139146     
   196.91635999819493     
   192.88101618657251     
   188.98634233670020     
   185.25995795319045     
   181.63031850251477     
   177.96913992304718     
   174.50211997855860     
   171.10436719699888     
   167.84757675117956     
   164.61020851216026     
   161.46460772442663     
   158.33844231802823     
   155.32716125955662     
   152.43599954164375     
   149.47110239766312     
   146.54912999377606     
   143.75555393783850     
   141.04350975195956     
   138.34302462169993     
   135.75233820401894     
   133.25895583092858     
   130.77941101142301     
   128.33220556489587     
   125.93296199572899     
   123.56400835542499     
   121.22975733533931     
   118.98765603418944     
   116.75087663674439     
   114.65080066992857     
   112.57925153276739     
   110.54656867229102     
   108.53375113085174     
   106.53682997095926     
   104.57250898350613     
   940.76193287984108     
   917.33924236804148     
   896.70155873581939     
   875.93927093146931     
   853.91444720260859     
   832.62852154045891     
   815.32892162888197     
   795.79129284408782     
   775.25075592770725     
   758.95386830590667     
   741.43543545819512     
   725.92130846874329     
   708.73380871785832     
   689.37166136190240     
   673.51216570643885     
   657.90675614042834     
   641.82824103027838     
   626.88987597934033     
   610.09896304490235     
   592.26628862262351     
   577.99940625558042     
   564.01302787293469     
   550.65930676643893     
   538.04332598087444     
   525.33632142611702     
   512.48904653037403     
   499.82950393611412     
   486.58167346638982     
   474.12900813316276     
   461.72794913667133     
   449.27656950903457     
   437.70099851931894     
   427.43354128017893     
   416.99523860452837     
   407.32822520745862     
   397.57665171255746     
   388.11059623870153     
   378.15499469671875     
   368.75966852836916     
   359.64843359793696     
   351.01083616017854     
   342.34355078865354     
   334.89940992991893     
   327.27770281331976     
   319.62736673557515     
   312.34895008469636     
   305.12033294887800     
   297.81046364587655     
   291.04402763861043     
   284.47106735430134     
   278.17047976373175     
   272.08330125800552     
   266.14703949251896     
   260.24795969235618     
   254.76103135839813     
   249.32649330985745     
   244.04030961410814     
   238.66357269668413     
   233.76882095162500     
   228.96543655903508     
   224.41860311058915     
   219.77224345523709     
   215.16718378307954     
   210.81765535324269     
   206.34924412259406     
   202.06524823542520     
   198.03014354735532     
   194.12093832712304     
   190.25270819968509     
   186.44943938645807     
   182.84133240540973     
   179.31477110483033     
   175.70722031956643     
   172.27625086173919     
   168.78630686658431     
   165.42829196834850     
   162.16676313106413     
   158.98895385041453     
   155.94000041214537     
   152.87720473632476     
   149.96565788714412     
   147.18626576331721     
   144.41236991660199     
   141.55867676286678     
   138.88275789699745     
   136.22369780142785     
   133.60853618214674     
   131.10704587671395     
   128.65290791337168     
   126.25515200892428     
   123.88497139128634     
   121.56757374098051     
   119.28381527594989     
   117.09007447082975     
   114.91647392911096     
   112.78938764579169     
   110.67506535650918     
   108.60575944126266     
   106.59776663107894     
   104.62663965703308     
   941.78494869377187     
   920.46297056317599     
   901.21622891129971     
   878.61600970164011     
   859.81905536260604     
   841.23967903216271     
   817.80340814149031     
   797.23123211156371     
   780.48774610020723     
   760.02170004188019     
   741.37486816172577     
   724.09840454873131     
   707.47143841013951     
   690.12149914330939     
   672.98318367939055     
   657.37576856974954     
   641.79588022447933     
   625.52257681721335     
   610.85524075943613     
   596.59861141096610     
   581.43296138267999     
   566.96486799497723     
   552.71154841261432     
   537.59281282215784     
   524.45693882073920     
   510.92410804725512     
   497.41675608128998     
   485.47854789138847     
   473.51392609600737     
   462.56741105805708     
   451.42979019046294     
   440.61546660155693     
   430.16725755332470     
   419.15950456427004     
   408.55981383159337     
   398.70214435613059     
   389.20702691487958     
   380.06730683846376     
   371.38739182991418     
   362.58990811234219     
   353.94355720980064     
   345.32969820555633     
   336.72760808460725     
   328.82051506797768     
   321.07131199032216     
   313.85885985094438     
   306.76057782457536     
   299.96405320888175     
   292.96894707512229     
   286.37110817863436     
   279.63812805462192     
   273.35117211817015     
   267.71669873034750     
   261.96506823918321     
   256.20931464921620     
   250.67267694493452     
   245.17963351073138     
   239.81655365166105     
   234.64480008068341     
   229.78509493982068     
   224.90484332715008     
   220.30109429468325     
   215.64787647485375     
   211.09755850925475     
   206.73637243263045     
   202.58538826058114     
   198.47996815683564     
   194.39390351644420     
   190.37607702492303     
   186.45773261479428     
   182.64043376365123     
   178.98633644202286     
   175.49412325360842     
   172.13851210952379     
   168.86820514560429     
   165.68494661657803     
   162.51316302302297     
   159.34953531317942     
   156.25839667374180     
   153.33816587470784     
   150.44577324512821     
   147.61401650296003     
   144.77177337025910     
   142.02266018344852     
   139.35555478083518     
   136.71794859468304     
   134.22613373776238     
   131.72072589442732     
   129.21622344871224     
   126.81529687131066     
   124.43141493857048     
   122.13126790280219     
   119.89118939361387     
   117.67191853829470     
   115.43404809853639     
   113.24416373321841     
   111.14081776285440     
   109.09860109341312     
   107.10959287796425     
   105.16164356644228     
   944.96990170067397     
   922.01225695663891     
   901.50461436528099     
   880.18501495858641     
   858.19799869515612     
   835.97883998138104     
   818.59036835338020     
   799.62137122629917     
   779.88851033257481     
   762.29397326316143     
   743.65794774530434     
   725.26970685639174     
   708.01213082029301     
   691.56275228384482     
   675.76024597552930     
   659.13386640512647     
   644.05082859845891     
   628.54918061571789     
   612.51209061589441     
   598.47236027690633     
   583.83851007349494     
   570.22512812197442     
   555.16751759543899     
   541.57230954762019     
   527.35774864112648     
   514.79222220786426     
   501.85424151241313     
   488.09069197359952     
   475.88864710426526     
   464.04116596829243     
   452.14139574910143     
   441.48206832941571     
   431.05075062731919     
   420.67943210604909     
   410.60506289201311     
   400.05666970869572     
   389.96616550491103     
   380.90818282057501     
   371.61336474471125     
   362.69130395198249     
   353.56566510670092     
   345.24889128210464     
   337.42864671422643     
   329.33202176493830     
   321.31210946272847     
   314.00427944548176     
   306.77197400711492     
   299.51292773601796     
   292.89521665140899     
   286.43453282817075     
   280.03411018631778     
   273.88470381721135     
   267.73323958478591     
   261.28236945496178     
   255.43422355968150     
   249.93412195581203     
   244.88343443492585     
   239.85894829255744     
   234.99601184525301     
   229.92809712310685     
   225.25580795006954     
   220.54401217987805     
   215.98462152799760     
   211.56436644953195     
   207.29047492536895     
   203.00347100686270     
   198.83429830046771     
   194.97795142805299     
   191.17129721177889     
   187.24970285851174     
   183.61052543927747     
   180.06830368793220     
   176.50220119467528     
   172.99761342341134     
   169.67300481410115     
   166.34664532915303     
   163.17966494538734     
   160.08856270968809     
   156.94236384890235     
   153.89777593382001     
   150.91272499464893     
   147.98305703705898     
   145.10730845012188     
   142.39526489109477     
   139.68049533148854     
   137.03850143946269     
   134.38390627129439     
   131.82736784162276     
   129.36449327671144     
   126.94644622341356     
   124.57265540556475     
   122.22523156336862     
   119.91275904556120     
   117.68683403018295     
   115.51020620062899     
   113.37383264393142     
   111.29776871598281     
   109.23583672123937     
   107.22396168963931     
   105.27424009897511     
   949.08592495266635     
   923.57770300596337     
   901.31042120013763     
   879.09530789036364     
   855.98752997266956     
   837.41970565636507     
   817.32962461993156     
   799.59833751927226     
   781.33448533970625     
   762.79160570432725     
   745.92797382223375     
   726.87501291083152     
   710.15259774319350     
   691.40821291471457     
   674.36097160343593     
   658.52226599556388     
   643.73983863680849     
   629.07233258249857     
   614.54743736584248     
   599.10961560623264     
   585.28569329325751     
   569.87714419139456     
   556.50412665936540     
   543.03267105862687     
   529.78319665994093     
   517.30082140856598     
   504.30083805600168     
   491.41944799169096     
   478.85283957078514     
   466.97566794445549     
   454.61741868633862     
   442.67979538043397     
   430.32501452335248     
   419.26298613731603     
   408.63845664256388     
   398.83282976082580     
   389.56128979567620     
   379.46775082115130     
   370.40654038387697     
   361.94416736142028     
   354.05900906889303     
   346.01381285653895     
   337.15964298616257     
   328.84213118793571     
   321.35447670008023     
   313.83166481471784     
   306.86694074555692     
   299.95265028474421     
   293.12476115818095     
   286.63540186741244     
   280.30653596454914     
   273.99257096278029     
   267.75522216522194     
   262.04660777786847     
   256.46056905521328     
   250.65761680667651     
   245.07724009568904     
   239.41099796836269     
   233.89097505866397     
   229.09885661465276     
   224.44691946741781     
   219.80928440617220     
   215.24197199844656     
   210.64593311169708     
   206.22093436060845     
   202.03293844320757     
   197.97015186089106     
   193.94417129588422     
   189.91662503354496     
   186.22716167304077     
   182.53418833424382     
   178.92411923720542     
   175.39768306915030     
   171.93037269797298     
   168.51317536408860     
   165.20359282768555     
   161.90006193942469     
   158.75463703606789     
   155.75518475259162     
   152.80167333864915     
   149.84869961405386     
   146.94951003719896     
   144.18419350538153     
   141.46581342359156     
   138.82226993465628     
   136.13697145445005     
   133.62690435881680     
   131.11857194644890     
   128.56488302594613     
   126.16179287652328     
   123.83237511249699     
   121.56106501836844     
   119.36761259544976     
   117.13946630834917     
   114.98352623607127     
   112.90118540910674     
   110.84675137191441     
   108.83265166069353     
   106.86526204294717     
   104.95057534750541     
   948.57864182548519     
   926.91006692980250     
   904.70414501381242     
   881.71600539573660     
   860.68046073811888     
   842.05896079330535     
   823.05392710887827     
   801.76069502091707     
   782.97339646760042     
   765.77554910599565     
   747.39287091908602     
   727.98445034051531     
   711.57108131884445     
   694.61173174260023     
   679.26215650291761     
   663.00726743377788     
   646.29089391616674     
   629.61446769895474     
   613.88436466320445     
   598.27752196396807     
   583.03375003930978     
   569.14526760322428     
   556.44169251288986     
   543.31651343890019     
   529.47998443990696     
   516.54159173802225     
   503.36937051013876     
   489.65714601770458     
   477.62426373810706     
   466.40511344638105     
   454.92874295607407     
   443.76061045019014     
   433.42235445366697     
   423.00838462425321     
   411.96150493860307     
   402.36095472048959     
   392.40845958178573     
   383.02230655734093     
   373.94887779014948     
   365.14105123794178     
   356.68839802228700     
   347.73675955135991     
   339.21163823975360     
   331.48943244836249     
   323.19492753391012     
   315.32251212567712     
   307.67181486702520     
   300.49632303522071     
   293.63622204439281     
   287.19171244577115     
   280.51462998667250     
   273.98741263339735     
   267.55663407330763     
   261.76079678380131     
   256.01508045820435     
   250.70590645202640     
   245.55391556371683     
   240.39666237793719     
   235.33295416566875     
   230.17757536622173     
   225.36860804357030     
   220.70823353482487     
   216.01771179853358     
   211.68927015465746     
   207.29504248977216     
   203.03707555585535     
   198.92202630348538     
   195.03750145962485     
   191.07367688386549     
   187.07804451184148     
   183.38224297611660     
   179.70076202474320     
   176.25114621593275     
   172.80103230496223     
   169.52493076820605     
   166.18476242230875     
   163.06211048212964     
   159.84647175436993     
   156.69240018494796     
   153.63795173520930     
   150.61516557312868     
   147.66466840778446     
   144.84597978254001     
   142.03178277560508     
   139.27230820663547     
   136.68449225891763     
   134.04644435876222     
   131.50219014500394     
   129.02961477938214     
   126.65082284472049     
   124.28397588320772     
   121.98284748627898     
   119.70279632441589     
   117.48264967109112     
   115.28337050542984     
   113.12496466075820     
   111.01040308580579     
   109.00038654001014     
   106.99011259671589     
   104.97988843136849     
   955.96259773982251     
   932.43822230276464     
   908.53571362236903     
   883.81420958213073     
   866.89705492948428     
   844.83385496269113     
   822.79959802679343     
   803.42497422178553     
   783.14325248712566     
   762.51954813423993     
   745.35290537759442     
   729.49454265474924     
   714.53133445996480     
   697.79132074363929     
   678.70111696898857     
   661.47275322646180     
   647.58281283382212     
   631.52725774217322     
   615.19346345890153     
   599.59784202509297     
   585.23431920812084     
   570.87896909561721     
   556.17654134829036     
   541.55215046901583     
   529.07660515489772     
   514.76603548368962     
   501.64315273547379     
   489.83298805244203     
   478.63229768912527     
   465.97194424491119     
   455.01035480439430     
   444.52685061986097     
   432.87908113391421     
   422.80782642837596     
   412.82586540220245     
   402.23069788032944     
   391.88419302782438     
   382.11738050166275     
   372.63240113248844     
   362.38883420189194     
   352.33308980260557     
   343.84021100008988     
   335.58346003558472     
   327.89870575570529     
   320.39244667586644     
   312.82722742921055     
   305.75041735217303     
   298.70139646859741     
   292.02162183263749     
   285.34003868226188     
   278.82359712877962     
   272.72100336158104     
   267.05997475875608     
   261.18420606978316     
   255.35365438131961     
   249.73768083028426     
   244.17746114227054     
   238.96388952612384     
   233.94570920378780     
   228.99177043869810     
   224.13467396818859     
   219.46370327175288     
   214.95850881878357     
   210.46569528209594     
   206.17464528282321     
   202.03228730241426     
   197.91704943833631     
   193.79614504869738     
   189.87717786646277     
   186.19019320810560     
   182.56893234911212     
   178.79439037022985     
   175.17063152421218     
   171.74048470001219     
   168.35564308492496     
   165.09614928940320     
   161.85682994141220     
   158.70745408395396     
   155.68251543540370     
   152.71650693614092     
   149.86541041992228     
   147.04961714049679     
   144.27910538258564     
   141.54730157305210     
   138.89016607537704     
   136.33486687085824     
   133.83305241359267     
   131.29089326059616     
   128.86172626368142     
   126.38999963571808     
   123.98823515837607     
   121.65797154265324     
   119.40040689592462     
   117.14810099630120     
   114.94040746802403     
   112.79398618588701     
   110.70130071590295     
   108.60004212222192     
   106.62722577253295     
   104.68888659440653     
   949.81496816351068     
   926.07085272975655     
   908.58762529228102     
   889.45191116128944     
   863.72499907937799     
   844.13205985260106     
   826.39927441325051     
   806.45667729989486     
   785.90829783335289     
   767.31988938178063     
   746.81124116686783     
   728.82333489889356     
   709.32032839713474     
   691.88944132627148     
   676.42306263685930     
   659.39030682015073     
   642.97917025851007     
   626.96346714852837     
   612.70435990334408     
   597.85193494007945     
   583.51009632802368     
   570.00064464556306     
   554.64059676617558     
   541.00380330610346     
   528.29707558843234     
   515.27107919712466     
   503.01570703084479     
   490.86709351499633     
   478.70418478814372     
   466.56519196688561     
   454.61988674491533     
   442.26179644605389     
   430.77217390297972     
   420.14584034313430     
   409.49600036291383     
   398.58140867213888     
   389.19753840958600     
   379.62501646337358     
   369.92984700960045     
   361.69371784354553     
   353.69064561136935     
   345.88198262104970     
   337.59312175623825     
   329.74812240186520     
   321.91571192399465     
   314.90627451222622     
   307.45029010992630     
   300.31488464642825     
   293.31519731142527     
   286.22422499189673     
   279.59488370689087     
   273.46013678141315     
   267.06635012287848     
   261.06405895125147     
   255.40259947768243     
   249.87323847953047     
   244.41044854568247     
   239.45066982464570     
   234.18012461597871     
   229.00589271811995     
   224.16127714716998     
   219.41022061160157     
   214.96508824326418     
   210.74098980607283     
   206.34605769205837     
   202.01810681520121     
   197.95802457513946     
   193.95966523856106     
   190.04403169628461     
   186.20838696269936     
   182.57856295060500     
   179.05512277101900     
   175.51718304275161     
   172.07674409429055     
   168.66581792538753     
   165.42164610724907     
   162.17014179169260     
   159.05178613113361     
   155.96321969540836     
   152.91406636271057     
   149.97232986154421     
   147.07054201309134     
   144.26914808794410     
   141.53859455805639     
   138.83010630812331     
   136.13312664363266     
   133.50568305809998     
   130.96004791016452     
   128.52760723457021     
   126.18918685635524     
   123.81120581565528     
   121.47150112546343     
   119.21689094470631     
   117.07426379355775     
   114.91120438009457     
   112.82428276715285     
   110.76752294655712     
   108.73675298186981     
   106.69904937317574     
   104.72882544608052     
   957.39611413414582     
   931.98586352071470     
   909.66951770280571     
   885.37207471503245     
   866.99882625351358     
   844.43595072484732     
   822.97899877489260     
   804.42553866782725     
   787.81954824700028     
   768.72265157995446     
   749.89068395730601     
   730.50655555551918     
   712.43869833390045     
   694.28790345277844     
   675.69699855037936     
   658.59455876246352     
   644.23245536469915     
   627.68932893539875     
   611.05897022251816     
   596.46720305977328     
   581.23586176150366     
   568.35419960374884     
   554.95130213811387     
   542.12047098414587     
   527.64226831032045     
   513.25271670401742     
   500.01175487585596     
   486.34984283717756     
   473.36480662251762     
   462.01774923178277     
   451.32817778139503     
   439.67298975375689     
   428.75852558064798     
   418.47894265616543     
   408.27567186742652     
   399.07643671799599     
   389.28583357424503     
   380.15758945567165     
   371.40805454811016     
   362.63163498041882     
   354.26590480766839     
   345.46707218192466     
   337.27834600842255     
   329.07430596797207     
   320.92469859818254     
   313.10820499078102     
   306.09737367735261     
   299.11248876292939     
   292.59977716286608     
   286.23622559904459     
   280.07193740926181     
   273.80482978031324     
   267.93955183453863     
   262.05205358146725     
   256.55902237850660     
   250.91994147738794     
   245.64402193777619     
   240.16062902741217     
   235.06749735950675     
   230.12605185373059     
   225.44777119568289     
   220.49830344721590     
   215.76553194082882     
   211.19986059250442     
   206.92083950738692     
   202.70774366283013     
   198.48005525998377     
   194.37060879911922     
   190.44424438394836     
   186.71958215645890     
   182.82052491720231     
   179.13229096519734     
   175.63907580989434     
   172.16827523827686     
   168.83836794565238     
   165.54063286469281     
   162.39544130276229     
   159.20233990587641     
   156.13862839938372     
   153.16138912962407     
   150.27880372477648     
   147.41975384373552     
   144.60320667563377     
   141.82341455470907     
   139.10389574591676     
   136.42811320752404     
   133.84959603634420     
   131.37109478689226     
   128.89279860616932     
   126.44415059959206     
   124.07918515779281     
   121.77081306810005     
   119.49375879164934     
   117.18844031346312     
   115.03492931185771     
   112.90890284646474     
   110.83196474318459     
   108.82389198016624     
   106.84870755561744     
   104.86439438992417     
   958.08049111217076     
   935.34337859916718     
   909.56478856581089     
   891.36668482029154     
   869.59215222571436     
   850.48131196504869     
   832.25568500683426     
   811.65949150121105     
   789.82737965888987     
   768.01981915312638     
   749.59072555374848     
   730.62888313834969     
   712.43288478045736     
   693.72319211038132     
   676.71827075513988     
   658.82001454945532     
   642.02899625010730     
   626.54113561782424     
   611.01689333256581     
   596.73016034995999     
   581.67774553628260     
   565.37832299766774     
   550.18493063841652     
   534.85728405857844     
   522.13985083183809     
   510.96106322203548     
   499.06023999538138     
   487.65693310389031     
   475.67233687992382     
   464.61848129441853     
   452.91241739422833     
   442.55718551083868     
   431.76099987393786     
   421.26419334704019     
   410.89765521797779     
   400.38465177237606     
   390.55999604693369     
   381.48789522901359     
   372.43675671120019     
   362.79042022661895     
   353.70538976755455     
   345.14967879162077     
   337.16186807228019     
   329.28146355606907     
   321.83685332652351     
   314.69226412536329     
   306.78236164716208     
   299.72413946358745     
   293.06106134040033     
   286.13284464325005     
   279.40039633961942     
   273.20769003380650     
   266.96363818673495     
   261.13312859653644     
   255.32064985368649     
   249.71892243334258     
   244.30050500172990     
   239.14516667743885     
   234.03593234880907     
   229.17646558484591     
   224.49232454624965     
   219.80806817157691     
   215.14709314595842     
   210.82892768077005     
   206.35033130553489     
   202.20915033483715     
   198.25641766133620     
   194.43005452431578     
   190.48402797011829     
   186.63303424348439     
   182.92290320163235     
   179.27816637278366     
   175.84681336027401     
   172.36069552705280     
   168.94104388758535     
   165.60291223704684     
   162.27004967984243     
   159.02898212728550     
   155.95798190916054     
   152.92294797439604     
   149.99906216242849     
   147.07040985386075     
   144.25061815183298     
   141.53579454326373     
   138.87515293360161     
   136.34163504100368     
   133.83928642556975     
   131.31966045653533     
   128.86888834752884     
   126.43098814368201     
   124.04603252908967     
   121.76347632370704     
   119.47208689217409     
   117.24822830584475     
   115.00469580274739     
   112.83429744968261     
   110.76044621778630     
   108.74831518445700     
   106.74274774554840     
   104.79075738660337     
   963.20693453197930     
   941.53769082245435     
   920.34634342651827     
   891.79103873495694     
   871.25332530015680     
   851.76584160454922     
   829.97569892910030     
   807.76402097374046     
   788.19448068109250     
   769.24818548294468     
   749.61695195733080     
   731.09109092057179     
   711.01644893852676     
   692.31336224721144     
   674.31188553372317     
   657.71423097769730     
   639.89972638675476     
   624.36667621962783     
   608.96351607413953     
   593.71079204441639     
   580.07433523252269     
   564.34694785128511     
   552.01136401870212     
   538.60225045459345     
   525.35561340276911     
   511.24444111287232     
   498.28282454978762     
   486.77310417296644     
   474.60580615961806     
   463.29457809148380     
   451.83272128926160     
   439.92003734567220     
   428.81680559930851     
   418.14983292396937     
   407.39901709905973     
   398.01448753014404     
   388.33916003630446     
   378.77442463320745     
   369.46745500498974     
   361.14621472235956     
   352.52070986647425     
   343.81467967654396     
   335.57156821002440     
   327.58692220534260     
   319.60336815015285     
   311.56320518815494     
   304.88093695191770     
   298.13745568175682     
   291.40849248250851     
   285.03206817116688     
   278.80193129575980     
   272.48233487285808     
   266.57684245387509     
   260.70818755402695     
   254.94500046024450     
   249.48414501079341     
   243.86181855528747     
   238.93282070409197     
   233.67112066361122     
   228.81365986163064     
   223.92780709996109     
   219.46809224279502     
   215.06674875576601     
   210.53256549634048     
   206.22394751697308     
   201.88185736854695     
   197.71401482323478     
   193.59275167245312     
   189.69843599334263     
   185.93587465640823     
   182.29225471452884     
   178.77456705151789     
   175.31653354945323     
   171.87714922159395     
   168.47249795844573     
   165.14656545203749     
   161.94775817861412     
   158.86306808501124     
   155.79782232243107     
   152.83171041055994     
   149.86642274726060     
   147.09098037787589     
   144.25159830387918     
   141.45075597688614     
   138.79585744448121     
   136.22473839725612     
   133.61719035539127     
   131.01392601269998     
   128.52287982441885     
   126.04038916682879     
   123.70267309032285     
   121.42155186281286     
   119.13580713386834     
   116.93831839428159     
   114.79274661289398     
   112.68697943014845     
   110.58681727129597     
   108.53137283481163     
   106.54457167451650     
   104.57195957973119     
   964.82867293247671     
   941.96202837605756     
   919.54572081402239     
   900.87193030580397     
   876.94951356526371     
   855.87679917156686     
   832.48698395561144     
   810.16790808230144     
   790.84311455528211     
   767.77561643966362     
   749.81935359914155     
   729.74533839402795     
   710.15984868496764     
   690.78620885809596     
   673.40103920324736     
   658.00269988717048     
   642.65059132210786     
   625.88094748540925     
   608.53748521926855     
   593.31142644713020     
   579.33538578814637     
   565.30061758182296     
   550.72063223744419     
   537.79250736927702     
   524.13179105264021     
   511.44946174709713     
   498.41219791906030     
   484.83109349406482     
   471.94718801405514     
   460.21169509702952     
   448.01982653856214     
   437.16701729630012     
   426.31627701094533     
   415.70077807504640     
   405.25246523435652     
   395.61139988114127     
   385.66112092672751     
   375.96695629876467     
   366.61217291366341     
   357.74504395908684     
   349.40922939708946     
   341.92472829618822     
   334.06223177383669     
   326.18516530294312     
   318.68858423524335     
   311.67702130638565     
   304.24407830133475     
   296.78339169660643     
   289.34922755706975     
   283.01347027884219     
   276.66541485409573     
   270.43369335496652     
   264.01443923293687     
   258.30755635534535     
   252.69491982402255     
   247.62596220791730     
   242.45234888480445     
   237.15097451305678     
   232.10981638010881     
   227.21832995167023     
   222.31919283650538     
   217.68105491587079     
   213.27682479615612     
   208.85209319612090     
   204.48693678097823     
   200.47940682049446     
   196.64645100750874     
   192.73284762728403     
   188.83190086309196     
   185.09725009532667     
   181.32609482597633     
   177.68684307320808     
   174.10635914050317     
   170.71919116803159     
   167.32779952054233     
   164.16074196094399     
   160.97024205141744     
   157.82593713035220     
   154.76121153672011     
   151.72563042897136     
   148.93101331270503     
   146.14871915991614     
   143.32277942032906     
   140.55476081134159     
   137.87930026396035     
   135.19448279877474     
   132.64060591705146     
   130.16720201961229     
   127.72112789967242     
   125.38385505700353     
   123.02644930501540     
   120.73461498452312     
   118.52420525842761     
   116.30122422215676     
   114.15863155914776     
   112.04588093111192     
   109.99974629086729     
   107.97149794247507     
   105.94696618384086     
   103.99520939060807     
   964.61417849401084     
   942.45265571191624     
   920.36171944826572     
   895.66048960435398     
   875.28455145367650     
   851.97258674082673     
   831.03737209442340     
   810.64718970415515     
   786.73492492039691     
   766.40737459599279     
   748.13581168306905     
   728.37479901120548     
   709.87211038598343     
   693.34331626492542     
   675.44444152798269     
   656.25785865868261     
   639.60100312392285     
   622.43840868464997     
   607.59091405354945     
   592.38563937559218     
   576.07693644201925     
   561.13227526339028     
   547.41109033042244     
   532.29377870639564     
   518.77796272627609     
   505.75138353222474     
   493.72196439223364     
   480.04082155100514     
   468.67275222870649     
   456.59124363027428     
   445.07324832804647     
   433.65436268916829     
   423.42236924008472     
   412.74224039515622     
   402.98435287993846     
   393.65862719472671     
   384.59418782887019     
   375.70426758412952     
   366.76705687692709     
   357.78319911147150     
   348.80766129392259     
   340.61327462695016     
   332.37973653255443     
   324.37164056788959     
   316.41987311631942     
   309.68608157658309     
   302.69910571118976     
   295.98541784624922     
   289.55664154283716     
   282.93578124333646     
   276.44821197888905     
   270.49986915282039     
   264.76942458063002     
   259.00874360632258     
   253.41179556674729     
   247.65645045967219     
   242.22724593393826     
   236.89318981241991     
   231.70627000846827     
   226.79148131928940     
   222.06991552437012     
   217.37402107202985     
   212.95333108078955     
   208.55514923067136     
   204.37821939579828     
   200.21912280911030     
   195.94528421691666     
   192.10626033241076     
   188.29008122620843     
   184.48840428360387     
   180.85918907558582     
   177.20134275190003     
   173.69281267275196     
   170.19809170514893     
   166.89101593630528     
   163.66981044078727     
   160.54002815744482     
   157.56633771979290     
   154.67640189586945     
   151.73490917576873     
   148.78654035450893     
   145.96781379634410     
   143.21958299659636     
   140.54768685048364     
   137.80473337779551     
   135.19941380672333     
   132.76526263530403     
   130.28079854670767     
   127.85716426876738     
   125.45334284323422     
   123.17654151956704     
   120.84340946216163     
   118.53530957341997     
   116.38489208988670     
   114.17548221608340     
   112.06877187964588     
   110.00612420769853     
   108.02707701438048     
   106.08791282862302     
   104.14060414665110     
   964.34560064315963     
   942.31539658644056     
   918.63530169198748     
   897.28428548399893     
   874.28604812437720     
   851.38702432885088     
   828.54928915645280     
   805.12566151748683     
   784.43655063457300     
   767.28430284338447     
   746.51148281783321     
   726.80340557050556     
   708.49466496105629     
   687.52902586589198     
   671.56131817597327     
   653.96324164556893     
   636.30927154578842     
   619.04430981688461     
   604.44560197660792     
   588.22553748539133     
   572.51865566525316     
   557.05671718771964     
   542.75087662226633     
   529.53418443866019     
   515.52946546662793     
   503.18262797180893     
   490.27229512918228     
   479.15987313681694     
   466.96057803263557     
   456.64505828904191     
   446.13612480689142     
   434.68434388214348     
   424.13733968975259     
   413.22973382636258     
   403.14884607533855     
   392.89361822602916     
   383.11981535110584     
   374.22473628268256     
   365.00613966220823     
   355.89530548470350     
   347.57723077184039     
   339.08069199380020     
   331.09176278533272     
   323.61827383659528     
   316.65413716220064     
   308.94038649800535     
   301.68365973524089     
   294.59526999618907     
   288.07817490830757     
   281.62012163844940     
   275.07572854318158     
   269.17296925479508     
   263.14642036566084     
   257.37919759683723     
   251.85475265938231     
   246.55090928435308     
   241.28344252923122     
   236.43365969820400     
   231.65562673516496     
   227.02359117398171     
   222.41466258555505     
   217.77420438523021     
   213.44814514342261     
   208.87513404229631     
   204.56390077133040     
   200.30771085907872     
   196.22671595141998     
   192.20047232932205     
   188.36050402609294     
   184.73355758159724     
   180.98133336576285     
   177.37963258276650     
   173.99995073307002     
   170.64689828568081     
   167.30842092201317     
   164.01448169517349     
   160.70524098522674     
   157.50321779575660     
   154.40096588806972     
   151.35506077531005     
   148.33642542156690     
   145.51382758511727     
   142.75335400389500     
   140.07917496569144     
   137.47281437120648     
   134.85061413278848     
   132.27073405673951     
   129.85358214521526     
   127.41470365371876     
   125.09428263211045     
   122.73437903822436     
   120.43847373189220     
   118.24920549165748     
   116.02999730508165     
   113.86359954200265     
   111.72363406376056     
   109.59308495569623     
   107.55367520905881     
   105.54823068193838     
   103.63752664353090     
   967.21992648110859     
   944.02882633963532     
   919.84846389920415     
   895.92797913296135     
   875.92503512793678     
   852.91903167671444     
   830.59856159504454     
   808.58915391438768     
   785.43274504301985     
   765.11143174761014     
   744.32280053262070     
   722.92513743751010     
   703.51079387959305     
   685.95062970047957     
   667.75331910319574     
   650.35329337397513     
   635.00900540498947     
   621.88927964927404     
   603.91508238857125     
   587.40504168230621     
   572.18050523043166     
   557.94646888398927     
   542.50243813617658     
   529.28091142938706     
   515.89183149335440     
   500.94693087891676     
   488.40128721750114     
   475.76059329049031     
   464.43489691994472     
   452.74780492046744     
   441.67227673955085     
   431.14683974874816     
   420.59841387978264     
   410.49028935932739     
   400.12399004265393     
   390.73604370530597     
   380.73021085212986     
   370.75183830826262     
   361.77834770866775     
   353.64206827368741     
   345.47761363485915     
   337.15225225513211     
   329.47061624474009     
   321.71767499876808     
   314.22424308212629     
   307.11315380178928     
   300.36254099570419     
   293.82921260523676     
   287.58795602861591     
   281.37029028285406     
   275.03759314963708     
   269.63799025312750     
   264.13780420648033     
   258.42554992026629     
   252.54765213492266     
   247.16606797281636     
   241.91153753409500     
   236.61388208970229     
   231.40120619516668     
   226.36849208457386     
   221.34587418337298     
   216.88576953156786     
   212.25033164584249     
   207.84579765784721     
   203.57275592027182     
   199.21570074152129     
   195.20407670295913     
   191.31864654222599     
   187.58113243941028     
   183.89651132962084     
   180.28703023531023     
   176.73197101437142     
   173.25930992713324     
   169.94024272749550     
   166.56767507199643     
   163.27952166211747     
   160.17418679994492     
   157.10438993859628     
   154.01759680217287     
   151.06271433629530     
   148.22476163359178     
   145.36817850695260     
   142.62221322571997     
   139.85445287675839     
   137.17692324786182     
   134.69447130580599     
   132.17553210603373     
   129.65596932053168     
   127.18353819500896     
   124.79880463571774     
   122.49280458312552     
   120.21127074864606     
   118.04706113479475     
   115.88088980605083     
   113.72573747264018     
   111.65392233776279     
   109.65963274269842     
   107.62169229455070     
   105.65792339088175     
   103.73021755868498     
   973.06586126986690     
   945.66429594210399     
   921.36308034827971     
   895.62928427887846     
   870.74040314807701     
   848.16884550311295     
   826.09421878770161     
   805.10049641592752     
   782.61253159797388     
   760.19469144214713     
   738.32055694015628     
   722.45199609670885     
   702.19939923492052     
   684.68313951647269     
   665.45045417524454     
   647.24350413566731     
   629.06076104814952     
   611.65475971783894     
   598.77794912627826     
   585.43918161590022     
   570.61097264473426     
   554.63081593351922     
   539.95771063704717     
   526.59536891657535     
   514.03994133170204     
   502.16364569416544     
   489.83136479209668     
   476.63090700715145     
   463.70491171989067     
   451.21746699554365     
   440.39031712495751     
   428.52948639397505     
   417.03414695714343     
   407.03643478850381     
   397.46354768146239     
   387.97022475482248     
   378.85661272073423     
   369.76201547455162     
   360.57329786626485     
   351.63855890318882     
   342.93470262388388     
   335.00967970380134     
   327.09174453802893     
   319.57255686919734     
   312.28824950855102     
   305.03618048999778     
   298.12843036741924     
   291.04862405275964     
   284.89124561235911     
   278.32967519768835     
   272.35243606619565     
   265.82006860479828     
   259.73977716992948     
   253.85496056664522     
   248.46175093341355     
   243.18729279536549     
   238.04785000865911     
   232.94733780047289     
   227.97770047178724     
   223.39038062491224     
   218.62513438627440     
   214.30595247276264     
   210.12728966692606     
   205.62925447992217     
   201.24911216395765     
   197.16910555440776     
   193.31561774024209     
   189.67404003434399     
   186.05805368980072     
   182.20804121113403     
   178.59479011187537     
   175.19382307436115     
   171.79148551404401     
   168.40910570422315     
   165.10507000458566     
   161.90655717428496     
   158.78195334043056     
   155.66849558976290     
   152.71607560316247     
   149.81752759892450     
   146.96720117368687     
   144.15578043552063     
   141.39145120705069     
   138.73901734366137     
   136.12750606775003     
   133.45281450723976     
   130.89473237296883     
   128.41781780941452     
   126.04797696987606     
   123.65893336975837     
   121.32889296730033     
   119.05833463043928     
   116.82097957153573     
   114.66196853221103     
   112.57240861718590     
   110.51505934434098     
   108.50515768500654     
   106.50938480423004     
   104.54572144920364     
   102.62762463849609     
   974.34765034005682     
   947.19561673773740     
   916.30439720376171     
   890.96774384180310     
   866.45608272247091     
   844.81758993122708     
   820.77841288357661     
   798.95588696459299     
   775.98184134382007     
   756.39903286440699     
   735.43561236625260     
   714.10861542244197     
   696.76773339865622     
   680.63825850070623     
   660.51903554775811     
   643.92414020439162     
   625.88672400158180     
   610.18346559076292     
   594.56487067862759     
   577.80378526499021     
   563.82773323920867     
   550.71128535546632     
   538.44430063173866     
   525.52668031760550     
   510.33716636030823     
   496.69952883132532     
   483.50802053012387     
   470.29214258940993     
   459.71536840976762     
   447.60681839948654     
   437.65129845986382     
   426.29794131764271     
   416.20325336526577     
   405.22932767331702     
   395.89704823324462     
   385.83871293057859     
   376.72007291261923     
   368.02960132371231     
   359.84902323520049     
   351.58366939957716     
   343.38820781372175     
   335.55803725511925     
   327.77702132789648     
   320.05286794547487     
   312.66843447353745     
   305.42148848411034     
   298.34717205910226     
   291.13382715830926     
   284.07161063032123     
   277.63919989271034     
   271.14180196328209     
   265.01706934321521     
   259.10979272243264     
   253.39917369403895     
   247.67291043282532     
   242.40814415654503     
   237.02736493409787     
   232.20293484845695     
   227.32440657946742     
   222.36367603505659     
   217.68597237156246     
   212.95975345877770     
   208.48180080800074     
   204.47751590842569     
   200.49015600147635     
   196.53021225562210     
   192.41085404537628     
   188.47035661300401     
   184.54156736531408     
   180.76765568370826     
   177.09099778926117     
   173.53634889973711     
   170.12278610732236     
   166.74283267619356     
   163.50410109816221     
   160.49357108242933     
   157.46442249715892     
   154.47067877507629     
   151.42329145442363     
   148.63704018451995     
   145.82145119830949     
   143.03441803904974     
   140.31631391468784     
   137.64386056079587     
   135.02727643504727     
   132.46658297165641     
   130.00749920067693     
   127.55299794505909     
   125.13092866780785     
   122.80005593738548     
   120.50337632890498     
   118.22887276060742     
   116.01357773672828     
   113.84922698700116     
   111.74191459819266     
   109.67699084743099     
   107.63624070294125     
   105.66217304939580     
   103.73442064032598     
   101.84646612759410     
   972.24191788476833     
   948.70470481839629     
   920.63111936895575     
   894.88422392763437     
   868.61767655329868     
   841.60629175377176     
   816.96725139100886     
   795.63925498522713     
   775.35188739218438     
   755.66907613443868     
   733.83497601536078     
   714.30869840475646     
   695.80859949124783     
   673.27733291164384     
   656.94996816005801     
   641.30831964348931     
   627.79126430564497     
   611.00591077444562     
   593.32144920332644     
   576.61677280218339     
   561.30928962479948     
   547.50521055302113     
   532.88959456612918     
   519.06252169505444     
   507.12675035405630     
   495.01969877787320     
   481.95457210224856     
   469.47298618027844     
   457.43743928587418     
   446.81409678942595     
   435.61432380758231     
   425.12356856572137     
   414.94219463966328     
   404.33828228243840     
   395.06173202374436     
   386.12566242399976     
   375.84726387297678     
   365.63551701193876     
   356.15926792026016     
   346.82930532645776     
   338.48577269871646     
   331.19039702905764     
   323.76539973939475     
   315.67326012260196     
   308.47962952017588     
   301.32973041181020     
   294.29138671562310     
   288.03077734988142     
   281.97970930379995     
   275.84659286089925     
   269.38411429822611     
   263.99015162679609     
   258.06181597666921     
   252.35773011503491     
   247.23607659304201     
   242.06855582072973     
   236.76090671248426     
   231.79728521651515     
   226.98610824660915     
   222.46698508099530     
   217.79898238284676     
   213.12212190262392     
   208.77660304982265     
   204.41092596720821     
   200.24252138567991     
   196.18170696219138     
   192.45317710478071     
   188.80508495515542     
   185.11677137006168     
   181.44665679996533     
   177.81029794142634     
   174.36966562920514     
   171.16399946659135     
   167.76491096886497     
   164.44954312179189     
   161.09794316078444     
   157.95273043284976     
   154.86869154656551     
   151.89771387276969     
   148.83836538362269     
   145.99289856746569     
   143.23239638453819     
   140.50561089123357     
   137.90389019073763     
   135.28795092594567     
   132.80348873327216     
   130.37312842508209     
   127.93940101024418     
   125.54743844855622     
   123.28832265140223     
   121.03526837640358     
   118.78464415843175     
   116.61181970582089     
   114.42906420764267     
   112.23979685146180     
   110.12389245389173     
   108.09903261853032     
   106.11850819121861     
   104.19895202103363     
   102.29117981387844     
   975.13757800516305     
   946.08155706685875     
   921.94667442509717     
   892.85039240825245     
   865.20026291939962     
   843.10270282995839     
   818.90517045361014     
   795.24475483494291     
   769.48837587348203     
   750.75018592016772     
   734.00792112901934     
   712.75964912385803     
   693.89264425942997     
   677.50904614121475     
   658.68019528769742     
   640.72044178956651     
   622.36576659790728     
   607.09785798512451     
   593.47254766921367     
   579.02003877890911     
   563.10247021432451     
   546.31531851051216     
   532.62670642349735     
   519.53163158053815     
   506.59872085660635     
   494.08810839790118     
   483.51811215546093     
   473.29089179420907     
   462.91121247915811     
   451.65571416181024     
   439.10626556107081     
   427.38562067695625     
   415.72527052219840     
   404.35852386763878     
   393.74218968940875     
   383.77892869915769     
   374.70090434653400     
   365.54325411788801     
   356.89332873907063     
   347.81275750669005     
   338.65246104672485     
   329.99686221587393     
   322.19587572757359     
   314.55323585315779     
   307.53856285828635     
   300.85689833446804     
   294.28328264154436     
   287.50660821829007     
   281.09863401831456     
   274.66869655856493     
   269.15712512114089     
   263.37811410016906     
   257.32963208954015     
   251.82841862355207     
   246.45505373068178     
   240.96441877774578     
   235.87662484862568     
   230.97593585769724     
   226.11498739553332     
   221.11170780996378     
   216.79223221372752     
   212.45625288581374     
   208.36200972519026     
   203.98265417038186     
   199.97011141976162     
   195.81941456910369     
   191.85986862570340     
   187.86685185530669     
   184.21026200123109     
   180.62618030636176     
   177.17369306090691     
   173.56196825158327     
   170.05890931212062     
   166.74001412062609     
   163.35936657899654     
   160.25896163878602     
   157.29036171742987     
   154.28389307920685     
   151.33639072094638     
   148.53874895462513     
   145.67176014344372     
   142.97184843483143     
   140.30465234199954     
   137.63404381871072     
   135.07157351189261     
   132.53715564187974     
   130.08376409074566     
   127.60840574825360     
   125.19079206413392     
   122.77929951699360     
   120.49770564738812     
   118.24722622931414     
   116.06456872055317     
   113.92776231289601     
   111.85608674829670     
   109.83711464207641     
   107.80242858044710     
   105.80364426921972     
   103.81163699674642     
   101.90761385749299     
   974.19112680444005     
   948.68893716891239     
   918.45504371673610     
   893.99274517225911     
   868.69171902035396     
   842.09618545733611     
   818.48596062059687     
   793.76294192810985     
   774.54761246973658     
   753.79700783075918     
   732.51935402964443     
   712.04144649006491     
   691.53212009994127     
   672.74691025990603     
   653.81689854651097     
   638.80089778709976     
   622.76335783441777     
   605.39359014543902     
   589.23849311603180     
   574.10755680614125     
   561.00420426724213     
   548.79870987040806     
   535.57138884158280     
   521.40967455713849     
   507.18087640053795     
   493.59552971239407     
   482.12724911747625     
   469.93423386047141     
   457.61482257747616     
   445.41931386978860     
   434.66337939767777     
   424.02356510937858     
   414.39624762228618     
   404.13620786148834     
   394.96075518488755     
   384.28518240265436     
   374.06211454500078     
   364.58922767038598     
   355.82329238294716     
   348.58574806476486     
   340.87577723163804     
   332.02082968466277     
   323.79426937552392     
   316.39313544670654     
   308.96103842334804     
   300.98086652024938     
   294.19952010090537     
   287.18489461220611     
   280.66151270227135     
   274.54163293788355     
   268.59650074295558     
   262.95161979786849     
   257.38356839052710     
   251.99153507678380     
   246.44387982585170     
   241.03389945230620     
   236.20629914214612     
   230.90863574649916     
   225.98412927837884     
   221.14327390534706     
   216.40907042125809     
   212.01515954184066     
   207.50501404124248     
   203.29103399457642     
   199.27179152250710     
   195.25563301833677     
   191.42817443616963     
   187.73710489051774     
   183.98663945743630     
   180.33048576512078     
   176.78755930038787     
   173.43696858932654     
   170.02441375947984     
   166.68461305721678     
   163.55145490197370     
   160.27650776716550     
   157.07986786428688     
   153.92206781407015     
   150.96923127087328     
   148.03860659184568     
   145.20308279802137     
   142.35121635375100     
   139.56578342236571     
   136.84298713626708     
   134.25381357308473     
   131.69374411460862     
   129.31059294545798     
   126.94387893560204     
   124.60159509436596     
   122.29294078039948     
   120.06330224818480     
   117.83464803208726     
   115.62674146442373     
   113.49918933844101     
   111.42547505760308     
   109.33468466994304     
   107.30641691898528     
   105.32966234649399     
   103.41305480428417     
   101.55742997948616     
   980.66419077243222     
   947.20387651574606     
   922.49992179664787     
   894.79102598562463     
   866.56306440539697     
   843.31444901062503     
   815.07007194446032     
   796.26219974530932     
   770.43937723962642     
   748.32707323800003     
   727.28787513055215     
   705.93713034578911     
   688.53579375790105     
   673.20509369658828     
   656.05100454679325     
   639.59408059102213     
   621.99723178786928     
   606.54852234221846     
   589.99645748697708     
   574.86108890002572     
   560.82579227945519     
   546.67267306997962     
   532.17375399601519     
   519.66340621598260     
   506.45821280977788     
   492.43956350274925     
   479.31904247103796     
   466.99673716741029     
   454.02328682037376     
   442.68180737696213     
   430.57167190745645     
   419.48562832095286     
   410.42433874060276     
   401.24782230944783     
   391.26859716912526     
   382.53466469845756     
   372.72332018912232     
   365.15697695718029     
   356.00766369058056     
   346.90420627076327     
   338.32995551963506     
   330.37096701219446     
   322.89024245718588     
   315.16560844591862     
   307.70381396481179     
   300.64779197700739     
   293.90954411286413     
   287.23415811994136     
   280.53495465735909     
   273.79405737077451     
   267.42705673238186     
   261.35001698764302     
   255.70186768257810     
   249.61188218129152     
   243.93415697483968     
   238.87323178769367     
   233.59137080509961     
   228.64192655340642     
   224.32697045975993     
   220.04608707375118     
   215.45391072302832     
   211.15174052341672     
   206.95849118585812     
   202.59131757045373     
   198.37237675305155     
   194.55624961166680     
   190.48765922698345     
   186.45037147078557     
   182.68145628615446     
   179.18763892833047     
   175.68504473579995     
   172.22003936330702     
   168.73037093991081     
   165.56503277304975     
   162.35133495764467     
   159.28417789950117     
   156.28795339123911     
   153.22892673351214     
   150.35436511642072     
   147.51916744409192     
   144.77711310348786     
   142.09401425274376     
   139.54231827217501     
   137.02280129016390     
   134.52006506392320     
   132.01382301522500     
   129.50129420843115     
   127.01104338534174     
   124.57869706780048     
   122.20386183289284     
   119.89289166939432     
   117.71820355327655     
   115.55372349422382     
   113.43769664615837     
   111.37427066554902     
   109.37190346705768     
   107.39088855714516     
   105.44003081895313     
   103.52629786729345     
   101.59106514628623     
   973.79652793996172     
   950.80870222770227     
   920.72775893993878     
   893.36518252501310     
   867.32522527824040     
   841.50967023575333     
   815.74401545531612     
   791.77615248161055     
   768.70913770151606     
   748.72264104531610     
   730.37237926773980     
   709.91929692313533     
   690.07710904201690     
   668.70834552647477     
   651.76515312845743     
   635.45336784894960     
   620.35715942682418     
   605.75226747032843     
   590.57962008679669     
   574.87992186302995     
   559.08974156126942     
   543.50958514463935     
   530.52200536758755     
   515.29054079233345     
   502.31511076574981     
   489.55584820991623     
   477.35188215921886     
   465.19360599955883     
   453.98670729759476     
   442.77973141098539     
   432.09626221141320     
   420.79105466592739     
   410.27737644081981     
   399.34515361447887     
   388.92663188114733     
   379.17854680662543     
   370.13050723751621     
   361.08367891431374     
   352.98841682510516     
   344.88267154688822     
   336.08244241407749     
   328.51430503966947     
   321.19662961846984     
   314.04975854574855     
   307.09381553092305     
   300.31842822227730     
   293.74182945724800     
   287.01499795719798     
   280.31268100025341     
   274.07602499747441     
   268.27418735320771     
   262.56785390891054     
   256.85082666961063     
   251.55357317435781     
   245.97240403752573     
   240.71594779769543     
   235.74378057783008     
   230.86226960116596     
   225.67986193076712     
   221.03094889749559     
   216.21489363145156     
   211.65963600281094     
   207.42210294964599     
   203.25566539974969     
   199.14851123092546     
   195.17085620782447     
   191.31652567108813     
   187.59642149074836     
   183.79090407197981     
   180.05294601294418     
   176.43243090995372     
   173.00144167633312     
   169.76540984485115     
   166.45976876947489     
   163.22890691797124     
   160.03274581284933     
   156.99511187491353     
   153.99063289128063     
   151.02698161364498     
   148.08662901044320     
   145.28501493550607     
   142.50293732827288     
   139.68448205299268     
   136.95797063731229     
   134.29062153779225     
   131.77044941022913     
   129.27013458287712     
   126.82228104244484     
   124.48509336680951     
   122.21320241814337     
   119.97200767553230     
   117.71231987127788     
   115.50951107613042     
   113.35941625661312     
   111.25102500271016     
   109.19903689377196     
   107.18981210222917     
   105.23101647989009     
   103.32426255700862     
   101.46188811256755     
