           1
        3200
           1
   995.32757545160825     
   940.61564954536607     
   897.16850737749462     
   867.05915765400277     
   837.55035014381633     
   815.87889530797838     
   795.29255196233578     
   772.53389544479410     
   753.53938648952430     
   734.20071686127812     
   716.82864075639998     
   698.72031210306079     
   682.42292496910306     
   665.28903531210585     
   648.76463864407208     
   631.80275838230000     
   615.46256623168824     
   600.33773720293289     
   586.17876613834892     
   571.03583432278560     
   556.54372195366886     
   543.54747069602593     
   530.74436151242958     
   518.09008519135693     
   505.12446320104419     
   492.12159541298587     
   478.50233253881254     
   465.02371484426715     
   452.36047866671549     
   439.36475337206178     
   428.20976438597057     
   416.52021587463253     
   406.36146262557412     
   395.50527769442368     
   384.08191004801057     
   374.72675719272149     
   365.30956412420437     
   355.81831130978117     
   346.53633684267248     
   336.74010512692882     
   327.94499793394971     
   319.97405919905583     
   312.19315959757296     
   304.36998851579011     
   296.90470732761850     
   289.51579497886155     
   282.63841590774359     
   276.25407799549953     
   269.68243281590560     
   263.22894837416561     
   257.30956835462376     
   251.27784075598791     
   245.58211915644566     
   240.15670751792442     
   235.08674292622712     
   229.73786060279662     
   224.75384817598606     
   219.71249472856198     
   214.82922756783017     
   210.26213156213166     
   205.48419605763331     
   201.07344908569041     
   196.98543384441143     
   192.71223858860361     
   188.67374649696171     
   184.85194550822976     
   181.06308053591238     
   177.40792019835732     
   173.64443472953798     
   170.12111399650863     
   166.79820714516694     
   163.56697211828831     
   160.37466062671723     
   157.08603297789426     
   153.99668193539028     
   150.92095194474183     
   147.84805477841155     
   145.06582803944789     
   142.32811738733028     
   139.46920483070505     
   136.77301049284105     
   134.17372083366564     
   131.61835448356157     
   129.14599033875720     
   126.71976537499884     
   124.21534181459234     
   121.77052561329339     
   119.49209971845299     
   117.26938582040236     
   115.04582962627202     
   112.86339109288622     
   110.76627056310244     
   108.67224541153168     
   106.63825483925933     
   104.73096497256040     
   102.75339400223579     
   100.82611872850512     
   98.962487331492497     
   97.129807641040529     
   95.338043818172792     
   1012.0057577344037     
   980.44667300980086     
   938.50176671805661     
   899.84027143784579     
   869.90828558591841     
   842.53993311812417     
   818.26934438738374     
   795.03150246460916     
   774.85116474630502     
   753.94281458453770     
   733.70110367391601     
   714.96398814935981     
   695.85797716140257     
   677.23059011583041     
   659.75660365248791     
   643.84034466556170     
   628.52956733706014     
   613.21197366049296     
   598.13757999579150     
   582.67418114194697     
   568.11806702382614     
   553.49765965456163     
   538.26783094787891     
   523.91187446176195     
   509.28737826869116     
   495.28226802395591     
   481.54206265652954     
   468.11261022109625     
   455.54319510007565     
   443.17953205520661     
   431.02771567892836     
   419.10988045479297     
   408.11350161572426     
   395.91149224780122     
   385.46337026203776     
   375.51804664464379     
   365.68754632544415     
   356.35038389899807     
   346.99820424351208     
   337.86944404436099     
   329.47760350121359     
   321.80591592004981     
   313.95423497966755     
   306.32246656070851     
   298.80241089822425     
   291.00418120061323     
   284.40438994957708     
   277.17189356987524     
   270.31088672110684     
   264.21779687606295     
   258.10229977610481     
   252.17643533688241     
   246.50052416732382     
   240.63583142505624     
   235.31479032727302     
   230.14080173178161     
   225.54288255545481     
   220.38688824530203     
   215.78711466577829     
   211.18480309157499     
   206.63899635707710     
   202.41458335177089     
   198.36003315022290     
   194.27787987421488     
   190.20337946053712     
   186.17105425020065     
   182.51746720361928     
   178.82270333617896     
   175.11215154259037     
   171.61296176434107     
   168.16478010367942     
   164.74401560566301     
   161.44502913980338     
   158.35115273476123     
   155.28125117149634     
   152.29833265995711     
   149.30112435395097     
   146.31878750027482     
   143.56376239722269     
   140.83206353236517     
   138.15815731956144     
   135.39048696460597     
   132.71510980569568     
   130.26178842144799     
   127.76589746272317     
   125.25862694810019     
   122.89861581025312     
   120.57428792631165     
   118.25347826622340     
   116.07089700473810     
   113.88304503381119     
   111.70653692476930     
   109.63380985625295     
   107.54190010864602     
   105.47531061902720     
   103.54675881689737     
   101.60858332083191     
   99.765886402018765     
   97.923324408474016     
   96.062154166611634     
   1016.8201071658460     
   985.43950360064775     
   955.51130564553659     
   924.10891810109149     
   893.37184031624111     
   865.62784405836419     
   838.47753822712048     
   813.02803239086325     
   789.05718359951231     
   766.93639172929716     
   745.26110611067259     
   725.35317744738813     
   705.76462003628740     
   688.84195049345317     
   671.18575721896002     
   653.38826777315251     
   637.53983705488145     
   621.18380198445971     
   605.21646605996125     
   589.32743074221662     
   573.28301024120833     
   557.95828521254907     
   542.29965948543122     
   526.96116062835404     
   511.75054311680992     
   497.65973165815615     
   483.30522984333902     
   470.36227644540037     
   457.18197780172386     
   444.50223533981693     
   431.85688066127057     
   420.16790392432745     
   408.18668473531068     
   396.96636495849128     
   386.27243423945890     
   375.76652029640184     
   366.02078341585246     
   356.45765914113406     
   347.18471627691622     
   337.85730110900073     
   329.40216968047395     
   321.27690176687503     
   312.87392116094827     
   305.31515814631547     
   297.86943095982684     
   290.88046345940944     
   283.98812174102807     
   277.18872761966543     
   270.77026662203860     
   264.69497572719655     
   258.64268270886708     
   252.44601947336412     
   246.63695597904677     
   240.93094020576797     
   235.63477010985798     
   230.15211924466456     
   224.89890207835282     
   220.13629751613121     
   215.51272269219169     
   210.73628411261333     
   206.24799585238287     
   201.64636247637372     
   197.50126193720655     
   193.53115960605257     
   189.60921738943551     
   185.57562286260344     
   181.78816821761669     
   178.02228544873043     
   174.47728949657210     
   171.08717686764757     
   167.60583396305347     
   164.28732415065065     
   160.99195350077269     
   157.92391285834483     
   154.86857457743483     
   151.73101987180405     
   148.73913854697719     
   145.84515304846559     
   143.09766596501956     
   140.26255939382514     
   137.53002890421033     
   134.86247781898621     
   132.22455052843418     
   129.64480799084612     
   127.16113735922060     
   124.72860925472497     
   122.43578870880265     
   120.15432622393178     
   117.83193023460342     
   115.60485673689720     
   113.45027566045803     
   111.28450765337003     
   109.23272319371739     
   107.21656403410407     
   105.25529065759551     
   103.30425219397895     
   101.34156639897586     
   99.455276121681493     
   97.574410829346405     
   95.766719019980741     
   1025.8052979715740     
   992.39194063617265     
   963.13581115841214     
   935.63729717901526     
   910.09190857299700     
   881.98077368036775     
   852.88423533749108     
   826.68022230550014     
   800.99887574622278     
   777.14314722051290     
   756.24165570819639     
   736.46896984072714     
   716.46909924306055     
   698.19336411315805     
   679.74500829591375     
   662.51560716974893     
   644.02048733969264     
   626.25792585979025     
   609.15135999569043     
   591.89866729169194     
   574.24731108114383     
   557.71066596714604     
   541.08227566962250     
   525.69316374435220     
   510.61177901504175     
   495.98305891197828     
   482.37724405264794     
   468.15474958233290     
   455.17453141102476     
   441.97820318101526     
   429.76700262603765     
   418.58057351625609     
   407.24842605416114     
   396.18412310155679     
   385.68934305521265     
   375.18554979471259     
   365.23616192258896     
   355.45467042580685     
   345.74106909246171     
   336.46442618462009     
   328.69250323962103     
   320.91938469913515     
   312.98067815039133     
   305.21410644093697     
   298.04915704352953     
   290.91637004726101     
   284.17339757922406     
   277.13792163800997     
   270.77910136278268     
   264.20642245334869     
   257.76583891468221     
   251.87875061749696     
   246.28464113146219     
   240.82057253793420     
   235.58991209812493     
   230.31113781798751     
   225.43295938049266     
   220.18456499074105     
   215.46495346782123     
   210.86181401685840     
   206.51381169592378     
   202.31895844302568     
   198.17120703508965     
   194.12428815648070     
   190.00646141779032     
   186.16630200888113     
   182.48360938823473     
   178.90401267837339     
   175.17637100277483     
   171.57008163511102     
   168.19200125249984     
   164.94555433296662     
   161.64434263587833     
   158.49140900559900     
   155.42904380039005     
   152.36953937551459     
   149.46009229666447     
   146.45972851638874     
   143.62090632088319     
   140.77704653872959     
   138.03107175082576     
   135.38458095385721     
   132.74213870949495     
   130.28092322354192     
   127.85328424586693     
   125.39765049129122     
   122.94791529833302     
   120.67976580818541     
   118.25801968445090     
   116.01391025932135     
   113.89144284528190     
   111.70677475198909     
   109.61332231216002     
   107.53884120228777     
   105.53875784397768     
   103.58214456374287     
   101.69579426385923     
   99.866580905374803     
   97.981022599775869     
   96.119035028168128     
   1027.5842854147868     
   993.62473495321694     
   964.99375151524418     
   938.54541205556313     
   913.86270235437598     
   888.39506532783639     
   862.28013104267461     
   838.58655879880041     
   813.68608431636983     
   788.27271610172022     
   766.19355290518081     
   744.79653108087371     
   725.68868107396997     
   706.72269819458165     
   687.08623852543496     
   667.80376701179557     
   648.38248103851834     
   630.48331248628801     
   610.91705918565754     
   592.76871340354592     
   574.37856872403154     
   556.71005406979748     
   541.24940607818189     
   525.58493754849701     
   510.21395813600139     
   494.84901235640723     
   481.17782923593802     
   467.79916104636061     
   454.56708904580989     
   441.60419545473189     
   428.75960914382455     
   417.28668497150250     
   405.67513953901880     
   394.96914834910905     
   384.36174971384094     
   374.77856417267697     
   365.17698348843265     
   355.51215917936349     
   346.11263588212614     
   337.41400565050390     
   329.07387336428047     
   321.01343736525155     
   313.29884794862397     
   305.89549693906838     
   297.92971823987631     
   290.68618772052076     
   283.93111978229791     
   277.27235065494716     
   270.68989122558935     
   264.51422926146097     
   258.70179096374608     
   252.59270712899780     
   246.90400443390473     
   241.24362236874845     
   235.86855625197373     
   230.83474190912739     
   225.95043699840858     
   220.98971295290693     
   216.16800617177364     
   211.52543401911691     
   206.96849350238099     
   202.54750651493072     
   198.29411470352431     
   194.04038407616460     
   190.00011804797199     
   186.10696679283078     
   182.36529534817367     
   178.62909080321859     
   175.00725952862678     
   171.55700917572290     
   167.93940377499723     
   164.55244767989637     
   161.41710702037784     
   158.12659285391197     
   155.09837568681328     
   152.00472599712717     
   149.10395011598652     
   146.13365301899876     
   143.20741564990666     
   140.51030590589494     
   137.80452477939474     
   135.08403601894190     
   132.46463553222958     
   129.96739627084574     
   127.47545776322602     
   125.07343730305517     
   122.75074485460402     
   120.41653692753093     
   118.19290869875027     
   115.99855867882729     
   113.70915569064225     
   111.56518735397198     
   109.45540110005848     
   107.38584319762931     
   105.29179776513448     
   103.26138806669836     
   101.38867205601490     
   99.483729646724498     
   97.591583733543516     
   95.784885026687917     
   1033.9008923760161     
   998.08949206508635     
   968.43154496982868     
   943.26661934200786     
   919.04815180296930     
   893.57185815684466     
   869.02748247887507     
   844.07206536768956     
   820.14975608849306     
   798.21623698723363     
   777.04273945657178     
   755.29277146092647     
   734.22595931179922     
   711.19199526873979     
   688.83887632424444     
   667.27686300847199     
   646.87013271308433     
   626.70644686385140     
   606.82540487021265     
   588.24928971282031     
   570.09557160553572     
   553.13650471891867     
   537.08652933767087     
   521.68466262681022     
   505.89509230230846     
   491.26313858592096     
   477.87183379843248     
   464.73113238446581     
   451.11014554054964     
   438.71320421071630     
   427.51013120309779     
   415.72977571747288     
   404.02602724560143     
   392.75333563531888     
   382.45143557142165     
   372.13854507551247     
   362.94748385406200     
   353.99456378398270     
   344.96690310557545     
   336.33561059242533     
   327.78306536311538     
   319.57182642907259     
   311.47187331252769     
   303.86171797706658     
   296.44068893111267     
   289.70185018772975     
   282.95855099596747     
   276.15051526828967     
   269.50676817443161     
   263.66778598515447     
   257.49656980991801     
   251.74400005127657     
   246.12529065854380     
   240.47022835145745     
   235.32348311166288     
   230.33123067962288     
   225.42909164399228     
   220.87996576272843     
   216.15578601936144     
   211.36833271118792     
   206.74812409070725     
   202.32551495563607     
   198.02165788479491     
   194.15487316674646     
   190.15000228277484     
   186.26094726361003     
   182.31890115339942     
   178.57745125670769     
   174.91648995719424     
   171.41472610657962     
   167.80404943493804     
   164.50463206144238     
   161.22567318203275     
   158.04051507618348     
   154.97098086856374     
   151.85732373490399     
   148.92041487116808     
   145.97709397302489     
   143.15061042709115     
   140.32655931164308     
   137.57195840342180     
   134.83216034160446     
   132.21563792396370     
   129.71102724052062     
   127.24191620670101     
   124.68655513105119     
   122.26998954314391     
   119.83515336268849     
   117.54880496033773     
   115.28161902689382     
   113.06429263906826     
   110.91618711245155     
   108.79268076506308     
   106.74590206694890     
   104.69562164253288     
   102.68287189816236     
   100.72307057082516     
   98.767951976027163     
   96.913220731659493     
   95.017943595442006     
   1038.9947070570397     
   1003.2656004621595     
   972.30175135751881     
   946.28348201222332     
   922.29984002225638     
   896.00098342161402     
   873.37433621784339     
   850.01114211786410     
   826.66394962200059     
   805.08852373061222     
   780.97124689545115     
   758.49160875500024     
   733.85386254603418     
   711.75295408830550     
   688.80120646753119     
   667.72405732497657     
   647.21560858906400     
   626.73793311159648     
   606.27303682413378     
   588.08405201269466     
   570.51939329841844     
   553.18239289937583     
   537.41856138565822     
   521.95929538628616     
   505.76761889803208     
   491.35438549781873     
   478.44465398690153     
   464.89996675352455     
   452.33451786135879     
   439.63144608546543     
   427.45510943545884     
   415.92793320408799     
   405.48988795900573     
   393.67992959175763     
   382.92471313768817     
   373.16540873851812     
   363.43808457214942     
   353.31432089578374     
   344.47477269333876     
   336.03167946598114     
   327.75909942913029     
   319.33117945850313     
   311.14598451591309     
   303.61918928225464     
   295.95536585398503     
   288.69894101087056     
   281.84233276297630     
   275.47176884368804     
   268.67048471867298     
   262.43752516974627     
   256.50498543523787     
   250.50196396899079     
   245.03402145371729     
   239.68765532593034     
   234.53884026864972     
   229.16767187747726     
   223.99061932761677     
   218.98352238442112     
   214.15516428693059     
   209.83629839400044     
   205.41727366406121     
   200.99848349333791     
   196.73480064093496     
   192.51245135195489     
   188.58046245195692     
   184.82242824963748     
   181.08658851013638     
   177.42488964022147     
   173.94963713637242     
   170.30831786929446     
   166.67550530933556     
   163.28719193850176     
   160.07230458091499     
   156.76724166576724     
   153.66950530672653     
   150.63826552065950     
   147.62288249589571     
   144.78520089965784     
   141.88251968681720     
   139.08527441327919     
   136.22910242896620     
   133.45470394943271     
   130.81461092427011     
   128.17916550827283     
   125.67392470803185     
   123.18750480598763     
   120.72734825160109     
   118.33452218592487     
   116.05625886014005     
   113.85361831028285     
   111.52716674930139     
   109.28635650510807     
   107.17478931554416     
   105.11059004932270     
   103.12808271081923     
   101.04882976650467     
   99.160535441640917     
   97.233590080201139     
   95.335908708075223     
   93.409221282767717     
   1044.5968135543094     
   1004.6696797388064     
   976.89871549338682     
   949.29495098187590     
   922.48801193842360     
   897.56263861849027     
   873.44040186113909     
   850.74937862349043     
   828.45682895847233     
   805.69229685719802     
   782.95441838891270     
   759.27447331423639     
   732.56984573465547     
   708.20699633342724     
   684.69884388174034     
   661.56924724539749     
   641.26749648499003     
   621.70308081580652     
   601.85309965565273     
   583.30455512355695     
   566.56391793865737     
   550.53992842878358     
   535.19932199551101     
   520.81942592614132     
   506.12520457877815     
   492.59665794408374     
   479.68806392211894     
   466.14725386322323     
   452.80822934014077     
   439.59744090665458     
   427.95600745970364     
   416.22977169448217     
   405.13486832880005     
   393.76850912595825     
   383.00070306958025     
   372.96343635846438     
   363.67817454144284     
   354.40998918746902     
   345.44567963567971     
   336.69831372931009     
   327.60798070931310     
   319.33169867509378     
   311.70285193986444     
   304.21428916682993     
   296.90836347363586     
   289.63810427079687     
   283.06056015380670     
   276.32981193718342     
   269.83518652377131     
   263.35304838939413     
   257.15579552737279     
   251.53717250152943     
   245.79047178770429     
   240.02932923764993     
   235.11197486959747     
   229.99736433913864     
   224.83345227862125     
   219.80103489934407     
   214.88421651043265     
   210.12056340842994     
   205.67215659716800     
   201.46466589297421     
   197.27751880352000     
   192.96215157065029     
   189.07647972315311     
   185.19653442659728     
   181.15306078744101     
   177.46466331583287     
   173.72204170268873     
   170.13717606344224     
   166.45036332338344     
   163.17473299577185     
   159.81976064297544     
   156.60552594165318     
   153.35117789426442     
   150.20936942801484     
   147.07233923929263     
   144.10605126271875     
   141.22498074880400     
   138.40552930021471     
   135.52184262673777     
   132.64854224968207     
   130.02442379699431     
   127.48369408712749     
   124.82136627858263     
   122.22425303620037     
   119.70299243947787     
   117.14417991332894     
   114.77262959011139     
   112.43472392119124     
   110.16173411079993     
   107.92700969877822     
   105.69862353494318     
   103.52631598935190     
   101.47361851714057     
   99.412457173455039     
   97.412630465459898     
   95.418735842405169     
   93.434082171344826     
   91.508145347933677     
   1048.7242938425929     
   1012.2405834734659     
   981.54435527104192     
   953.31670680739307     
   927.09839573486784     
   901.26723784856495     
   876.64470337550074     
   853.03949588304056     
   827.78944414882380     
   803.17950723911122     
   775.17238624284619     
   749.48789869055054     
   725.81768870885116     
   701.94175208895581     
   680.21263245200771     
   659.61322470632399     
   638.75972342713544     
   620.13123251905688     
   601.76764850829909     
   583.21177672767612     
   566.39839879926660     
   550.25753599724442     
   533.72319682995703     
   518.52279994595995     
   503.33199123154134     
   488.87708217820688     
   474.64155862491828     
   461.09043478236720     
   447.65380852566727     
   436.71545651980750     
   424.94530659114417     
   414.27051434582444     
   403.25652804081028     
   392.04763199909769     
   381.40969348424619     
   371.49030678336919     
   362.55219885499662     
   352.78535636882913     
   343.31447965162619     
   334.44195236996359     
   326.96219123516016     
   318.52523207345394     
   310.90815534581509     
   303.05939509470915     
   295.67939251997490     
   288.69507319063166     
   281.80706972201739     
   274.80360169455582     
   268.33781443715878     
   262.09458758506963     
   256.14340016580769     
   249.97537537067925     
   243.98943347588153     
   238.71446149643282     
   233.14476832346796     
   228.07364927512535     
   222.99472806076119     
   218.17168430568182     
   213.36156943208863     
   208.91648992064984     
   204.51007426705502     
   199.58687675408072     
   195.20766245701091     
   191.01287675679129     
   186.95457591802364     
   182.75669476672147     
   178.84456461038116     
   175.02219313178222     
   171.20520592934753     
   167.31841250061288     
   163.69802795738519     
   160.38514022854400     
   156.88148661119976     
   153.38510355170499     
   149.93053732355838     
   146.80016351696509     
   143.70256350612891     
   140.64358567543582     
   137.81327875462046     
   134.91962021914392     
   132.12352890971630     
   129.19316052208825     
   126.40126841049690     
   123.71198584660289     
   120.99708171580431     
   118.34211821858224     
   115.90644522934500     
   113.46419885140493     
   110.98909157818062     
   108.67722868448976     
   106.45076661282216     
   104.16986546570162     
   101.85877265827662     
   99.653746955549565     
   97.565581937989393     
   95.467260904940886     
   93.448858934645145     
   91.386142771016409     
   89.340009513365786     
   87.357553586851679     
   1054.6178797688658     
   1016.0887101407209     
   985.34799274200418     
   957.06740168372971     
   930.79121951118282     
   904.18771556554043     
   876.56817127109389     
   848.63236246260408     
   820.94242895669390     
   793.95908096590517     
   766.91578171140111     
   741.52707070031465     
   718.07121214338622     
   695.58250531104079     
   674.49857947454188     
   653.58984622834646     
   633.19808221055325     
   615.89598625535007     
   596.73272497416735     
   580.49695709814387     
   563.26398418685085     
   545.74390978208817     
   530.18412273103013     
   515.24075345738561     
   501.19720986262445     
   486.71917561846510     
   473.20284347035033     
   459.04573004420672     
   446.32283757801565     
   433.89502152309547     
   422.80681994017453     
   411.54278968546805     
   400.61431448338624     
   390.11900570808064     
   379.48670415082063     
   369.48493892974994     
   359.84463573549067     
   350.31493112293202     
   341.29030747682879     
   332.97902381511898     
   324.56722379942391     
   316.07624794607835     
   308.07801614724360     
   300.16236155098522     
   292.92761177184298     
   285.67885556338302     
   278.74343309419862     
   272.42836880665874     
   265.87937350607564     
   259.60185475758198     
   253.46743516754879     
   247.43969270596978     
   241.58219924979068     
   235.89088735052775     
   229.88053049086523     
   224.66975165501674     
   219.20555621555144     
   213.98967667586439     
   209.34421593828557     
   204.53809900707390     
   199.52813638366365     
   194.83951248916881     
   190.08536485082885     
   186.08159779987767     
   181.87827496518059     
   177.66770273237455     
   173.69975776605182     
   169.78471368422026     
   166.08666551580188     
   162.41069626786074     
   158.86890814257185     
   155.06533828275269     
   151.62568917045007     
   148.20202676539034     
   144.89472737340932     
   141.40826664677462     
   138.03907706630920     
   134.97755820294975     
   131.92529128309576     
   128.90245519983688     
   126.02980968132056     
   123.25465976514364     
   120.39500285118187     
   117.69860546909557     
   114.89176768662389     
   112.26796242574275     
   109.75070307299708     
   107.09511412532767     
   104.74464018740673     
   102.29962260400546     
   99.932179220636996     
   97.531417984144269     
   95.211090704043201     
   93.060502370900764     
   90.946312609945252     
   88.770933659418631     
   86.725629212232406     
   84.782138400395368     
   82.802584258079818     
   80.723893013963476     
   1057.6268538156251     
   1023.5598635298314     
   991.20117053557487     
   959.93190786953926     
   929.21903193204116     
   899.84458156632229     
   870.56120707963839     
   839.78078278181511     
   811.04374893839031     
   780.58286694589879     
   756.20538903200872     
   731.12503482102625     
   707.59435324840751     
   686.36143217182075     
   666.28929962910502     
   645.41421178085784     
   627.71997835217996     
   609.92024590214407     
   589.96409533655356     
   572.74354836135763     
   557.36677614721384     
   541.53987684258209     
   527.63645916840676     
   513.53995525721336     
   499.06563060184362     
   485.23127107353719     
   471.92388679147007     
   459.35026952768146     
   446.32148835118608     
   433.75382615607208     
   420.31455242511601     
   408.86470699767563     
   397.77155980449788     
   386.72194587723232     
   375.55270561289268     
   365.53274050847273     
   355.52347201668886     
   346.29741027053177     
   337.59680643724221     
   328.84230005111203     
   320.64148087194951     
   312.60301091789927     
   304.58532460855588     
   296.57577233303056     
   289.14007004390635     
   281.39795534490185     
   274.00740857201600     
   267.06168439265377     
   260.14444524668380     
   253.72620762340489     
   246.58165538765022     
   240.37530922143094     
   234.67572359681159     
   228.49205317653667     
   222.59023635556881     
   217.56160396621993     
   212.17203716725595     
   206.66902050195748     
   201.38653556477280     
   196.40685731599831     
   191.20341724391292     
   186.87655719653833     
   182.71553373836394     
   177.85775464448858     
   173.56581302124127     
   168.95731503512570     
   164.74097093633677     
   160.50614466411193     
   156.55776635072218     
   152.79323752288366     
   148.83142473485174     
   145.04557912304497     
   141.30444352994976     
   137.94591169646830     
   134.39258122690455     
   131.10413470178321     
   127.93205640635426     
   124.77851159941223     
   121.42926110738070     
   118.16477289252686     
   115.18373452966716     
   112.56163305580431     
   109.56432854779200     
   106.75641908830042     
   104.02428079091983     
   101.56250714760780     
   98.906402860962885     
   96.437097223378629     
   94.087967304223966     
   91.636155507721014     
   89.417038661562742     
   87.189104663303965     
   85.106331529477217     
   82.935674023224777     
   80.949780498975088     
   79.009403144611696     
   76.972418828871369     
   75.129107661086422     
   73.300425307150022     
   71.276127834753211     
   1063.3259721551306     
   1024.9994978112188     
   991.16654291303098     
   959.63876017742280     
   928.77311289082604     
   894.99048828128537     
   859.50053053061936     
   824.29821553494753     
   795.73841877481550     
   768.01533121317641     
   742.41903680869382     
   717.52798138862192     
   696.52662309654488     
   674.53417042828232     
   656.24367499895357     
   636.51099419964066     
   617.06705056868884     
   601.41063738818798     
   584.33259194528932     
   568.41243034745639     
   552.23068013776924     
   536.31594140592574     
   520.18676898127694     
   504.13746135821043     
   490.25101586789879     
   476.43469698353186     
   462.17498945756222     
   449.93199681709774     
   436.85835070881245     
   423.97897668783963     
   411.92817144609603     
   400.71550797421099     
   388.56038845970591     
   378.41461381778896     
   367.97558531721859     
   357.92662998041970     
   347.43178190786426     
   337.48290891861632     
   327.63081442340695     
   318.17414413968032     
   309.69898524741626     
   301.04214687414975     
   292.48807997384557     
   284.31007943923004     
   277.16504108305406     
   269.32519658276590     
   261.79414937987633     
   254.88817981544534     
   247.77180157179595     
   241.26095919578015     
   234.43156709215708     
   228.08935235455928     
   221.51250565424428     
   215.52110688253782     
   210.01469778597544     
   204.19898740730122     
   198.75040185422273     
   193.34462652242652     
   188.21384115506302     
   183.11514116541468     
   177.94519533382334     
   173.06870887993651     
   168.19351397380396     
   163.43166797782266     
   159.34733285683416     
   154.91460780026503     
   150.81549517547487     
   146.97479965713808     
   142.83255446395816     
   138.84974446093503     
   135.02060255105081     
   131.11935299109820     
   127.08918990778587     
   123.80041090989086     
   120.54546733983032     
   116.94021210839115     
   113.91188845846219     
   110.70949812049628     
   107.77939217033588     
   104.92054154318575     
   102.21325986807719     
   99.318629611841430     
   96.995746389436704     
   94.110753387550005     
   91.359956336181696     
   88.934114687859392     
   86.653865924088862     
   84.542497234625017     
   82.158296042993811     
   79.984437592890487     
   77.919498557122893     
   75.893569105918431     
   73.749035919293860     
   71.861475291150072     
   70.125259044514934     
   68.423233293601513     
   66.698324872731590     
   64.950651584599996     
   63.131784032487147     
   61.401063661639448     
   1071.7170566082254     
   1034.9792364554824     
   994.43327650332401     
   957.24789371810880     
   918.13493257967957     
   876.52093408167002     
   838.61686813695906     
   803.15064249736099     
   773.12786565787258     
   748.15847535518947     
   723.43516407768868     
   703.13110037285571     
   681.96234603933999     
   662.19367593562015     
   642.98750181702826     
   623.87691063792875     
   605.59814699709000     
   587.47393057276713     
   571.03688616411000     
   555.08902057555883     
   539.11572014396268     
   522.72078790505441     
   506.89487625554511     
   493.01726712790952     
   478.22558046175482     
   463.02069302719201     
   448.81455081253284     
   435.02145729331329     
   421.84096828240882     
   409.14082767902920     
   396.53362268385757     
   385.30289779321390     
   372.42610120271331     
   362.23624459327419     
   349.69176859530000     
   339.29899882380681     
   329.27804157485679     
   319.46970844769908     
   309.66726774419988     
   300.65119598126518     
   291.11643659817395     
   280.96336180787944     
   272.58603385004528     
   264.69259292465540     
   256.57890895740968     
   248.53435353249338     
   241.54596817933290     
   233.32901918773948     
   225.48731374768764     
   218.59528956468540     
   211.99243466812794     
   205.68121924282730     
   199.63890944358369     
   193.08081699528225     
   187.20249783196439     
   181.41012546569408     
   175.93872611189562     
   170.26218930186667     
   165.60971493356547     
   160.59525701379346     
   156.17959988672939     
   151.21999605944555     
   147.00639920538899     
   142.38788477204452     
   138.56688672265332     
   134.65615396879718     
   131.13102735933302     
   127.38245774988498     
   123.74122121908609     
   119.84264442878670     
   116.28506793842111     
   112.63461935427785     
   109.35374664464806     
   106.05809527990172     
   102.72151936562443     
   99.717941534148082     
   97.054680155391580     
   94.612497897407394     
   91.667435310182967     
   89.271411895134861     
   86.902910779402575     
   84.553095352412825     
   82.607219794983834     
   80.402719876209858     
   78.284085565992314     
   76.303873269667889     
   73.976200488557225     
   71.946233095841706     
   70.030742991796359     
   68.374816487149843     
   66.361382132171883     
   64.929878414865286     
   63.434058012857747     
   61.850375272924026     
   59.965107428658541     
   57.973785812646184     
   56.467305843516812     
   55.410461632037290     
   54.071184113890226     
   52.290410310580711     
   1080.9048252050941     
   1038.9418257886227     
   992.98862208417142     
   943.48959551998882     
   892.28976242917065     
   846.94861108454552     
   810.72484480250853     
   779.20941980917951     
   752.21389648193497     
   726.41424144473137     
   702.09996505256663     
   678.64246105886423     
   656.78362017204859     
   636.34976221181387     
   618.20097453544463     
   598.25852017240504     
   580.21071832812083     
   564.68662540252990     
   548.14621281143820     
   530.58642194280685     
   514.85650545790656     
   499.17839136110001     
   483.22672850185199     
   466.96584503707709     
   451.29308064006170     
   436.38803499652471     
   422.84393078331419     
   408.90348911647419     
   396.74718795061295     
   383.61819870095206     
   369.81219486033837     
   356.11922681208034     
   343.80645372273466     
   331.76760361044666     
   320.05311125520689     
   308.23627948621066     
   298.88174588430695     
   289.52227656025553     
   279.82938176239509     
   271.74440589459329     
   262.84721859261850     
   254.18431468486958     
   244.99658153111321     
   236.22935808450703     
   229.00594385681541     
   221.84568448514236     
   213.77771746260726     
   205.90048232810653     
   200.01981129011563     
   193.23906871292343     
   186.65761781616879     
   180.92903089213908     
   174.59665688977020     
   168.24945487071278     
   162.59226895675008     
   156.41889905118063     
   152.52157425683839     
   147.68718851851710     
   141.76700189032852     
   137.53605886759516     
   133.72572364885534     
   130.32983975919905     
   126.01027269547585     
   122.63176358825251     
   119.30173756121165     
   115.57538297740791     
   112.98643338173932     
   109.44965195013339     
   105.52411930947481     
   102.29966374915786     
   99.292530897776857     
   96.064319072436888     
   94.286254939420274     
   91.319837051634934     
   88.520221674808127     
   86.261321320368552     
   84.085446269971925     
   81.579245805037743     
   80.252913114829624     
   78.844065301704575     
   77.032040497419601     
   74.770886947657090     
   73.007901258471364     
   70.667986525457238     
   68.506681802004138     
   67.467817031473686     
   66.265924746736957     
   63.530286777749723     
   62.676815915547337     
   61.199852763459972     
   59.197425138901679     
   58.046527154173191     
   57.304111423321146     
   55.852145483021424     
   55.245927984619108     
   53.858006026472523     
   52.111965567248731     
   50.122731231912823     
   48.682718891998881     
   47.351802319569487     
   1089.9891071313452     
   1037.3222052536289     
   974.89562986118324     
   910.86860421510835     
   857.96905561061351     
   811.33184248372413     
   774.51450782823440     
   743.27371226774699     
   716.79226267988417     
   690.86138713507876     
   667.61219113623906     
   645.53551472924676     
   624.12664510296918     
   602.86419506977563     
   582.34607986468461     
   561.81912468411656     
   544.98912279286219     
   529.20680935697089     
   508.81325649393796     
   490.86065586603331     
   475.95366223787551     
   459.41167545095618     
   443.22795741971572     
   428.81021477659453     
   413.08855963537110     
   397.78772243094352     
   384.41733594022634     
   368.53356255427690     
   356.10952287344116     
   343.50252018402642     
   331.25286682432358     
   316.49717659216941     
   305.01028334119832     
   292.79878103894140     
   283.09302905070143     
   270.87321047096998     
   261.95402737259462     
   252.53104001584992     
   244.44282332087980     
   235.30864949492570     
   226.77185363610704     
   218.10317072637116     
   210.16370622434209     
   203.30649383910986     
   195.65476279994260     
   187.37373287247107     
   182.73590456859779     
   177.00823496776434     
   169.44673286784126     
   164.47351008223271     
   159.93717138238668     
   155.36077623224185     
   149.42645950611174     
   144.19674599462991     
   139.87836137475023     
   136.15100699209484     
   133.51367366136452     
   129.70564324105032     
   124.53788395111334     
   120.76633203261505     
   117.97408668041463     
   115.26315419049247     
   112.82055672644860     
   109.20814673746440     
   104.76405019040145     
   103.35355152129095     
   101.43824083973226     
   97.717260289845996     
   95.627320634239126     
   92.367822096568901     
   90.325496204269996     
   87.205634135819309     
   85.676526464258160     
   83.659757851266889     
   81.870761142787984     
   79.586575506399129     
   77.556051817455767     
   75.489014628897564     
   73.911324785357436     
   71.502716585593689     
   71.750877044585351     
   69.558810991167221     
   67.721725900897525     
   67.084602246755040     
   65.132154747743769     
   64.136059964733818     
   63.167777428270853     
   60.168433254014310     
   58.690329413287671     
   58.056412031708291     
   56.558294352558072     
   55.067451100082884     
   54.109476911825269     
   53.178001200439837     
   52.364591603783211     
   51.167890976122592     
   49.562212710145907     
   48.273387713081888     
   47.066721289838640     
   45.280804965281263     
   1101.2507305722875     
   1027.2847401509650     
   939.69971175946114     
   862.37430603544567     
   805.57090973865274     
   762.99617567967471     
   725.16438233980375     
   694.46622781584597     
   666.48831010802064     
   639.47932745116168     
   615.54878821944908     
   592.39449003058883     
   572.82701138002460     
   550.68433390735072     
   527.87878138436133     
   510.02890460646813     
   490.20107336839544     
   473.25836862798883     
   454.56025783128223     
   439.82645534966309     
   425.35092975548912     
   408.21653841758371     
   391.97741694689739     
   375.17077240516875     
   361.32322908842264     
   348.89041313374958     
   335.14345158218305     
   322.31688139548464     
   307.57173500944640     
   296.95712945799141     
   288.41336568816223     
   278.10304201656874     
   266.16074180220443     
   256.13350838726296     
   246.21452827419296     
   236.99856357954923     
   229.03640667653912     
   221.38621730625800     
   214.58350572258399     
   205.28580462064156     
   199.02938392280470     
   193.24296929042237     
   185.10224990453804     
   178.90209743477038     
   174.35219439394194     
   167.82714751953981     
   164.50569528793537     
   159.22868456900943     
   152.68825899571968     
   148.76036340366525     
   144.63407615105282     
   139.50060330168054     
   135.96436679507400     
   132.09081738350253     
   129.00291031300543     
   124.19167675747163     
   121.24451926564501     
   117.97423755719232     
   114.88311869388312     
   111.60274382348314     
   109.13952740722669     
   105.79203255771395     
   105.78413479134289     
   102.56364629547893     
   99.227625869798317     
   97.985823640408938     
   95.572146410120610     
   92.658569659618763     
   89.740022452584611     
   88.073922070524020     
   86.899392259375190     
   83.260771798737892     
   81.516363035468501     
   80.624830133166384     
   79.776255786843251     
   76.659134719220077     
   75.068154613849202     
   73.847504931470041     
   70.355478153274916     
   67.957300948895380     
   68.648442291751550     
   66.974673489031005     
   65.545422429816767     
   65.268450245935327     
   62.990483282241911     
   61.679016075443180     
   60.654995870995592     
   59.659340108379524     
   56.582016142449525     
   56.176405956739600     
   54.669407051836032     
   53.973207131626282     
   52.748525012833660     
   51.319377201849015     
   49.836865847460473     
   49.578313334814865     
   47.922137224726200     
   46.768807465200155     
   44.834880432166557     
   43.617524632638862     
   1120.5071143775995     
   1002.5055396668899     
   890.90234741569679     
   808.99456210885842     
   746.84974148279241     
   699.48770129595175     
   665.57974326723274     
   630.62936506399478     
   602.84352901107673     
   580.46223989165264     
   552.59686819609215     
   532.38925588853863     
   511.06874297607459     
   490.75184787060437     
   470.77579626677050     
   454.64730770776612     
   433.02040079993242     
   418.47174816651977     
   398.75860456347721     
   386.07327135027566     
   372.11762225981641     
   359.89297730291230     
   347.15756133157004     
   330.99831767718581     
   320.56040653295003     
   309.32676948918476     
   295.25122162860350     
   286.13490787159196     
   276.47039878824785     
   266.83364670323385     
   260.12311669855535     
   250.26181195135680     
   241.36990300385355     
   233.16621764859900     
   224.21299152150010     
   214.89944895709502     
   212.02283899837258     
   203.47981920410791     
   199.01662892565693     
   191.20617171181351     
   185.82472614093030     
   181.65633194212950     
   174.01400870691259     
   168.79245271427973     
   164.65369234533648     
   159.34088411213668     
   154.95236616090787     
   151.20687680504639     
   143.60266341772208     
   143.12037596907072     
   138.81070134685410     
   133.14618907308491     
   128.51839874745141     
   127.37326655787908     
   122.71419825349315     
   119.44434331223222     
   116.20892856685329     
   114.39162718546532     
   108.63407063311207     
   107.91062096239162     
   104.61048839926337     
   101.87843244454508     
   101.44764480180520     
   98.368201869054928     
   95.500925216191533     
   93.296019707181344     
   90.966456067699596     
   88.816277531802470     
   87.035551575639033     
   84.525940580297430     
   83.259458237304386     
   80.974248135268283     
   78.643807111983008     
   78.202564752390501     
   77.255990677990539     
   74.436862178185848     
   72.780892263699428     
   71.219888571512897     
   69.265860479805653     
   67.979043939019476     
   66.151835169704825     
   65.647166064176417     
   64.201806725628728     
   63.136045351851052     
   62.098459687987393     
   60.637178105781011     
   58.983600987422840     
   57.536813186932335     
   55.791957708833166     
   53.448670999938948     
   52.787694683743545     
   51.877218504884567     
   52.473536747217466     
   50.270559856629454     
   48.085854290611195     
   48.309460462102734     
   47.369134205809431     
   45.363310089368760     
   44.591416855816512     
   42.572762873733701     
   1134.9512373258426     
   968.85692599342576     
   834.50386149448082     
   745.73001843162024     
   690.65735844297967     
   641.67520594348855     
   603.90811250109641     
   572.42114908583142     
   543.66826235835538     
   523.98891993870438     
   503.70350287705537     
   484.87001680313404     
   464.20687491591895     
   444.63706052672148     
   427.06810538733350     
   412.64821242219301     
   397.36934142000945     
   383.27962314510387     
   371.42255111166503     
   358.59370679322109     
   345.69844014566570     
   333.39526505873368     
   322.51157852388224     
   311.54137495829468     
   300.89623926850686     
   290.79130929835389     
   281.07836065884550     
   269.50876900220152     
   264.81269566984838     
   258.23614373576243     
   247.11135533413025     
   238.42964585788059     
   232.08929294438363     
   222.24733060681737     
   217.59820878879731     
   207.92391225995016     
   202.66411030035013     
   195.46173986597574     
   189.52599611611498     
   185.78878361318928     
   180.62663290988658     
   176.74935627499877     
   168.49406236050294     
   164.56747040139123     
   159.45245398838330     
   153.70128884661898     
   150.07004849206376     
   144.72116854099693     
   140.79601983072141     
   138.03360961527659     
   132.50078311584744     
   128.27450748610914     
   125.48219804539518     
   122.87334481971956     
   118.46461358355408     
   116.86055145134216     
   112.88069731269752     
   110.79728022603024     
   107.24902569656592     
   103.87957344783308     
   101.70511752417352     
   98.927751557581175     
   98.378203675750314     
   96.125247029178738     
   93.238856483387309     
   89.258453125158624     
   88.174459570462872     
   86.113045738757279     
   84.547107775868000     
   82.550642913941687     
   79.813145629891210     
   78.805903577485779     
   76.582667826302853     
   75.942525347860112     
   75.029996976400028     
   72.447740864811934     
   71.687310749776202     
   69.462079559766465     
   68.485748899835841     
   67.014923933655254     
   65.400665909867357     
   63.684723838019281     
   62.238669471797181     
   60.576931919726576     
   59.876994957646993     
   58.357567092215135     
   57.514990789345646     
   56.367085959600566     
   54.516027767796849     
   52.398800899472242     
   51.208166996189220     
   51.363394544361654     
   50.488613840422303     
   48.934919903656450     
   46.615729679126879     
   46.263309051333458     
   45.535083429571074     
   45.123399443467818     
   42.473159566840209     
   41.591633983765036     
   1158.3163684907781     
   949.40047434439884     
   806.54297167050197     
   712.72917536143120     
   653.72733820654992     
   605.21449700534959     
   577.50838685258100     
   544.30581544232314     
   515.24034109722265     
   499.54455841806464     
   482.22036500290596     
   466.53645115885752     
   447.81034157412557     
   429.44621843703362     
   410.46406836935284     
   400.86844198042650     
   387.88521767528505     
   373.69128215646106     
   361.62969893596278     
   349.47522939914211     
   337.69149459253561     
   323.82076523130451     
   312.85687899520042     
   306.25240111530013     
   291.54709017404343     
   285.85896865595055     
   275.76865254866169     
   264.97233903189885     
   259.64676637128002     
   253.57197625233184     
   243.14236659767420     
   234.86682191361598     
   228.36808879901380     
   221.57835576994640     
   213.69015363536187     
   203.81217396188285     
   197.39381937062487     
   192.89082570490854     
   186.56075340786307     
   181.82666959707896     
   177.37164228479725     
   172.05896363357022     
   165.05143157254628     
   162.20587285698664     
   159.29099573165652     
   150.12518685765528     
   147.53948186267755     
   140.44984502480403     
   136.64600493912971     
   134.31042864174711     
   129.40841731823218     
   125.35920765052880     
   121.96248413638045     
   117.96589922542452     
   115.53675125694464     
   113.12158658603656     
   109.95306895945478     
   107.32615812770135     
   103.16154330306998     
   101.01907832006449     
   99.024348235749699     
   96.702126766922419     
   95.605593024528801     
   93.218887466962897     
   90.110789349143175     
   87.377966193640816     
   85.293861615696400     
   84.608245086892694     
   82.482468874881917     
   80.592258365169471     
   77.645732441185274     
   76.290403015201449     
   76.034526157820082     
   73.785216346895695     
   72.598434867715596     
   71.904627403593992     
   69.950039451909021     
   68.046287464182896     
   67.968649366539353     
   64.919590482953609     
   63.899069333418517     
   61.546784535672209     
   61.074202730392813     
   59.618343224707814     
   58.410165761441490     
   56.569482931942019     
   55.637015069434852     
   54.378416693690482     
   54.444566957636923     
   52.514170950698464     
   50.981876878589283     
   50.042742737678175     
   49.535836889237217     
   47.883270359172272     
   46.417608767959962     
   45.401661962148111     
   44.059731742131788     
   43.712718123320244     
   42.809104818151766     
   39.834118911790682     
   1194.0065256864486     
   963.92093984715416     
   809.20165726649202     
   711.68594434951581     
   648.82466536139418     
   602.70263506226604     
   571.45899561383362     
   535.51040695051984     
   514.91182556143656     
   493.87209718320383     
   475.51451173448578     
   460.84595911768690     
   442.77122654530967     
   431.93240372886521     
   407.29742517456447     
   399.21365460475909     
   380.25806072122441     
   368.33166089160534     
   352.07061058271495     
   343.92526087612669     
   333.13259428831464     
   322.56407376341940     
   312.20028483678016     
   305.07003513039507     
   296.99350612929828     
   284.31811443750746     
   273.23575608580586     
   265.13653967279419     
   255.54050548167757     
   246.90897813787558     
   238.02363041676358     
   231.14452755251702     
   224.89020488543088     
   216.65882555398520     
   208.29273315564285     
   202.37564009041520     
   193.62708906470004     
   188.55464574639157     
   185.41472846557309     
   179.46451486840846     
   173.34684308442368     
   165.86047562224667     
   164.12050638611134     
   159.46083383748373     
   156.62397654332329     
   148.17757251564660     
   143.88660449690195     
   138.72607241952360     
   136.91816756897146     
   133.10122093044703     
   128.30682080836681     
   122.85303363327120     
   122.46233120724668     
   115.79457880962588     
   111.59711312709527     
   109.51895733737780     
   106.73774251157421     
   105.79500811538537     
   101.44061271097655     
   98.630442430783589     
   97.809229321715492     
   95.981409716527295     
   94.387070502488186     
   91.027573132278761     
   87.252121707246729     
   84.703466163260146     
   83.451786560221777     
   82.562225065971560     
   80.102865898895146     
   78.330878940435952     
   76.528523957323046     
   75.141431286216275     
   73.848182123539175     
   72.330668167243019     
   71.206828356585802     
   70.333595099177714     
   67.491372398374068     
   66.449841167384577     
   65.191886660213328     
   63.480702470865154     
   62.581738823445974     
   59.295227385146617     
   60.487265523505528     
   58.981431078037311     
   57.621723868959663     
   55.947069059773291     
   54.049770415881532     
   53.573400034076670     
   52.054008337032940     
   51.666243951364045     
   49.672837857807743     
   49.059145119007511     
   49.145665457505025     
   46.979120535701576     
   45.865838325047221     
   44.615053942925456     
   43.360665666517058     
   41.783298246024991     
   41.577343565150130     
   39.274393899410370     
   1235.4518376729748     
   994.37214473637721     
   836.14312869250614     
   728.80617193721196     
   653.50916333224495     
   609.40926413508532     
   578.07670896475997     
   533.87288889820911     
   518.40203775620023     
   494.81107407682367     
   473.54529825795998     
   459.27874712696178     
   436.80442259570293     
   424.16824472090309     
   411.30597933076660     
   397.01890936695088     
   380.41791430319091     
   370.20210461890156     
   358.54541021379504     
   338.05581668062291     
   333.83311397425024     
   321.72929626088535     
   315.55416031575254     
   305.02473059455696     
   293.45386531653634     
   284.84752283978452     
   275.74222113958496     
   266.69080521298292     
   253.58856661615934     
   241.17173155431215     
   233.93304475848458     
   229.84483540835134     
   224.49709462516688     
   219.53620162415751     
   206.92484586313441     
   201.39520310804576     
   191.61224494768055     
   188.39506127004950     
   186.23068231491496     
   179.48117912836500     
   172.65521384568788     
   166.45353812564696     
   162.61165099467610     
   158.71077144653901     
   155.42532250451956     
   148.39502517367345     
   143.56990083500102     
   137.50455547410326     
   134.84407904243986     
   129.82761646844926     
   126.47086033622384     
   122.63604590647867     
   119.79157771854968     
   114.20629584021675     
   111.46810741612531     
   107.44493891027217     
   104.47593102534117     
   103.89267436771313     
   99.281148496741196     
   99.419682353151984     
   94.605235127131039     
   91.913101506686758     
   93.061407463155859     
   90.667546269039860     
   88.608446814722470     
   81.530858574718579     
   81.469398328560587     
   81.057536171263223     
   79.433584512017802     
   76.834715352689543     
   74.900706346097124     
   73.993003331412794     
   72.538496315327848     
   71.646956575045834     
   69.495431491655353     
   68.910818576431382     
   66.235705617822987     
   65.529971539665937     
   64.662733175294022     
   63.249777158431129     
   61.356372748309113     
   58.283335872128234     
   58.808728286297509     
   57.550150159832228     
   57.060489030365801     
   54.304176536067459     
   52.601258881080419     
   52.183877377262505     
   51.295667651749469     
   50.745338102015246     
   48.569755628207638     
   48.866590236624475     
   47.595826775647588     
   47.200970288236839     
   44.846399716855942     
   43.945463279369712     
   42.440150301884614     
   41.695449962431439     
   40.683329840698491     
   38.766099574748957     
   1273.2879321815258     
   1032.6198956811377     
   866.56063172728091     
   745.43393760603294     
   666.65809827027374     
   614.95336870927224     
   585.03088721633355     
   537.26064701462747     
   525.21152557418554     
   496.78683028881625     
   469.88848332252269     
   458.18413081875423     
   440.95106527340704     
   422.58943652893902     
   403.80374264911768     
   392.49731009620803     
   377.33129127680974     
   370.67207305459311     
   357.80007843329844     
   335.88169304574467     
   332.21696377026927     
   314.80603134273315     
   309.59349537416870     
   304.39664881446402     
   295.34081672911304     
   284.10268981253591     
   274.85805455178382     
   264.47325807840969     
   254.70315838953658     
   235.33248363419889     
   231.33068971749185     
   224.64129195631335     
   222.74207075202884     
   220.00040510002523     
   206.06015318238138     
   203.02544277079733     
   190.99608775077905     
   185.68078891275709     
   184.04827357164919     
   176.94365437588078     
   169.01066826703530     
   169.53308344773905     
   161.36951598651899     
   157.07211414884037     
   156.43292696627267     
   147.43541385258663     
   142.05001910139896     
   136.19404941694700     
   131.14876543363715     
   125.49646545070500     
   125.51811149502929     
   123.72572585398676     
   119.64890139173059     
   116.02522487879941     
   111.31160696378669     
   106.51316823557129     
   103.38919175117744     
   102.72153501742210     
   96.500480856916042     
   95.696783986132218     
   92.818121689579925     
   92.020391669755568     
   92.354628845957109     
   89.980779156398881     
   86.675450212809295     
   80.911246114384056     
   80.102345315385676     
   78.662554030190549     
   78.820693807777474     
   76.284394844695612     
   75.202998292363972     
   72.993828919470928     
   71.742086903087198     
   70.874252927316348     
   68.902169933834060     
   68.885927952704762     
   64.865334903293387     
   64.164433283095548     
   62.575957402635787     
   61.846314883947436     
   59.952426171265557     
   58.600239743088707     
   58.022766025586456     
   55.975976063121244     
   55.386920213502094     
   52.912932429940106     
   51.754455874774209     
   51.264277759151426     
   49.854096216907351     
   49.625093315003397     
   48.323897495546440     
   47.791142075609756     
   46.862768697546102     
   45.724392624935817     
   43.931363517237642     
   43.238252310802046     
   41.603396420095827     
   40.205740280313918     
   39.639228806162535     
   37.545486022607811     
   1303.8935438939895     
   1067.0131201838278     
   898.35590359629487     
   773.82175741277752     
   680.47542248173158     
   630.77907088902248     
   583.69855633470740     
   551.79721563608348     
   532.93550886832725     
   507.11210311404261     
   468.38996945313909     
   454.54591756181844     
   439.67973625196925     
   415.96098376045711     
   402.46681750724468     
   390.50486752978287     
   376.35885764739510     
   373.79403947181345     
   355.77022800851614     
   337.95300557041736     
   332.19733561479796     
   316.80759657820164     
   307.08722746248230     
   302.54772580101775     
   290.11037632836207     
   288.17202180018410     
   271.26241729663627     
   263.68482059867142     
   251.63184633293531     
   237.46604079341870     
   234.85826566821930     
   221.90573334854258     
   222.45543516231174     
   216.67161573139822     
   203.20158593386944     
   200.09609904009073     
   192.02131727084523     
   185.57633362022509     
   183.03302353691242     
   172.59958553044947     
   165.30595310925710     
   169.12710181330056     
   159.95089913855773     
   156.21065505601055     
   152.03184102150959     
   143.96586290761397     
   141.58376580925267     
   135.42170619056577     
   129.88305443261356     
   124.54467508566628     
   124.21753201932734     
   122.68016033699321     
   117.91244629614170     
   114.73489575160778     
   109.85009850898419     
   104.34627462028125     
   101.96156595403824     
   101.26348449588113     
   96.332547289180710     
   94.187743720462691     
   92.169289987784794     
   91.144169573671292     
   91.466276725285780     
   87.085417636182683     
   86.881461919906130     
   81.499985339244702     
   78.077068371850615     
   78.308113892805551     
   78.490000942423478     
   77.812555814673686     
   74.958433529352718     
   72.442583819539053     
   71.712188791724913     
   70.800772537543736     
   68.123468599937780     
   67.064208884624648     
   64.045106568818142     
   62.864433037604492     
   61.714139268712358     
   61.267700281544009     
   59.404807212577850     
   58.516562865791087     
   57.097820047401058     
   54.913925942622754     
   53.539722353806020     
   53.160696531662396     
   50.962656943360571     
   50.354542346673867     
   49.388282913912100     
   49.150425862459727     
   47.966595164852848     
   46.811399519662501     
   44.784225045928963     
   45.270513198189747     
   44.250038321139961     
   42.306396654026507     
   40.693877596386272     
   39.822361159491123     
   38.109709525605133     
   36.482218726206000     
   1321.7559970507273     
   1096.6387654840862     
   925.20584470384119     
   793.26979908975181     
   687.83471302191151     
   633.45598577947658     
   590.81429578090479     
   561.15905560194994     
   539.53195427433911     
   515.02372056262607     
   469.65423882864127     
   443.46570888620215     
   432.53971147902712     
   409.33440559529640     
   411.67193942813731     
   389.64746021271469     
   373.47639078594591     
   377.46429839441669     
   354.08776187730467     
   338.33627064321308     
   334.49819294903835     
   317.97441812545583     
   300.87091965972678     
   299.70692680866375     
   292.65305171919505     
   294.64565675841391     
   272.73606585624276     
   257.12954409712415     
   247.18576296472406     
   241.30047169314673     
   230.86957586101474     
   224.16097731486235     
   219.54714165138628     
   216.66963848048027     
   203.94479682810635     
   196.56575985423351     
   194.26809471003875     
   184.91006900285677     
   178.84440011836475     
   175.27234787302220     
   168.71390422531786     
   167.39501906507027     
   164.24360841027803     
   153.94753135412222     
   150.63578661957519     
   143.81680704569135     
   143.13045320572348     
   132.52426914293761     
   130.11155973751664     
   127.38081195124498     
   125.78056461549582     
   119.55495013963855     
   117.11344784994041     
   111.94887632100823     
   109.44617136196376     
   105.92775809464510     
   102.31121456897249     
   99.334934153801385     
   95.797260276363431     
   92.847454700286704     
   92.171869727381761     
   89.603497804959616     
   89.885659781888847     
   87.253276927250624     
   86.584774722550947     
   78.629058848599968     
   79.234190053942982     
   77.251438274557302     
   77.254942435546099     
   75.816178320405967     
   73.579374592774712     
   72.125385952140988     
   70.470737215733749     
   68.022704816461285     
   68.572325899320589     
   65.544543579090870     
   63.386877313856424     
   62.493485754163906     
   61.902515966077374     
   59.281180197517315     
   58.995633896595791     
   57.061191167926012     
   56.606401441700058     
   54.406921829368613     
   52.745669624328798     
   52.315969370537765     
   49.651883756049479     
   49.738474594180587     
   48.529947749309990     
   48.351180925127672     
   47.243570059653749     
   45.981391679183389     
   44.554418947968166     
   44.231882361842850     
   43.032202709534232     
   42.617733688131260     
   40.451712031124146     
   39.650718380582518     
   38.193090353611602     
   36.018477381626262     
   1338.5974621901967     
   1144.1352579255044     
   959.92031037760535     
   819.27304350773511     
   710.05132963007770     
   638.08387252616217     
   593.95283547262648     
   565.35393595428627     
   537.10503081207764     
   505.01322316840549     
   475.91945879711989     
   443.69367138682640     
   427.73462742696591     
   424.20079675602585     
   409.78800915753231     
   393.29880183663283     
   378.26484764606249     
   370.28843573522869     
   359.10966195097569     
   340.22712463695819     
   334.49670178760260     
   317.97639289689369     
   304.18883895563431     
   295.39277369596726     
   291.97758374123777     
   293.21033058747548     
   278.15014650818028     
   265.38863003643451     
   247.72217058439523     
   240.81929918051586     
   230.14697941429409     
   218.67438773639356     
   216.24846497043677     
   219.09583787978141     
   206.69130872578756     
   196.98239456589965     
   190.15877316973587     
   187.29179768838142     
   177.99085517693419     
   172.26702068426033     
   167.75665522915952     
   170.91320207940981     
   166.68261386614779     
   155.77747061255309     
   146.84857824786565     
   142.77135391028386     
   141.33222456659536     
   133.14766246547703     
   131.20838345459222     
   128.00157858598249     
   125.41681629169798     
   120.60304468386167     
   114.85157300638727     
   114.58526544730130     
   112.01275535253966     
   104.18415605398221     
   101.12025363527880     
   100.77631541268480     
   95.425083327471953     
   90.469406546628846     
   90.376976734403954     
   85.809167243590423     
   86.813423183476118     
   86.447940407605344     
   85.370342988799209     
   80.016756776391546     
   77.730676752196246     
   74.803092434356543     
   76.623292117227720     
   75.188834864368943     
   71.331478625028922     
   71.083658584936188     
   69.575910216345335     
   68.002894335066316     
   67.251589806682361     
   65.193402005120333     
   63.807996497222774     
   62.306748513771595     
   59.835543510685447     
   58.691019202104314     
   57.623782728540462     
   56.373714321897388     
   55.970085826387951     
   54.426320506540947     
   52.336055284675169     
   51.598372783366372     
   49.289885188324469     
   49.546841550990045     
   48.572422232686705     
   47.260469648627350     
   46.971156316181862     
   45.013479805758756     
   43.900703263702049     
   44.061410482787934     
   42.713968914810145     
   41.513719853026259     
   39.897437491607839     
   38.823270543098872     
   37.859950877210103     
   34.867241255212420     
   1342.4620298616760     
   1148.3312022101759     
   987.01577324481298     
   856.14952821442500     
   742.47251058930146     
   667.72292900399134     
   617.96491084556328     
   586.26139567614450     
   539.80155408276210     
   500.36191639043170     
   482.48302924101171     
   458.08924659376612     
   436.05036411425641     
   425.14938464101078     
   408.71862262064326     
   387.49547479007867     
   388.53268232409300     
   376.76980543901328     
   371.65516360846578     
   347.98842538284794     
   334.22590019903328     
   308.50530226848656     
   317.94424700398883     
   295.39363557971001     
   289.57942106698192     
   297.84708687186782     
   278.87069936895648     
   262.43166481900300     
   243.44639473483664     
   242.03871592620172     
   226.11358678572952     
   206.17903017960356     
   213.76305560035254     
   213.99180250020004     
   219.53186296077843     
   205.39188962379399     
   195.11147621555267     
   191.13692641263532     
   180.90583507152047     
   170.30830886697032     
   165.74881333840821     
   165.53923638919105     
   165.14245098556461     
   159.67108205214188     
   145.71315917812714     
   143.10482926625312     
   135.96684898898116     
   134.80740556615029     
   129.29106214473401     
   128.15657153212641     
   120.16189218444123     
   118.83501016725604     
   114.44110400762486     
   113.13245914836341     
   110.80343565578730     
   103.72571718626004     
   100.50693504574161     
   101.11210511181628     
   93.805861061539531     
   88.532280482263758     
   91.431595024479165     
   87.449915824918065     
   86.795577579962668     
   83.135409286462448     
   82.265306840304788     
   80.325369650505110     
   77.508725727406372     
   72.495098102851486     
   75.353274009448242     
   73.752532149148720     
   71.062804280478034     
   70.019388010520899     
   68.794594173151864     
   66.999180570316980     
   66.836754792362186     
   64.828817317915380     
   63.180397808240656     
   61.889689936287773     
   59.487670447880262     
   58.067683928393237     
   57.137840907324026     
   55.629562762986716     
   55.977807112190021     
   53.631599496112635     
   52.301952746700238     
   50.757730948208952     
   49.240246327706544     
   48.953132910461335     
   47.993887160270390     
   46.764208379124938     
   45.355266402240396     
   44.313921257180183     
   44.064609808846654     
   42.656576783692927     
   41.931706040148477     
   41.197088471295309     
   39.951230204162606     
   38.508664161070186     
   37.340376796523202     
   34.101808569114311     
   1353.1399659374626     
   1156.5418410573334     
   999.50449445534923     
   866.98640310836026     
   762.85515468941503     
   690.01616666905841     
   634.94661857806352     
   581.93089679107959     
   544.10867976600321     
   499.06292168003301     
   483.48431656506693     
   471.68374092454479     
   446.26333949254666     
   426.77824416042381     
   406.65822958985854     
   376.97004407825352     
   393.94532019443528     
   369.96847566339676     
   364.85535167069264     
   340.81139017426801     
   330.17467066870341     
   312.63427275520371     
   321.21549655984904     
   294.70166612164701     
   290.62518676881308     
   295.22726875107850     
   286.97149843315873     
   259.69501112103774     
   245.75823386556419     
   237.52170178209371     
   221.14196673781385     
   210.17634947355040     
   216.16923517472563     
   216.70117760473582     
   222.26060215580139     
   209.34970604777629     
   201.53351882852601     
   191.92123677479631     
   174.45793798282827     
   165.30177683370832     
   162.81724980314740     
   167.02517566966253     
   164.37252372919812     
   157.75822651301738     
   151.05299374794666     
   140.44125579317350     
   137.32450733003813     
   134.86785700107220     
   130.55753660904585     
   123.49521785367662     
   122.43748522745065     
   120.53672046700174     
   114.83470527315288     
   112.46217967963248     
   108.92110743891715     
   103.12354629187836     
   99.994365886086470     
   99.275582637818999     
   93.442577924508129     
   90.617819146535652     
   91.213294190365730     
   87.871509066147311     
   85.236794765569215     
   82.541940125214481     
   79.796533966828520     
   78.461716379172941     
   75.486693217927154     
   71.027618028441836     
   74.185536683095904     
   73.308167123568694     
   70.985395088523617     
   68.486346564617705     
   66.539885835118270     
   65.748161893618544     
   66.239773170212445     
   64.287320907703432     
   62.035264229891993     
   60.733089316238754     
   58.883975765531424     
   58.621126368166458     
   56.150833074055541     
   55.861061425449790     
   54.378432977576303     
   53.421586655914588     
   51.337739495310139     
   50.349978214707917     
   50.040183841459736     
   48.497077029331656     
   47.356990396725735     
   45.358065016273393     
   44.750579680206386     
   43.673845399407760     
   43.950446357199823     
   42.638777600602523     
   41.876355042186276     
   41.230627337970091     
   39.863077626067081     
   38.212106808673816     
   37.468847355225549     
   33.954961417518582     
   1352.7731138884628     
   1178.9504673278616     
   1016.8398828368945     
   883.29885581227643     
   760.24864913017882     
   722.14375223456864     
   641.46624196747507     
   575.97625467775197     
   535.61158401889099     
   501.50340357372363     
   470.22141456225359     
   468.64780281447042     
   458.57013265183775     
   430.88019683664771     
   395.59917247915041     
   369.10624201017310     
   404.00749034682087     
   371.40901086169936     
   383.21998440837172     
   339.82768283618111     
   335.15349384680280     
   331.34075232379331     
   310.03759788260300     
   298.91941536267058     
   286.45126593672290     
   293.18846057417011     
   280.57330926713513     
   260.92831021016656     
   243.19186664824107     
   226.39892442685357     
   226.47644378737840     
   216.97801836005368     
   222.95649341692371     
   214.04931132796926     
   215.02120362889164     
   211.54832393988835     
   199.60924073921598     
   191.27377634410715     
   179.74684419328642     
   162.54533830685870     
   162.72313707420074     
   164.27548138062724     
   157.84590465215740     
   155.18672830903961     
   151.04298368812817     
   143.99219528416998     
   136.26384989903386     
   132.14433019555611     
   128.24521034775603     
   123.11319278426525     
   124.23510374619076     
   118.18844212885509     
   117.59094350885508     
   112.24950724260459     
   108.74777102854046     
   105.05407324817030     
   97.813559384060042     
   99.004340423489595     
   92.913629891886544     
   89.832493981060665     
   88.017440849770168     
   89.015289429440031     
   85.988797674085077     
   81.601423839198901     
   78.246361036076152     
   77.987537991442593     
   74.771230099544070     
   72.993645615589514     
   73.529352637499002     
   72.245020772958156     
   71.830768607674017     
   68.459053714061099     
   66.418003689738242     
   66.949122179016598     
   66.291062051369167     
   64.673870021647843     
   63.134551228864026     
   59.948177592391680     
   59.048152864360176     
   58.504984412376487     
   55.543289432103421     
   55.573387780415004     
   52.764718652245982     
   52.082007611003078     
   50.988389467710064     
   50.737038903007274     
   49.558823930066055     
   48.510396916050325     
   47.447803184611232     
   45.960975415959453     
   44.263030021411261     
   43.466338432624468     
   43.558790027281702     
   42.387518241781940     
   41.827255913677938     
   40.548995341356843     
   39.238721061165563     
   37.440255001552721     
   37.369303781214420     
   34.224894956362263     
   1345.5671486052538     
   1207.3288224035789     
   1047.3534205482936     
   905.21721237983911     
   777.79303191995473     
   731.74088068989829     
   656.15063099499673     
   601.18759748681759     
   521.35401683089140     
   474.85482476199491     
   478.70168995212157     
   465.61977867207787     
   456.02826803193790     
   437.78284000751779     
   401.29045111014898     
   343.80646071986422     
   391.80429101099924     
   346.31031968234629     
   375.21267134158848     
   335.18952484306834     
   338.64219348149743     
   320.50569842399699     
   306.06765324099723     
   291.07674332938166     
   295.03091239898600     
   297.06550156868121     
   288.16600392320754     
   261.69344726612940     
   234.31048352466922     
   233.12507753033771     
   214.88609505923671     
   216.39570329289134     
   221.08197964083118     
   216.42369621982212     
   212.74294936616261     
   206.30709953500431     
   190.92987046723962     
   184.99503558317915     
   181.04394619078641     
   171.36913753751315     
   165.19347458021008     
   165.30674500343665     
   156.38084670146878     
   154.81195388394426     
   154.66306157001483     
   148.07247711593283     
   140.52953924738949     
   130.89398554937608     
   128.72809474605626     
   124.91925641745095     
   122.66189817592010     
   117.20321995342184     
   112.97013381645908     
   109.34033247058490     
   107.47705051720065     
   100.15130890108834     
   99.399097451154688     
   97.331106403562018     
   93.803454932701399     
   89.491188858728790     
   86.137894876673784     
   89.412399525236566     
   83.255439735057536     
   82.328162302461109     
   79.999680983405042     
   77.308426032554195     
   74.240794436163128     
   74.730524293534870     
   73.630877809922168     
   71.952214955342498     
   71.752038738737696     
   69.976182064680970     
   68.067105378578361     
   67.250950986277360     
   66.041287341969422     
   63.951864830952871     
   60.995455359635052     
   60.030046452800690     
   58.512828188531365     
   57.782624775392506     
   54.931284901597351     
   55.715233001732088     
   52.586574385200670     
   51.105235121489649     
   50.669977873107463     
   50.849565739316532     
   49.383118919957646     
   48.283368512774047     
   47.495458186062891     
   45.814402134006919     
   43.853282658316417     
   43.543566138997548     
   42.577985274294853     
   43.181242113000557     
   41.925473031882831     
   39.662467457880950     
   39.140726188643420     
   36.726348336935843     
   35.931355117144179     
   34.293095948139076     
   1357.5659562906585     
   1208.3673459855399     
   1052.4972998710914     
   922.68612504268776     
   787.88212795061884     
   729.05536086278994     
   674.60590464746849     
   615.98059696290488     
   502.67178422339327     
   489.89307284916674     
   492.32077408601549     
   471.85066179910513     
   475.04372315008982     
   440.23805064054227     
   395.64400831005258     
   351.02885080285751     
   387.38227483556932     
   347.09981056247375     
   377.04633520268737     
   326.58603464644762     
   336.32654417800399     
   312.75196963212011     
   291.71487225828162     
   289.62276645521206     
   293.33479166147208     
   309.45477698084130     
   301.27754242410361     
   272.63227641889750     
   240.70946158731658     
   233.07574664730311     
   222.38460162836139     
   213.48613511672565     
   218.31657826145243     
   215.67807921705833     
   223.04014298013738     
   204.11704190179825     
   196.55713293398691     
   185.56337446917112     
   178.02266238195665     
   175.70218466797112     
   167.66062121187792     
   169.09432536571990     
   156.03164925902479     
   149.52468941264661     
   151.52596663936285     
   145.63499623242001     
   134.97544365700426     
   129.64758958031797     
   126.71872211651728     
   125.87245826339068     
   124.22086766603617     
   120.08829551750210     
   107.34480690851919     
   105.68522177679074     
   105.01959725226807     
   98.975440504620479     
   100.10910936084997     
   95.877384406568510     
   96.325511319394536     
   91.009714118449295     
   85.657119385572983     
   87.696533608087577     
   84.046053901736769     
   81.559684159856999     
   76.690887052837553     
   74.347037865991368     
   73.207890879773004     
   75.016539931531341     
   71.586683618514385     
   69.999151751548311     
   70.808368708575003     
   69.042444112803324     
   67.644960596612577     
   66.990620414755099     
   65.673602039263002     
   63.910487498232754     
   60.621494765242474     
   60.025302594929897     
   57.558110691322135     
   57.564312959265699     
   55.793209103336892     
   53.403657748541946     
   52.305069393095664     
   50.974776827462534     
   50.141871314639666     
   49.569966407354272     
   47.868073763471585     
   48.309933341617636     
   46.630035775856612     
   44.682097362942990     
   43.445153739249463     
   43.885864558651576     
   42.364902413420879     
   42.287079028069016     
   42.398146115844057     
   39.705781093892170     
   38.143927291908177     
   37.136153276672857     
   35.629816144993434     
   33.388704046313585     
   1361.5130122480200     
   1208.1749218738601     
   1056.2966291208663     
   934.79426839203518     
   803.47899891789177     
   720.14999149453774     
   688.89203562476723     
   616.84518105565905     
   497.94565121026989     
   474.78971519318611     
   481.27900736900483     
   482.66899954501287     
   468.78892306937701     
   428.18864165680850     
   395.69913410748012     
   359.21785838070593     
   368.87184058800881     
   354.58892772706616     
   353.25741058132991     
   335.43775579909129     
   321.31172143360197     
   316.29727867982149     
   290.67064373824149     
   290.18540863647513     
   293.26434991182248     
   300.14552616270123     
   302.35937108062518     
   279.66725396622309     
   259.10088920493183     
   226.02468053090905     
   208.71814741217224     
   208.59492797382171     
   216.34772437819640     
   207.28244458986592     
   225.57191729199951     
   214.71032399288515     
   204.96421664734072     
   183.47332871161575     
   179.52884957414037     
   176.69952847014068     
   166.50043426992269     
   161.06614248461426     
   158.88703612944218     
   146.24672761164885     
   145.00751228821485     
   143.18477961192733     
   129.86469943319108     
   128.15466021591070     
   124.48063943007458     
   123.47919325895266     
   127.95077313136268     
   122.46321888924658     
   113.17684331637821     
   106.25644738400011     
   105.29141392183537     
   100.48376020795715     
   99.193750310658743     
   96.630714249645862     
   97.424945772448837     
   91.522281882492393     
   86.252230646794544     
   86.401857084009507     
   86.217552182594403     
   82.626555971358101     
   77.210798165181075     
   75.632179559705691     
   74.279099625913204     
   72.847314265522940     
   70.969618330103771     
   70.641790994584795     
   70.992227738990920     
   69.511879234248028     
   67.462746018055768     
   66.354739511863841     
   66.105244249438783     
   64.619798528621146     
   60.689648737341415     
   59.220184508122017     
   56.911995101699617     
   56.696330575979431     
   55.741396050342516     
   54.092418945144999     
   52.583203517618387     
   50.378594099401319     
   49.581233066664794     
   48.439888510493248     
   48.231162187772100     
   48.746285523952011     
   46.131559065783541     
   44.370797158375240     
   44.772514529577094     
   43.374644849776786     
   41.824439913205950     
   41.813274242683534     
   42.129491437911845     
   40.147381473423039     
   38.459678308369504     
   36.626906470653353     
   34.905631003602650     
   33.202926826636556     
   1374.4175722586829     
   1204.2977088612256     
   1060.1887218288648     
   943.53165570224689     
   821.59611711892512     
   710.79806336086085     
   698.56548707014474     
   629.87842356764997     
   505.60413375300004     
   465.86283361244546     
   496.45270168512764     
   496.06184905511088     
   452.18648699060520     
   426.14828642144613     
   397.58820490720063     
   357.39985634439370     
   358.11072957584565     
   323.99502427985180     
   330.92667460999371     
   318.56595837095074     
   309.04647902820625     
   315.04856863279105     
   293.57252525944227     
   273.85231126518596     
   299.95600623545238     
   305.77938913915813     
   305.34462355674646     
   293.31467696358891     
   259.87128382724751     
   223.97721795797176     
   207.60044272202231     
   197.87389218577178     
   206.78864386577641     
   214.39614298524887     
   238.38570869377230     
   226.47064799324676     
   192.27102268006769     
   177.49631706976322     
   180.26354178098444     
   175.73936346827060     
   162.81340671765176     
   165.26053282242339     
   157.61237350156870     
   145.72442156017698     
   141.14786921685430     
   139.46488322447237     
   127.38100382739105     
   125.50067065408021     
   125.03606028105236     
   120.85793309890272     
   132.13489077865643     
   123.20345813510420     
   116.00115230684585     
   105.77364113866491     
   104.72680353497321     
   99.959114580921664     
   98.123023433447756     
   97.352511773009439     
   97.931166778177015     
   89.237554790423687     
   83.628325917493754     
   86.014539709135221     
   88.240202140601042     
   79.695270928822907     
   77.364267755958494     
   74.441484691457134     
   76.582989180293723     
   74.448767212008661     
   69.973634285115750     
   70.901541335674722     
   70.730800869586417     
   68.969797479870309     
   68.788419599015711     
   67.019612272340098     
   64.891206717880550     
   63.967796009426976     
   59.710875879098083     
   58.796804315760127     
   57.354069660183306     
   56.180974028688844     
   56.627269876045531     
   54.787742189679435     
   52.653663861789923     
   50.707364306306481     
   49.098890038650964     
   49.242506993940836     
   49.507964713746837     
   48.232772460962451     
   46.535326940459029     
   44.488597609494974     
   44.820049251577970     
   43.168223620311537     
   42.149209039995789     
   42.030038381007138     
   41.426028451535785     
   39.403881300380903     
   39.214810745158800     
   36.819926636087921     
   35.502273201459495     
   33.271961042857697     
