           1
        3200
           1
   971.62065485073606     
   918.57704836135872     
   883.30209324091311     
   853.80487407225405     
   831.25564061376883     
   808.06622811402576     
   788.02455754611196     
   767.60981663670054     
   748.92810625847255     
   729.36501618764692     
   712.48404943009723     
   695.82580375443513     
   679.34572775421816     
   664.36832957775869     
   649.02394142036530     
   632.22729196167961     
   615.28369415191617     
   600.01465998803315     
   584.49803430287602     
   572.82006245048717     
   558.38673417551490     
   544.72080849054419     
   531.78028352933438     
   518.39451275197939     
   505.47891899426850     
   492.22537653161152     
   479.76048609807611     
   467.95341785738128     
   456.20881802349209     
   444.26246417827872     
   432.64821947933615     
   422.08280059066306     
   411.14871474352321     
   401.78827948939943     
   392.37654504436961     
   382.30420838493825     
   372.43231948206221     
   363.19470802098363     
   354.56553704242305     
   346.19179349134697     
   337.41980684585968     
   328.70860633974752     
   320.55073517821745     
   312.59763920801538     
   304.96022236145177     
   297.66437073694226     
   290.60770086992511     
   283.88220279811594     
   276.89117082152080     
   270.56672730899726     
   264.36440710172246     
   258.26474038202110     
   252.30729481132724     
   246.30838025747934     
   240.88495352368932     
   235.42403530085622     
   230.28341221774264     
   225.36504137981194     
   220.31930096230093     
   215.40243519158895     
   210.82366331215633     
   206.46031020626279     
   201.94781149108212     
   197.81646875239224     
   193.63865487410982     
   189.61858598405149     
   185.64996095088489     
   182.03621620674735     
   178.22488010995727     
   174.56787129484917     
   171.06012640606585     
   167.67825116037369     
   164.34313299396553     
   161.05858084146672     
   157.89246318545929     
   154.84697691751711     
   151.78817039500478     
   148.88970496925290     
   146.01710785362229     
   143.02952093154812     
   140.24171758178554     
   137.46909217164949     
   134.86133106759095     
   132.28105838559250     
   129.78048850683342     
   127.24551090421303     
   124.88639569304804     
   122.52615570467333     
   120.21566876613321     
   117.93101538394784     
   115.78318080516893     
   113.63351449415894     
   111.44826613597078     
   109.37401158435364     
   107.36435729001663     
   105.32004449326463     
   103.35625172576687     
   101.40923747047160     
   99.534255818327949     
   97.704785256274789     
   991.87731998217816     
   961.48514433726370     
   920.89752523249058     
   886.51341404601635     
   857.15873665535230     
   831.30061246164303     
   808.57738560053292     
   787.39739175246552     
   767.35625634641838     
   747.64395405656012     
   729.50356952122138     
   711.50229962159870     
   694.44293214844379     
   676.01029659912160     
   657.99917467439036     
   641.69506300657622     
   625.74504710191479     
   610.76849348857934     
   596.01040350988342     
   582.02174557725129     
   567.74007238519994     
   553.12649454946882     
   538.60154596845530     
   524.53478063003297     
   511.33770161635812     
   499.36969442491608     
   487.36910540270043     
   475.41548497028958     
   463.20094660653751     
   451.59628126316966     
   439.89853437974193     
   428.54759326514761     
   416.99829581638693     
   406.45292209624182     
   395.16061110114015     
   384.16709680574951     
   374.16667454119329     
   363.89817832462285     
   354.51131549248282     
   345.03124477134145     
   336.79031545648292     
   328.40938218565725     
   320.47933670500345     
   312.96848939934137     
   305.30837845748425     
   297.67987682242926     
   290.62493952629382     
   283.93068020508048     
   277.42295001712540     
   270.68147375079974     
   264.31445994355181     
   258.01307975939176     
   252.32784985031142     
   246.71391606409045     
   241.29844519132979     
   235.89531778647006     
   230.98265799311298     
   225.84593447243464     
   221.02814966453212     
   216.46425571544464     
   211.85145091169156     
   207.31299578996132     
   202.97403425018121     
   198.58391841428482     
   194.74142599592722     
   190.65280004615752     
   186.62948375551059     
   182.58695073566315     
   178.98019744477836     
   175.36455365021669     
   172.03336348041205     
   168.71390565525198     
   165.36337204967975     
   161.93028062984652     
   158.81300520060429     
   155.67893978442697     
   152.74592929110253     
   149.79799965618483     
   146.75774896859423     
   143.88418958326938     
   141.24253103327547     
   138.57413044756379     
   135.91719079264320     
   133.42617906249941     
   130.90160070150199     
   128.31056081657005     
   125.85473729252939     
   123.48183822003929     
   121.13284905943732     
   118.80108539884762     
   116.52683764288594     
   114.28876909067736     
   112.21315474272348     
   110.09619390903188     
   108.05598540993506     
   106.04515121514034     
   104.07263545900088     
   102.14649702564611     
   100.27039438388698     
   98.368321996539706     
   993.83185898980673     
   967.06377660925591     
   941.39823459579384     
   910.27990291107039     
   881.17952395159978     
   855.43208891781092     
   829.80629371818520     
   806.27207954664846     
   782.32250138082236     
   763.01848194097192     
   744.26856957359860     
   723.78473996139178     
   704.34751946057031     
   686.25979556019774     
   667.97740743773397     
   651.61964134728805     
   635.60665670448998     
   619.05021203535011     
   603.97161813239461     
   589.03871587482683     
   573.51049826352494     
   559.25835062022577     
   545.01556674008100     
   532.67441773090923     
   518.91895678146739     
   505.52727613394302     
   491.15885352530410     
   478.12264670530624     
   465.03656986874631     
   452.04930677417804     
   439.22668187408044     
   427.66818278077147     
   416.18100943152956     
   404.29302086580793     
   393.83326574320404     
   383.75658322691839     
   373.25603226338058     
   363.32585064909642     
   354.33555923784041     
   345.34022105790194     
   336.56501299562439     
   327.79556223719464     
   320.03057758180063     
   312.38634451029515     
   304.93457159807372     
   297.26929232121847     
   290.19977274828801     
   283.12439725541395     
   276.30960664760954     
   270.03852072011591     
   263.78524016584674     
   258.06556243679029     
   251.95846909582201     
   246.14732900725238     
   240.73491130307195     
   235.71803502420255     
   230.40587710045892     
   225.34114576628755     
   220.71025760758138     
   216.05754943311706     
   211.49996485561002     
   206.94236053275009     
   202.45291783862154     
   198.27236359417395     
   194.25097845606882     
   190.28578798260909     
   186.51104272954191     
   182.86347426451556     
   179.07690208145070     
   175.38424503204484     
   171.85108129425328     
   168.33648840800566     
   164.96331176764164     
   161.64228052323148     
   158.51202714131909     
   155.38029379597936     
   152.32014665602591     
   149.19890916069230     
   146.33321231125228     
   143.46649910445609     
   140.80532627939564     
   138.15673789973650     
   135.43179610187508     
   132.92208730998294     
   130.32078652474539     
   127.85273337594793     
   125.44643713557329     
   123.06892195335368     
   120.61396700254129     
   118.36780820932326     
   116.10295414801408     
   113.98420028286374     
   111.82510165564847     
   109.76598300736131     
   107.65860502243731     
   105.60048264376525     
   103.66221727748976     
   101.68536965900228     
   99.772737099490286     
   97.873326448241386     
   1001.1412388804074     
   972.44373228485847     
   947.70913526121149     
   924.10794976103170     
   896.22534726692720     
   869.48662477315202     
   843.76570104922098     
   820.77322132559664     
   797.88682861159532     
   774.26611543059698     
   752.42383871067841     
   730.68563813351943     
   712.31040717906671     
   693.65277561012431     
   677.33998107561422     
   659.71590366100679     
   643.12698345410342     
   626.55511815986256     
   610.00583981986483     
   594.62669688134724     
   579.50735923726074     
   563.55270841442314     
   548.04353816881121     
   532.72795452821993     
   518.83102556374320     
   504.04204366850371     
   490.37168952953732     
   476.67488346187628     
   463.62521539708928     
   451.09863367174876     
   438.25811370725648     
   426.71655670764432     
   414.93644134919754     
   404.36966215564257     
   394.08882491177883     
   383.53234427337617     
   373.75160254623233     
   363.69085670846226     
   354.55765468466194     
   345.55510781006330     
   336.71255472455948     
   328.26528177267778     
   319.82078495800783     
   311.93295145731747     
   304.19523705556185     
   296.69575456211788     
   289.77612873716288     
   282.96143331131020     
   276.66738587646540     
   269.75007651670319     
   263.70948777940083     
   257.85531382516706     
   252.14397964852992     
   246.90506241729639     
   241.64660510061924     
   236.30824112635969     
   230.76962246884563     
   225.56847076893638     
   220.85598641220076     
   216.22097589893639     
   211.59057409546597     
   206.99898667732245     
   202.75119490913445     
   198.51557178629170     
   194.48010462335810     
   190.36919426110671     
   186.51902484180073     
   182.69997250185645     
   178.93599163445262     
   175.25704548311046     
   171.68876987397624     
   168.23669920958233     
   164.85232724235303     
   161.62823899534914     
   158.58305398060639     
   155.37598633336808     
   152.22441043520388     
   149.21939775337040     
   146.27597231115311     
   143.41969150446690     
   140.51730754516646     
   137.95885303510858     
   135.23600194065489     
   132.66150702249405     
   130.00031036600109     
   127.62524607839882     
   125.25440624732029     
   122.78568955046163     
   120.41969616744841     
   118.10436065301303     
   115.80399330003915     
   113.53412486379324     
   111.43417767699029     
   109.31095270601516     
   107.22656686570824     
   105.25479439836229     
   103.27792842360250     
   101.31266807995415     
   99.431150803434889     
   97.566761961090705     
   1005.1122755881344     
   975.65822182924467     
   947.00052653569139     
   926.90885744831075     
   905.67078010261207     
   882.75947502944337     
   856.40611233078766     
   831.12101350358830     
   805.57597071975670     
   783.39795535545863     
   760.04902522442933     
   740.00761562831565     
   721.56838217161146     
   702.64007441279728     
   683.81765883875676     
   665.49647106230759     
   647.25957995585213     
   631.40489901551450     
   613.83552105805563     
   597.74603653823681     
   581.93370873691470     
   564.34752991084292     
   548.93655975423962     
   533.59379432696448     
   518.49391013775971     
   503.87841466740372     
   489.56147932935988     
   475.77765066626239     
   463.58170769274062     
   451.13076475729724     
   438.35990000649952     
   426.44758475475044     
   415.03884235301939     
   403.46218850148125     
   392.64757882369946     
   382.57166174624803     
   373.20105404910584     
   363.58625618154429     
   354.38619413691595     
   345.11537299452777     
   336.42302020846364     
   328.21942623314726     
   320.25762381401825     
   312.82498275796786     
   304.95512967589735     
   297.49119892880833     
   290.35546746434039     
   283.05568909568603     
   276.79543446083869     
   270.26267419928320     
   264.36237901188633     
   258.06371522769996     
   252.49129363555829     
   246.60429962397021     
   241.44113249388246     
   235.99401575631884     
   230.93200337638740     
   226.04897712818217     
   221.18259264508754     
   216.38315243978042     
   211.35070152702664     
   206.85741167768288     
   202.30966326774896     
   198.15434475832708     
   194.05261354438920     
   189.84443447039069     
   185.93657181720397     
   182.17016765305652     
   178.46878193168988     
   174.88019422094206     
   171.54819141777040     
   168.24551029181873     
   164.95136117235106     
   161.72577756244570     
   158.42760986755266     
   155.23384663359070     
   152.19040130767218     
   149.15811971172386     
   146.31277078957004     
   143.51137248952472     
   140.67763362713126     
   137.96363241522170     
   135.22159748675506     
   132.60094193804386     
   130.13612436504334     
   127.75568388472878     
   125.23910949804386     
   122.82687141994202     
   120.36770201122880     
   118.08276172257722     
   115.84018858098632     
   113.61422191763441     
   111.50120579772005     
   109.38168531156782     
   107.24735015669806     
   105.20433079321393     
   103.16872318604365     
   101.23389813034510     
   99.272188647360906     
   97.410927916182004     
   1008.7545766810675     
   979.87077717453280     
   954.81043135686866     
   931.31872133760044     
   908.06246758441046     
   885.61921810378090     
   863.32719400664189     
   839.19806790109601     
   815.86825080891913     
   793.09916934730984     
   772.35388429234001     
   750.28155476016150     
   728.91381209642634     
   709.69083764455979     
   688.54868855095356     
   670.63126992081902     
   653.00868890842776     
   634.87444872659580     
   616.76830795081491     
   599.18177565112342     
   580.68221135069507     
   564.14453282712361     
   548.02726124211108     
   532.33953225522998     
   517.35601265135767     
   501.51685539025380     
   487.81287561643774     
   475.03778917538710     
   461.76614422385506     
   449.46919885643661     
   437.94018930353275     
   426.13827347335416     
   414.74289536101577     
   403.40990201452701     
   393.06104505056294     
   383.07232755687426     
   372.47211352695973     
   363.39046696526748     
   353.96401638666157     
   345.16646399780581     
   336.49324952545345     
   327.71581975583467     
   319.88375258415374     
   312.12743500397937     
   304.12700124391012     
   296.86540982198494     
   290.14867535629315     
   283.39681498333243     
   276.70722605914403     
   270.34910289319458     
   264.18802113409441     
   258.12191061804202     
   252.31563501591913     
   246.28112860880395     
   240.47087586107011     
   235.58261174850219     
   230.36880858126193     
   225.24690167001961     
   220.33664233814619     
   215.62350652917189     
   211.15316281729162     
   206.71866302031782     
   202.32300651614338     
   198.14855791820338     
   194.23965530376583     
   190.11551390861337     
   186.23366911882886     
   182.22254983775710     
   178.61676684194882     
   175.01073591465803     
   171.51101876404562     
   168.03749277102833     
   164.64508563443593     
   161.36162754819043     
   158.04427906659606     
   154.84715671540195     
   151.76110299483560     
   148.83306127207919     
   146.11703990008471     
   143.19409886213120     
   140.30883669418222     
   137.56762999860433     
   134.81654005636386     
   132.24791268725937     
   129.64317077883089     
   127.06000011079210     
   124.60867873244908     
   122.21776094718066     
   119.89183616431735     
   117.54337613619262     
   115.22750875493594     
   112.92460266333049     
   110.74873035189060     
   108.62417107812618     
   106.54010877692201     
   104.49383770743657     
   102.40171294933336     
   100.41235758911289     
   98.500290087960963     
   96.598879169954699     
   1012.9409259553872     
   981.79294664220117     
   957.97920119206367     
   935.45897086653451     
   912.42119922610232     
   888.02958960618673     
   866.33376263858099     
   844.63321831342569     
   822.71958246065128     
   799.53517233365187     
   776.69029507669859     
   755.73794946981241     
   734.37765483549151     
   712.89435959402806     
   694.89699976994075     
   674.55627718373341     
   653.74353884508605     
   634.24093629956462     
   614.91050488376322     
   596.62391680591600     
   579.17056302825665     
   562.53310699843064     
   546.55771841559476     
   530.71211404363783     
   516.04316617017139     
   502.68227800185008     
   488.34271307318113     
   474.77799036346482     
   461.72932514461024     
   447.81755091424105     
   435.21521009108551     
   423.78719882941300     
   412.13464192481183     
   401.50148099618031     
   390.40102896532778     
   379.84243078153088     
   369.89418210605163     
   360.44789981372799     
   350.93790690517176     
   342.10289239349470     
   333.19429781870906     
   324.98011245820447     
   317.05666006329045     
   310.12084378681698     
   302.54112308864910     
   294.86874213086696     
   287.86272658923406     
   281.35300846584312     
   274.79789942463520     
   268.52218810310455     
   262.18143837256218     
   256.08697063541644     
   250.28328094566297     
   244.88072153210001     
   239.63983401594274     
   234.56327860603284     
   229.11893127806508     
   224.19310451696640     
   219.80672200179058     
   214.86299333885088     
   210.17466310303180     
   206.01809302500621     
   201.76917917220933     
   197.23474448656913     
   193.09006310567156     
   189.07327429886391     
   185.39123905429639     
   181.60254983284085     
   177.79852805935889     
   174.03576950458938     
   170.59515448513662     
   166.98786866498131     
   163.64823037235567     
   160.27888913694554     
   156.88841679754523     
   153.71348460778245     
   150.77867325364176     
   147.69961709503897     
   144.81784821382999     
   141.81410959390806     
   139.07121413219787     
   136.29789686734847     
   133.53307331513045     
   130.80543014629151     
   128.21728860512781     
   125.74252775706152     
   123.23165738541138     
   120.68138571996423     
   118.33651247957438     
   115.96555929291303     
   113.63422412799574     
   111.41616252944206     
   109.12064489183280     
   106.91974637642650     
   104.87094611371515     
   102.76655944435836     
   100.75321210370114     
   98.719516100329216     
   96.752915740845324     
   94.808467460024985     
   1019.2921090011482     
   988.64417198280705     
   964.29678850614891     
   939.71835051638573     
   915.12802200929320     
   891.55049451587684     
   868.11243918359366     
   846.04961314197988     
   825.12125166866349     
   805.49854851122200     
   782.72582926681707     
   759.70256782165347     
   738.24641126382244     
   717.23674374206666     
   695.57636613972863     
   673.72961034793332     
   654.27136313662868     
   635.40454305500407     
   616.64419246351019     
   597.10602078505065     
   579.19769659250858     
   562.62742001387949     
   546.59147209460787     
   529.96404538578122     
   513.79431066645884     
   499.62693688646840     
   486.32572636592386     
   472.12083123995137     
   459.04841569294160     
   446.11461569872705     
   434.63869236626795     
   422.67514075408508     
   411.52053092288713     
   400.48440082561649     
   390.58536605852112     
   380.15814863510406     
   370.46798587500211     
   360.55321438021588     
   351.72791103524366     
   342.67632930239802     
   334.01924040891976     
   326.05532743654032     
   317.86072887595225     
   309.75054214904458     
   302.58259796151032     
   295.72248251996695     
   288.49550267486313     
   281.90709306889636     
   275.05389555128471     
   269.19632688101456     
   262.96922648027339     
   256.93135006840782     
   251.20901799808252     
   245.56091590500316     
   240.06723239799737     
   234.49341463954562     
   229.44255398568794     
   224.45055557114711     
   219.60453330919313     
   214.46964475122610     
   210.03970117915949     
   205.66826400454858     
   201.11986980531864     
   197.05275631341448     
   193.03942722822921     
   188.99697099275016     
   185.00060308467999     
   181.08153913759074     
   177.09953477578171     
   173.43178658927749     
   169.90688194193220     
   166.42433876959859     
   162.98121307596034     
   159.68529745673194     
   156.37512605902299     
   153.30363155562543     
   150.21075788819167     
   147.12073852546311     
   144.14813770823264     
   141.17888510287372     
   138.15656644203966     
   135.28283210436513     
   132.49836480391150     
   129.78780990627374     
   127.08753624479230     
   124.56005493029140     
   122.07148759388571     
   119.56611820475736     
   117.17505137233610     
   114.80325371873226     
   112.44882545987748     
   110.14394170592419     
   107.89039157236857     
   105.74903818376960     
   103.63452614989559     
   101.47917199762247     
   99.535704614497703     
   97.512059987677546     
   95.577023825737129     
   93.549029703455659     
   1025.2945834897930     
   995.92001233861936     
   966.74230630423551     
   944.14217390145495     
   919.43557767815378     
   894.88678522695761     
   871.70272964162564     
   849.67939610713654     
   827.59105625133975     
   807.38873532604839     
   786.08253402072432     
   764.74809943183982     
   740.96715506515807     
   718.35585478436622     
   696.85021049226566     
   674.27994821412847     
   652.61879261429578     
   632.14585950508274     
   612.73754823549439     
   595.39742636597384     
   577.84658017798097     
   561.76006652739363     
   545.18359518969589     
   529.10373691164182     
   514.85625656169600     
   501.14382034705494     
   486.08333850729775     
   472.34886139590691     
   459.32983590859737     
   446.87650044681914     
   435.41538427479981     
   423.08204814048679     
   411.74075563374782     
   400.41837851542806     
   389.42944670461674     
   379.25497905150780     
   369.75204544748448     
   360.35211965965289     
   351.82341809285629     
   342.90954911780199     
   334.05133066138910     
   325.77986856909331     
   317.62266987857345     
   310.22314007636709     
   302.79278794822534     
   295.76600126133303     
   288.94028159345135     
   281.88775056009348     
   274.85839291456614     
   268.54678710490032     
   261.95453731293696     
   256.04434628218951     
   250.59980126765396     
   244.75246957510882     
   239.44319089330995     
   233.94695539939329     
   228.41820323566446     
   223.32158640319835     
   218.39727941651705     
   213.80885964773501     
   208.56495651866055     
   204.39725665897510     
   200.04357785149372     
   195.62827626442342     
   191.46534900916745     
   187.20811384659348     
   183.19583433964814     
   178.97910021588689     
   175.24128161139532     
   171.60100895455588     
   168.02452698237170     
   164.51028028376297     
   160.82865250714326     
   157.52963071043962     
   153.95258230530621     
   150.69182414020941     
   147.53907184333616     
   144.49761721028531     
   141.48055247265768     
   138.59016643448805     
   135.68139063086099     
   132.82813392272465     
   129.97502228903616     
   127.21671270755724     
   124.58877458447638     
   121.89204046901423     
   119.22368829683381     
   116.77512565477400     
   114.40259084785760     
   111.91132334442591     
   109.60701685567844     
   107.26338820361357     
   105.13215764588784     
   102.92258713647675     
   100.75509508008659     
   98.674621231112425     
   96.520544787941063     
   94.499594861216025     
   92.559460088914207     
   90.574086803536574     
   1028.3829564739774     
   996.40149235042873     
   971.28435558799208     
   948.54315794699914     
   921.94072888206847     
   896.38250311250272     
   873.39673075931717     
   849.32704708331835     
   826.68824719127247     
   805.07753953883127     
   780.77768712706529     
   757.60354331032386     
   736.43731055886678     
   712.77757411746279     
   690.45814153550168     
   668.18722842265129     
   649.27623209486501     
   629.64393872462665     
   610.63280131237786     
   590.92283524615561     
   573.80574048368612     
   556.76439681330089     
   539.57533675516368     
   524.39501264755995     
   510.01616473214352     
   495.90115148019061     
   482.88660562822719     
   469.48468247778379     
   456.82386945826227     
   444.09044572838536     
   432.09006970109266     
   420.96174236678593     
   409.13516414262460     
   397.60351336275869     
   388.15165332698746     
   378.59137585945075     
   367.81350037525374     
   358.13459416666245     
   349.24474275316527     
   340.36021918578643     
   331.68239387499898     
   322.98107153894819     
   314.87935528731481     
   307.06983732072428     
   299.52127440824404     
   292.38131799002451     
   285.83703426050164     
   278.64230703274683     
   272.04245619595002     
   266.08086926498106     
   259.60727391768836     
   253.53061673809520     
   247.94201453661631     
   242.05200836069417     
   236.63939926153245     
   231.09261023107723     
   225.70372331553835     
   220.79515074882434     
   216.19545459096850     
   211.33762861777905     
   206.55430978123380     
   202.09575110015641     
   197.54727856155205     
   193.17911148129591     
   188.79454787028021     
   184.59882540185276     
   180.28971967365061     
   176.35167046683029     
   172.59940766035402     
   168.91002025132141     
   165.07809173446802     
   161.36311730336320     
   157.84207635012928     
   154.52773926552806     
   151.31358746764263     
   147.89463573673982     
   144.51828674930658     
   141.22302855925270     
   138.02904758317186     
   135.03738922079521     
   132.12776983742964     
   129.17017824229083     
   126.21112892481098     
   123.49462349525031     
   120.60049489382106     
   117.86055080417714     
   115.49993342620725     
   113.05646145728980     
   110.51081756418675     
   108.02924562613838     
   105.59703882216169     
   103.36114697170235     
   101.01150717251971     
   98.833168088143424     
   96.648978974235405     
   94.588645935065401     
   92.656845541045726     
   90.669788805194216     
   88.667246870771280     
   86.722781498069295     
   1034.6276614223464     
   1002.7178556252600     
   976.86178599348830     
   951.44236307121696     
   926.95093943654979     
   900.39706420911546     
   873.41847330903829     
   849.72253275024832     
   824.02365334019851     
   797.37646855081721     
   772.27790323039835     
   746.99478149461629     
   724.18556260881689     
   702.15880143754350     
   680.99351702756667     
   661.57547464500317     
   641.81088742647785     
   624.48759300262282     
   605.70761721500571     
   588.95693622178487     
   572.80600246579661     
   556.57721885034641     
   540.26119100541428     
   524.28356707294643     
   508.99677199335201     
   494.83305820106909     
   481.13026447202623     
   467.27753640932502     
   454.55416128826266     
   441.64358776932295     
   429.92945777525830     
   418.34002541318455     
   406.51379175537187     
   395.90575951596344     
   385.52632832723248     
   375.41930136204661     
   365.53946522165541     
   356.09347184985631     
   346.92338263062965     
   337.73516394593605     
   329.14807227147605     
   321.38052552250639     
   313.33587383287056     
   305.54908476127667     
   297.57050364723966     
   290.11388951556194     
   283.48848638179021     
   275.99638243917252     
   269.30492263058244     
   263.45449765403976     
   256.80150553150276     
   250.80560984918517     
   244.58299878697818     
   238.40387867399710     
   232.57723433729097     
   227.37688057235394     
   221.46225630006600     
   216.18061574143456     
   210.84684279334755     
   205.74152123179391     
   200.76838305859482     
   196.45164655917998     
   191.80993541790144     
   187.20380254529695     
   183.08219672247472     
   179.07517577600572     
   174.80388677913010     
   170.76950602279479     
   166.68668889925090     
   162.82603101822232     
   159.09971421622913     
   155.35174639810970     
   151.47904781865492     
   147.97404438773256     
   144.73193567564937     
   141.38546082555914     
   138.24565430277667     
   135.09583925236174     
   131.90157389112227     
   128.74684123549449     
   125.66334860299789     
   122.55878496988117     
   119.82299649319057     
   116.96996544211569     
   114.22493599157710     
   111.53538863439505     
   109.16555453907699     
   106.62296264959056     
   104.28320624081366     
   101.80445436029943     
   99.589255653847033     
   97.436414362360424     
   95.013000102593764     
   92.903342377788022     
   90.731047135565802     
   88.598463104114145     
   86.690337641484362     
   84.859812378275095     
   82.879392823944869     
   80.953018692825225     
   1040.9816906925298     
   1008.8109126847904     
   981.76408856245268     
   956.70032800232741     
   928.62374602766306     
   901.52083620225244     
   874.15616969937139     
   846.02685848922465     
   818.90332280969017     
   792.06805550367528     
   764.38814756692193     
   738.16730295506250     
   713.91189567871140     
   692.00382113577973     
   672.04187471628779     
   651.67300325623319     
   632.89949095443149     
   615.74112604627840     
   597.59231250783080     
   580.29814000962847     
   565.05533063614007     
   549.45914651677640     
   534.42500566130093     
   519.79894921489722     
   505.52421029760598     
   491.98439379380557     
   479.61498228057064     
   465.89213089213746     
   453.29300908966928     
   440.38128431707577     
   427.51217522011211     
   415.93097111444513     
   404.43926991673561     
   393.91249558332021     
   383.40801695207392     
   372.74067352528607     
   363.51177293150459     
   353.72206929581336     
   344.32435001230817     
   335.45399526850537     
   326.20429134639511     
   317.82669456515555     
   309.51865186491347     
   301.29081456099391     
   293.16425204231575     
   285.28565239233779     
   277.77369648673221     
   270.25911363913838     
   263.38629894589747     
   256.90549598620129     
   250.81803287059424     
   244.27435745636481     
   237.54499941052944     
   231.34145878885192     
   225.48668814220218     
   220.09219516053929     
   214.81437162200126     
   209.55792203787627     
   204.16310725514595     
   198.93508827288673     
   194.27620639658156     
   189.07101107948876     
   184.18948246115133     
   179.83833016195751     
   175.07164943438681     
   170.94002980499704     
   166.73736177155644     
   162.32069234605396     
   158.52491140231061     
   154.88386381012546     
   151.06332705825449     
   147.24566006622550     
   143.73057092144163     
   140.30360223989874     
   136.77433168569291     
   133.55554235453445     
   130.44647400546597     
   127.32667518813508     
   124.50510966215911     
   121.63602675268884     
   118.35147831908765     
   115.24594389176906     
   112.54457937439304     
   109.69823394351738     
   107.16948705654079     
   104.37439710970285     
   101.97814097677559     
   99.668280611000654     
   97.364368412232452     
   95.069278830209740     
   92.939072334726234     
   90.684473844780470     
   88.473424554168361     
   86.410010736561190     
   84.425836618467429     
   82.327356621641968     
   80.325984832712393     
   78.400197495475240     
   76.526245122400638     
   74.551127443320581     
   1044.6851086646188     
   1012.9402067817809     
   986.71182931802423     
   958.04325581748969     
   927.17805811315179     
   896.40484584981016     
   866.30936059418377     
   836.35840386869540     
   805.03733602242664     
   774.80569631484593     
   749.40714005720633     
   724.34095686078558     
   704.63301216401715     
   683.30357084481557     
   663.21227066070765     
   644.08401411696161     
   627.76142291518454     
   610.61135269497527     
   592.30441086868029     
   574.97180442345586     
   558.69425732885111     
   543.58475698566770     
   528.94762522922906     
   514.18638723481354     
   498.02772488219262     
   484.25405193565859     
   470.57410630657091     
   457.14715546931114     
   445.07977598702314     
   433.08023176717313     
   422.28382739224600     
   410.98493809337270     
   399.50113007226895     
   387.36622920063189     
   376.66307522991013     
   365.91648801098688     
   355.81186700576905     
   345.00611913748730     
   335.80682281785880     
   327.45194074501035     
   318.40298503358974     
   309.58239841244028     
   301.22643003353807     
   292.64186765277231     
   285.08046262512937     
   277.40638132741083     
   270.07592025404165     
   262.89119507893804     
   255.26523681225234     
   248.44922343416522     
   242.20701990308424     
   235.14514601933882     
   228.24762588670040     
   222.56235983133666     
   216.60747210536010     
   210.38081681998261     
   204.50712724998786     
   199.78623368680027     
   193.92931773303121     
   188.77479114219594     
   183.60866321483289     
   178.49206060496434     
   173.63588584136548     
   169.04331431987157     
   164.27039934040070     
   159.94266122475287     
   155.29398471190518     
   151.02587660660407     
   147.04166737710995     
   143.13612111562719     
   139.28779242006573     
   135.45699712209313     
   132.26138263038041     
   128.48319895310124     
   125.03642172093075     
   121.87852203550972     
   118.93885869404653     
   116.05763158779237     
   113.03940805201032     
   110.08766764453758     
   106.98620571428421     
   104.36908356759398     
   101.85981531489925     
   99.122373600281506     
   96.825936550132084     
   94.515660040536176     
   92.205977121493390     
   89.840075157562822     
   87.673092883311881     
   85.388911147330120     
   83.284214483610270     
   81.470673509007156     
   79.444526263176868     
   77.577803914093494     
   75.376269965062093     
   73.849617526124064     
   72.396437040916254     
   70.537917190755991     
   68.738270795552793     
   67.116499999778753     
   1051.6111011446146     
   1023.6431338264184     
   994.42911210859074     
   961.19147038477399     
   925.57892522106170     
   892.14339807106603     
   856.40945740546283     
   820.54473687424536     
   789.97360434204450     
   763.14684753184986     
   736.17548287618251     
   713.13278867994882     
   691.15325347164946     
   670.59207341194701     
   649.23127448948571     
   630.99014204461810     
   613.87151111274318     
   596.75727083040613     
   579.68873064925810     
   564.73815428541309     
   546.25558047319112     
   530.96423024464696     
   515.80366776216829     
   501.85999042778332     
   487.82307067362603     
   474.55259251588245     
   460.35686195441144     
   447.52460089028523     
   434.29471961998058     
   421.05191508550422     
   408.97020745897214     
   395.75120530413881     
   385.34421339776100     
   373.67629877510308     
   362.37970131547877     
   351.86655061377468     
   340.94320673096041     
   331.06998527370996     
   322.21563474090129     
   311.77062146285874     
   302.32934737134588     
   294.16840834579131     
   285.97185339481280     
   277.20168170016029     
   268.64870353499094     
   261.12193031889439     
   254.22895803206865     
   246.86560610478179     
   239.19669077122896     
   231.86381172423154     
   224.70934673574945     
   217.98277840391282     
   211.39860950657635     
   205.44046813672080     
   199.40779064009536     
   193.93802301193168     
   188.48262038895228     
   183.32214238632099     
   178.58430275286170     
   173.19469403161338     
   168.84788601099973     
   164.08133027943003     
   159.38897544188319     
   154.42098688200247     
   149.72066281915897     
   145.86632594904660     
   141.14597885831597     
   137.75467280510063     
   133.50307217108693     
   129.89928035310211     
   125.89524274854783     
   122.59979846664719     
   119.41358096506170     
   115.55360571555055     
   112.94890478560166     
   109.59918601806515     
   106.81555504735530     
   104.41678849732725     
   101.37441674685070     
   98.828474776001514     
   96.352494267406371     
   93.599190700617257     
   90.842978642582878     
   88.766250436782897     
   86.564436127952177     
   84.327183173256387     
   82.623695336472380     
   80.709364913029987     
   78.925309746544229     
   76.943870298543828     
   74.685536341274229     
   72.965832561817479     
   71.230338424784719     
   69.513969309390205     
   67.570833234236574     
   65.640978287911011     
   64.325537857951872     
   63.009758393108029     
   60.910146595361347     
   59.388938745221509     
   1063.1080305854550     
   1028.3426658811359     
   992.90614867326883     
   958.07021161863133     
   917.97997844258271     
   875.20993496987171     
   836.08219483932521     
   803.29438059166603     
   772.90546085483857     
   744.28984169409080     
   719.66829070576455     
   696.24577458032195     
   674.86334780035907     
   654.41179209738425     
   633.42373490839680     
   615.37838926688573     
   596.63383174682349     
   579.05349798761836     
   562.80670088283443     
   545.78597494962128     
   529.74825444387318     
   514.67480068392865     
   498.40594263405069     
   483.87944909040982     
   469.19686748215059     
   453.82766343829780     
   440.52467702996893     
   428.23407964579025     
   414.21450771982092     
   401.05799993226839     
   389.06825576136436     
   376.86158959102227     
   364.25851703458039     
   353.73106938069463     
   342.01069382155367     
   330.91079892115459     
   320.06133172858716     
   309.38974372670094     
   299.93186285537098     
   290.51663433748359     
   281.94611370648374     
   273.10306443078395     
   264.37813980097394     
   255.74143293916168     
   247.66382801888381     
   239.24132159935226     
   232.44265837599761     
   225.01166290506950     
   216.88879575686516     
   210.22674842429552     
   203.56695806462494     
   196.98739941348717     
   190.54115168472725     
   184.73137930817845     
   179.16416469218032     
   174.04566838739288     
   168.35818574763053     
   164.02264755909948     
   159.76961439626029     
   154.53403236842240     
   149.78534275556831     
   145.67007948276552     
   140.62010118909731     
   136.16558245515904     
   132.57922858220564     
   128.22718718232159     
   124.36631977567060     
   120.77184541530835     
   118.11034303653150     
   114.96832601062538     
   111.81856808244396     
   109.01383725275672     
   105.40456087887381     
   102.20120742376125     
   99.129312456398011     
   96.930832772645260     
   94.583167654967127     
   92.649796291847167     
   90.588723053612824     
   87.843208858358935     
   85.504672013830586     
   83.286850692750676     
   81.500216423498472     
   79.431797940985120     
   77.524736499306627     
   75.775767149292705     
   73.609103093443665     
   71.685505786886480     
   70.070227556585650     
   68.680793391633273     
   66.936720675881716     
   65.842592240100927     
   64.848593546742961     
   62.678143520121900     
   61.757802321824997     
   60.285667926929477     
   58.882558512756901     
   57.510586920076761     
   55.539302999318281     
   53.912315863997520     
   1068.3506909118391     
   1032.5614082015886     
   992.73120661009204     
   944.93647835923662     
   895.63127855797813     
   852.13748988993871     
   812.51118282709194     
   777.85505432985644     
   746.97162539680608     
   721.63149197497114     
   694.41904135535754     
   672.15997933266669     
   649.65575933295793     
   627.51355644618684     
   607.80660061257186     
   589.71749165215033     
   572.04062960942508     
   554.60414385103161     
   536.32358875047100     
   519.70141949595848     
   502.75825074002211     
   485.48631886974283     
   470.03536610271487     
   455.44505517112850     
   441.77497015780256     
   428.06351084492866     
   414.05945918204554     
   398.84669037761995     
   384.66951315532071     
   371.38129643579185     
   358.89753722002911     
   346.91565952023655     
   335.64217757942396     
   324.69106736362050     
   313.99127769934114     
   301.83424248099118     
   291.33010792381162     
   280.31372465210404     
   272.19050017982801     
   262.82004680631178     
   253.29758007793862     
   245.05462620949362     
   237.18004237407834     
   228.50936040711031     
   221.60233489706530     
   213.41133765544078     
   205.96548969306377     
   199.48733292278530     
   193.76351698043814     
   187.47885330621574     
   181.44071285054736     
   175.91247382649101     
   170.34938090716420     
   165.94025154591560     
   161.61785661083991     
   156.76569823794992     
   151.03235310488182     
   146.57770309956990     
   142.14223187058084     
   137.97791453163981     
   134.35619314168596     
   131.58893436881507     
   126.81451552758850     
   122.92363265187350     
   119.49929878372467     
   116.57916567847229     
   112.78094328704101     
   108.80675411390287     
   106.85628649877025     
   104.55049534188876     
   100.68212273758695     
   98.149964262203355     
   96.050180687881152     
   93.638764499619356     
   90.815237005753744     
   88.896325806602889     
   86.108090220201589     
   84.670086642860468     
   82.530979667184852     
   80.670338492939266     
   78.406247996158925     
   76.214904754363545     
   74.392170667374543     
   73.210994222324501     
   71.923814354113290     
   70.904384444696774     
   68.912707920343038     
   67.025429808204407     
   65.231516894743223     
   63.642328819478067     
   62.654647647287462     
   61.864561511031113     
   59.778445986212354     
   58.589599722270023     
   57.279060649447075     
   55.557031942526450     
   54.665146225570922     
   54.067539712959096     
   51.931653054511592     
   50.256758883412388     
   1082.0791455952813     
   1037.2440737619766     
   979.13152160528909     
   917.61315434960306     
   864.70875617420029     
   816.09027477048937     
   777.38169825881289     
   744.17730706096063     
   714.50439779311250     
   689.61189992081063     
   664.43275021469583     
   639.46304303076954     
   615.52636771669268     
   593.47140828649913     
   574.46075314661766     
   554.02347571892108     
   538.02392809930996     
   517.55140424574483     
   499.16652729519762     
   483.08299084573230     
   466.22916669871694     
   449.51759407987362     
   432.34991760154219     
   416.51910027762659     
   401.91181195908837     
   386.13748008649804     
   373.68979685495964     
   361.12170552190560     
   349.86621856326747     
   337.72203577810882     
   325.79626438870133     
   312.95166500886569     
   301.80148336118828     
   290.86586700914978     
   280.99779629907982     
   268.81007549770675     
   260.05016703827545     
   250.30169682489060     
   240.64216689296950     
   232.75318336474018     
   224.94316051692948     
   218.25368829386275     
   212.16786280719043     
   203.15642352248167     
   195.11936382576539     
   189.23270209126548     
   183.22759900170314     
   177.98367264196446     
   171.42119086989769     
   166.96430652045930     
   162.55208318100014     
   157.56956110780320     
   152.51650931698225     
   148.44384508198135     
   143.86760239345847     
   140.46451969074698     
   136.85155316797605     
   132.46856724491539     
   128.19529993617448     
   125.48054423698227     
   122.72280593467886     
   120.30126531987919     
   116.46338585949512     
   114.08864953851577     
   110.44623943681869     
   108.03299126710320     
   104.81173864708731     
   102.16263592108041     
   100.37915222795912     
   96.869152972277561     
   94.127171913823318     
   91.520748575295300     
   89.402744975723920     
   86.731058190151387     
   86.383433973384228     
   83.826740647108466     
   82.689031502043861     
   80.726650415601057     
   78.475631211935280     
   76.471857590128764     
   75.512912009482989     
   73.054963136908597     
   70.577431812639148     
   69.708152520706591     
   68.477619580413318     
   67.153632530962753     
   65.738094213842729     
   64.169948446194709     
   63.209193944998994     
   61.726722206486656     
   60.749335588532183     
   59.200924246745679     
   57.040497738043925     
   56.905111378603394     
   55.533779493043262     
   54.272195581754062     
   52.355612914170273     
   51.619988403251043     
   50.708512502422771     
   49.287834942593307     
   1095.5803660319079     
   1031.6968438087940     
   954.98337341818933     
   879.36216330112302     
   819.81989934761930     
   773.13604626349525     
   731.57602580742957     
   700.45554821818450     
   670.34710168254469     
   643.66818324682151     
   616.12908390741768     
   594.97604299039313     
   571.65713949801477     
   548.43836857280564     
   526.81683186017017     
   507.78394460619677     
   491.00030892288748     
   469.77493165311017     
   452.52086954507615     
   434.85360544424049     
   420.22181980976728     
   403.56034756057863     
   386.54080819650420     
   372.51103422847109     
   361.35631021971102     
   346.46753425201200     
   334.08127113341425     
   319.74083459254041     
   308.57715037256014     
   298.06194434896429     
   289.75478697885177     
   279.71112794859164     
   269.01404247337246     
   258.03204927870638     
   250.08142454752334     
   240.22654719509205     
   234.88281285486465     
   227.05202628531424     
   219.17166265911283     
   209.43582817029784     
   204.24545168101957     
   198.12551437446166     
   192.83879172123048     
   185.51848642384900     
   178.56208880914306     
   172.88871224901123     
   167.74637792305776     
   163.11466090416511     
   159.27773636036216     
   152.73988598650209     
   150.13623646150583     
   148.05452082293010     
   144.47124613395249     
   139.64580239282733     
   135.04413542935521     
   132.80383000194283     
   129.30411208833863     
   124.71763149290658     
   121.55175884232027     
   119.01288612957978     
   116.18863820466485     
   115.83595193901320     
   110.86901911888015     
   108.50250735655985     
   105.98049400714802     
   102.56905128155452     
   99.976645796693560     
   98.016811611756935     
   95.795406988827125     
   93.840712529312142     
   91.543973372641858     
   88.176112599154507     
   86.508588658733217     
   84.231719666796323     
   82.928613015645567     
   81.763333594272524     
   79.684304225271433     
   78.667410615606187     
   76.399924976018966     
   74.237277929097587     
   72.489894644606679     
   71.773781909740407     
   69.447413412603410     
   67.649059490991036     
   67.732875145711546     
   65.363510207469659     
   63.996907414464602     
   62.808158876487560     
   61.972395987169890     
   60.228994197381127     
   59.059924485307633     
   58.170060785300308     
   56.274213626213850     
   55.484547590205793     
   54.053865870437264     
   52.679657614649358     
   51.430138421427088     
   49.704064644496086     
   48.847933705964309     
   47.694469792061106     
   1113.1382493364652     
   1016.9495610669554     
   915.21235293900281     
   829.43413245458635     
   767.10163411397161     
   715.63076821273421     
   679.36842639394843     
   646.83370799737759     
   614.76098178957977     
   591.01619344972244     
   562.08289447338927     
   540.84264567819309     
   517.01569869194964     
   496.20930850733339     
   479.65717180992749     
   461.39915543569703     
   443.85525823692643     
   425.92654584184322     
   406.21236587250610     
   393.15300820451148     
   379.22557528919720     
   363.75563521525135     
   350.56104162731947     
   338.02924022210550     
   324.76708448057065     
   312.79206822078390     
   303.00340598526293     
   292.37142726446683     
   285.24427170287493     
   273.31077179931833     
   265.80968740692890     
   259.87095899606010     
   248.96138442524449     
   241.42282991182998     
   232.99110259385188     
   225.45882406015784     
   219.27473044771421     
   212.21924432576546     
   204.71957524464261     
   198.75665195339042     
   194.56562959705994     
   188.78189710108830     
   184.12739641537451     
   178.03342221772755     
   170.26718635651449     
   165.43218993617791     
   161.05788997819531     
   156.80471090858552     
   152.50879455909529     
   146.84264344575232     
   145.15203216375204     
   140.22995566529846     
   138.33760055856337     
   133.63277002975735     
   130.17578097673496     
   126.20099692540853     
   124.11737979384114     
   120.68621834425751     
   118.77334739304749     
   114.75099461283233     
   114.14998275882121     
   111.30706266995728     
   108.43576554402405     
   104.71682596348163     
   103.06109884675053     
   99.955297373345061     
   97.021427748199073     
   94.785474986932371     
   92.345933696761492     
   90.656713721936597     
   88.958382285563317     
   86.308026919396440     
   85.192504922204890     
   82.790463866450963     
   80.979197441903196     
   79.755217384862021     
   77.456989989751804     
   76.765252098825030     
   75.014486398576850     
   72.773889224129434     
   71.007195888821187     
   69.605498497684678     
   67.297912231927725     
   67.071164857473391     
   66.347435334234049     
   64.665423199868712     
   62.962061420307080     
   61.956295983375767     
   61.194668449379208     
   59.375853865799016     
   58.583973966681732     
   57.160056540264392     
   55.424109678621377     
   54.489023973789713     
   53.076958045616408     
   51.921465899690745     
   50.891586926285818     
   49.108486170501379     
   48.437272716875086     
   46.776968233057701     
   1131.9515543282716     
   996.23174935183852     
   873.64152208495705     
   781.24757478387903     
   715.98527300756314     
   664.82422765580782     
   627.87934140685456     
   594.70831741592383     
   567.06530087870237     
   543.09656142875190     
   515.76536273213060     
   493.59535597663654     
   470.88266190734527     
   456.50566942537995     
   437.05251730686257     
   424.45136243805507     
   410.06126764182579     
   393.51408243488027     
   381.56794117872073     
   366.44785728798735     
   352.29758849325435     
   340.55848971735418     
   329.17725273728701     
   319.53531380589351     
   308.17589507736352     
   297.38660300336085     
   288.39733591597792     
   277.05747993040814     
   271.50210906573011     
   264.64471885642365     
   257.44516362940641     
   251.23264957720002     
   238.40022145573414     
   233.05865067384383     
   223.95418498208375     
   218.44252061856702     
   211.13892143885596     
   204.84890068879596     
   198.47626953047597     
   193.27965925225007     
   188.38342898627843     
   182.18089343858890     
   178.80360688553304     
   172.36744565331620     
   165.34278161964670     
   161.48893314684432     
   157.55482244831074     
   152.69927330389618     
   147.79215109002092     
   144.14919187937573     
   139.88537844322101     
   137.30730616008964     
   134.18862445905191     
   130.87254654797800     
   129.00957358513224     
   124.45948500627478     
   122.34412512873567     
   118.89206729505588     
   115.66463439552804     
   111.80005430095210     
   110.89314017597144     
   108.07831234936549     
   104.49152619719032     
   102.68234918440464     
   99.748263808095516     
   97.267278165889550     
   94.229392332881858     
   92.602556487474146     
   90.788414088647045     
   88.472600657290428     
   87.738027338430385     
   84.880171382625548     
   82.842544224748238     
   81.184621861388948     
   78.649810455175626     
   77.556559218093071     
   75.631465570981078     
   74.619990330199585     
   73.649935634260672     
   72.204727864057460     
   70.433706384941473     
   68.641471941604294     
   66.712787836575387     
   65.222428198839339     
   64.525597413628148     
   63.709217887593205     
   62.191050969785906     
   60.922684265792427     
   60.117280076291671     
   58.168056625477398     
   57.329687707203206     
   56.725370736574945     
   54.455481535140066     
   54.037917514114127     
   52.524169492927129     
   50.712993831357032     
   49.199765364676878     
   47.869395448867344     
   47.525603633800785     
   45.887036251556026     
   1157.2126171305549     
   981.21532842493025     
   847.87561160280006     
   752.10989701791357     
   682.69056565828203     
   631.13332723381734     
   597.85377020254896     
   565.47348481509607     
   541.35719473175868     
   516.24824811752114     
   491.33202720510758     
   468.14324990049499     
   451.76943361191411     
   437.95129859443057     
   420.89643269102299     
   411.58544170208364     
   396.91899273590440     
   381.41576831403324     
   369.48779685518718     
   355.91704913334047     
   342.15982894596044     
   334.47761548873279     
   320.82109999721024     
   310.00034324529304     
   300.69408698798151     
   291.37620858867524     
   281.98519744737825     
   269.39487222077344     
   266.10901998825079     
   262.65879966291891     
   252.98206641980977     
   244.21602121890726     
   235.94448588883159     
   226.36969358623929     
   219.09945293350535     
   214.86535463234299     
   207.61316008354743     
   199.60045774992483     
   194.41483102291934     
   190.97962157856693     
   184.34899496176820     
   178.70324319142583     
   174.33099882533833     
   168.13549691077088     
   162.19064587896182     
   158.09094971817353     
   154.48457558929175     
   151.89175713558836     
   148.01478014129736     
   141.48286595030561     
   136.98897966105483     
   135.21249168500177     
   130.29486139834478     
   128.49719924254453     
   126.45848677953745     
   121.94786358148559     
   118.57594440019437     
   117.05406769290698     
   112.60834342792567     
   110.63767156383470     
   109.14272936888440     
   106.81283777163490     
   103.23115466046642     
   100.91117724624975     
   97.439927170508966     
   95.711012727730477     
   93.282637026514408     
   90.802553079416043     
   88.783422231195516     
   87.057929497016147     
   85.532000722827249     
   83.668524247008264     
   80.546177039416790     
   80.084502584134867     
   77.935423933374693     
   75.875567541818256     
   74.793646840544852     
   72.685450875340536     
   72.854350161580314     
   70.780466383384606     
   68.629514005911986     
   67.707155376809268     
   66.546590022806896     
   64.089059871500609     
   63.726102368921168     
   62.777384409479424     
   61.570223998438088     
   59.987788636688094     
   59.018185524180133     
   57.637105342475287     
   56.740368595294967     
   55.103364074409306     
   54.314701224476231     
   52.542446401599840     
   51.215491391031257     
   50.459301997949851     
   49.300917732304192     
   47.839940831350113     
   46.015349876455637     
   45.613087683448754     
   1187.7562921390336     
   986.69661638132084     
   843.37136072476460     
   749.49500218965522     
   675.26609268678021     
   626.09606715824771     
   587.64444718987568     
   554.55513020422859     
   532.90474246437327     
   506.71873879155146     
   485.68106948461514     
   461.96124713245376     
   449.16761968025799     
   431.37126025180339     
   417.47323716720985     
   406.69995981139380     
   391.85529569915923     
   378.31674898474023     
   367.85747796849114     
   350.76666166957568     
   340.98502741204743     
   331.24573599143997     
   319.74276931215377     
   307.91716074317213     
   297.25741077685410     
   288.64140556672294     
   280.53838046163594     
   268.44967118964161     
   260.68628403121454     
   257.55990437381047     
   251.79438879074857     
   243.13783505826177     
   233.10557258942202     
   225.23972508805210     
   218.06313311097017     
   212.85333200030800     
   202.95348723023068     
   200.19971659765656     
   191.23243004298189     
   185.83175024307087     
   181.79869214376563     
   176.35011824535920     
   171.95945223849967     
   167.12961358419005     
   161.02201791763960     
   154.54509741552695     
   152.35627883059743     
   151.53067909029681     
   144.46937435657796     
   139.19475464339979     
   136.82888139842672     
   131.77904691535937     
   127.98076125621060     
   125.02552198285049     
   124.91141610251366     
   119.47289855010932     
   118.22631118624219     
   114.80416956630354     
   112.20464505339494     
   111.28727606281782     
   106.52391394248799     
   104.99051946991862     
   100.95107654928418     
   100.34921916522724     
   97.119338121459549     
   94.661452499384922     
   91.946244952629669     
   89.460108659788887     
   87.104041116805689     
   84.517620360299475     
   84.757412884496745     
   82.264316617386697     
   80.285767180748337     
   79.400544173905018     
   77.085618434873112     
   74.671081230266452     
   73.690025310328295     
   71.633710502829999     
   71.103874796324831     
   69.208828051171011     
   67.094603889433756     
   66.255902824318369     
   64.452278250843676     
   63.623677532854444     
   62.561665658212263     
   62.092010170264800     
   60.678541536934503     
   59.162570235551101     
   58.267179198339569     
   56.956998895003800     
   56.170940002412657     
   54.666434086380676     
   53.717797208840373     
   51.822970091219560     
   50.810181117957967     
   49.583953524702707     
   48.561267815066401     
   47.472834950821742     
   45.600611079119830     
   44.675470242162199     
   1224.3583653499411     
   1012.4328922868701     
   861.51962941462614     
   756.47681470051998     
   680.78192580780251     
   627.20123600513534     
   587.93049577931254     
   551.02871412583988     
   526.97205520812770     
   503.39756739781859     
   485.69367176443848     
   457.99626904675722     
   445.75632135313015     
   429.29658021005628     
   419.10639228581465     
   405.99385554427028     
   392.08889892415021     
   372.10562510459897     
   361.49632500513303     
   350.85273059790597     
   338.77288754129756     
   330.74937800080625     
   319.94145079224245     
   303.07631460278367     
   297.61453058627160     
   288.14280249600154     
   278.29808495391751     
   266.18179297277891     
   261.78829052436259     
   257.86035534236697     
   252.02791568730152     
   241.61115071670935     
   230.87375558020719     
   223.04209510359823     
   219.38395442583487     
   208.95847019267336     
   201.08887045459480     
   197.98921862992376     
   189.94914439132262     
   185.43583156933201     
   179.28936680850219     
   174.32644194894920     
   171.96804803923135     
   163.89099950357593     
   157.73096126959470     
   151.75418975499099     
   150.83632928003883     
   148.07754242382489     
   141.86747564834721     
   137.06396947986602     
   133.91486037976108     
   131.43396946715123     
   125.06831376853556     
   124.52678467657447     
   122.08053979404536     
   118.38142907519358     
   116.64109009997409     
   115.08163742032481     
   110.73243379657971     
   108.39666601334301     
   105.90399190157095     
   103.23386493057787     
   98.718676622782453     
   95.733385193534190     
   95.501538631581127     
   93.926918648205742     
   90.732327567601104     
   88.998359246609567     
   84.985073649867104     
   83.049584481164999     
   83.247823741590182     
   81.096514625322527     
   78.818679497965192     
   77.865597128382348     
   75.727000314433496     
   74.495994460876858     
   71.511058128643796     
   71.177537697373978     
   69.540045722332053     
   68.949682607421195     
   67.254264387076546     
   65.172219694425280     
   64.838925894007616     
   63.259762640255502     
   62.950887454745711     
   61.213688013144235     
   60.730827341650787     
   58.811583288515791     
   58.115050139485732     
   56.302755864381638     
   55.159506677545842     
   54.069520077672742     
   52.540000114637536     
   51.602805876719131     
   50.400442182122845     
   49.309434324776333     
   48.054142142370694     
   46.575944158287633     
   45.321697818125990     
   43.958986695177508     
   1262.1906588677098     
   1047.3983439554759     
   886.10262950285789     
   776.07232720150660     
   695.07477619631754     
   635.69273843307724     
   592.11262078438767     
   554.25941837963535     
   529.17404918674526     
   505.61562471983410     
   485.86804523566110     
   457.47632719072215     
   440.59901528946011     
   431.73351930715364     
   416.64726417538498     
   403.01296461731437     
   386.65210352194237     
   373.55046902163758     
   362.08136907865992     
   347.87328962410885     
   336.98921874766222     
   329.32846419282862     
   319.96160366519570     
   308.30406984082651     
   297.25353689367950     
   287.67059770920099     
   277.43569128569550     
   268.01296115383286     
   259.45287025673071     
   258.62620437463971     
   247.87209939006240     
   240.14265305212402     
   231.44459131944220     
   222.09523490086525     
   217.83571044325254     
   211.03286094922692     
   201.08829836283527     
   197.62964150290387     
   187.43762890072875     
   184.35508734263686     
   177.19567499697428     
   171.08372401525060     
   168.82367990832185     
   158.92129931607070     
   154.14861736716483     
   152.63338104936184     
   148.94121890344343     
   144.48853097335655     
   140.04542342273459     
   136.41092041766115     
   133.41960703128942     
   131.18263997790888     
   125.58846819132840     
   123.43855544642396     
   119.14690399600028     
   116.60585132347838     
   114.07184401714710     
   113.29346103652487     
   109.63388232660998     
   107.47021362819822     
   104.40534262607829     
   101.48068957170301     
   98.067410489939064     
   96.352596359763567     
   93.310780781420007     
   92.185263177706247     
   89.408886563998266     
   88.175669670969427     
   84.153051810370926     
   83.129381955993182     
   81.337052602826446     
   79.377731859374080     
   77.911241811693088     
   75.908875821200283     
   74.637349477014752     
   74.412480241215263     
   71.298786997079333     
   70.379065857527877     
   69.181171909237662     
   68.738930275208304     
   65.881244737420587     
   64.998966809021937     
   64.016221693880269     
   63.257631963452319     
   61.707410556028421     
   60.634740012581723     
   59.786507975441715     
   58.384468624113566     
   57.352902337484537     
   55.826229913589394     
   54.452483661683850     
   54.450825033919507     
   51.916033424964112     
   50.366984616789424     
   49.808852920024187     
   48.700376561472808     
   47.052129777901285     
   45.758932014112133     
   44.563753425978888     
   43.575000030767683     
   1290.1624054124618     
   1077.6974462887131     
   915.18958988782651     
   796.89273906203221     
   710.82377786864470     
   645.06152327836935     
   599.01322084302478     
   558.39367261700988     
   527.77923758587769     
   510.60146712382698     
   485.28140036879313     
   460.29250105046088     
   445.59029528836777     
   434.52970174623192     
   418.21481607767316     
   404.31851111665310     
   388.36466991688434     
   373.01688493689255     
   362.69231348180790     
   344.70457755632060     
   333.40862301749416     
   326.39524811028639     
   315.68388536780185     
   309.71066690547951     
   295.36646506634997     
   287.76356978621777     
   276.14641111189439     
   268.23832434614275     
   257.62409460864882     
   256.29401915243631     
   244.73644188938937     
   235.53062412639045     
   230.05188092074127     
   220.25304914733775     
   212.72314462994410     
   210.32833309062102     
   201.81916645105656     
   196.23393082282018     
   186.76353602238319     
   180.87807506692653     
   176.41735329244611     
   170.66274235584240     
   166.94186090862664     
   157.18755118763710     
   154.24729187871171     
   151.46818923237009     
   146.64198249614816     
   142.24559187161313     
   139.30983066976782     
   135.93184693436152     
   134.14054152338269     
   131.57129072042221     
   125.42908006586484     
   122.99908482310818     
   119.02426346512455     
   116.45780725019523     
   112.40922174313168     
   110.58849133312371     
   109.06392026636561     
   105.37593370066742     
   103.48328828558850     
   100.39154700154758     
   97.625593177781838     
   95.228787615470850     
   91.711833317555488     
   90.532502079065694     
   88.757064015523682     
   87.411120374598596     
   83.742826762527912     
   82.094789111634469     
   80.260335298558829     
   77.946648154029560     
   76.027729397722965     
   74.653995768309784     
   73.668975314902951     
   73.332086888796013     
   71.648884064388312     
   70.265361655688423     
   68.061300910931138     
   67.600290623735560     
   65.442157026281336     
   64.283600590426005     
   63.773694737316148     
   63.502525135589906     
   60.570643841866037     
   59.899227761285026     
   58.720808153943352     
   57.425422754972033     
   56.714501635122012     
   55.559793835103747     
   54.058902694634696     
   53.029008244573888     
   52.000338454972535     
   50.325545516197224     
   50.380847110108704     
   48.638091303333354     
   47.368343641281115     
   46.147683231006368     
   44.413473672984090     
   43.215655465347666     
   1311.4553127239392     
   1104.1824331284561     
   940.52011641388560     
   817.34823120420742     
   721.10503947990037     
   661.88593611623241     
   607.59025268792652     
   564.68356797622221     
   534.24735948956288     
   513.27377987431453     
   491.84576809188258     
   475.29483523386341     
   454.51142463195197     
   438.86283136328962     
   420.74209629859160     
   405.16677147041628     
   390.53943271554613     
   375.51976414824111     
   363.20189660276401     
   345.54393748568583     
   341.90902769428112     
   325.03870039261454     
   315.40067503157888     
   303.68726507745566     
   291.42210870236755     
   285.13733331176962     
   278.29242779614151     
   273.04044695883999     
   257.57761415678920     
   252.80796578989248     
   243.93254949110224     
   234.72655321225022     
   226.14612324856910     
   220.24388624298862     
   214.89103588513714     
   208.56951086689003     
   201.68953951606170     
   194.48490049542730     
   185.17176989805643     
   177.00855591995079     
   174.40466672351909     
   168.72545483828020     
   163.80992440175140     
   157.73703595409194     
   154.26840182743555     
   150.39327447150194     
   143.56089446703868     
   141.00966210231104     
   138.02222434495437     
   135.80438040220358     
   132.27669883047841     
   129.48735578318622     
   125.14801898722473     
   120.51780364522256     
   119.15111706169506     
   114.37518079214107     
   111.52301727823652     
   109.53848299945977     
   106.20492780555725     
   103.23257030768477     
   102.22908126407347     
   100.27178729580552     
   97.055881156989798     
   93.555754888224484     
   91.405273461126129     
   89.848659868851115     
   88.500425758861169     
   85.758447512159691     
   83.576518490631173     
   80.839894273144594     
   79.338008141783718     
   77.633185025078291     
   75.176142301375421     
   73.370021956549337     
   73.139381791190289     
   70.944069750799997     
   69.951313711000807     
   69.812456081118313     
   67.945697426121512     
   66.627010730922265     
   65.039997556385345     
   63.238447637149150     
   62.844427758049868     
   62.511101541613513     
   61.088827309504524     
   59.146725166616996     
   58.483253678422209     
   56.238899656674008     
   56.572183985751188     
   54.939062941211432     
   53.399080401771862     
   52.261362397948915     
   51.481530273027602     
   50.766726000504349     
   49.533826189232229     
   48.122156469356241     
   46.642923932819762     
   45.345136885335599     
   44.200870786477779     
   43.109426020952476     
   1331.6578400999151     
   1131.2187389416222     
   964.96149971550039     
   838.70575716027906     
   737.69468771820289     
   680.40706932968237     
   619.48554964006541     
   571.69741574233797     
   532.47679646189999     
   517.54072730570874     
   493.49400213613660     
   475.47885443158043     
   459.24417042237826     
   436.55452325194807     
   417.15987661673682     
   406.70920245231400     
   388.79462780299770     
   373.82459774432482     
   360.83627900999880     
   349.51166965027448     
   338.32234683228938     
   328.86018824111591     
   311.01424704968292     
   304.55901929577954     
   292.73924129536215     
   283.62516461100768     
   279.08977519588086     
   276.44839791396913     
   256.92011393973621     
   249.41617879905829     
   240.16892292043499     
   232.24696187909731     
   225.49587746072888     
   219.89637157635815     
   215.83318754064939     
   209.31049552266157     
   204.71610802686487     
   193.95628768766531     
   185.80299539390899     
   174.64728358277304     
   174.01914043932584     
   166.66221348376814     
   161.97749736919508     
   157.36857262094668     
   151.88179311303048     
   147.54122025856122     
   143.73034223115030     
   142.07363791679950     
   137.26193323079599     
   135.49828689088091     
   132.58224841711387     
   128.81417674384767     
   124.00332851633246     
   121.06676081167527     
   118.86299288773054     
   112.81111029692096     
   111.02101483806645     
   108.17088905189249     
   102.62698756497217     
   104.05242316905969     
   102.16547412674458     
   99.857742431455122     
   97.115655380082700     
   94.519583496747671     
   91.443075524019633     
   90.295731553843240     
   86.903953301652322     
   84.011911520889782     
   82.841920529183213     
   81.401776831713860     
   78.928425735298930     
   76.218452814751316     
   74.951670649479723     
   72.703840560392464     
   71.965810334816425     
   70.008447389416645     
   69.017052003814186     
   69.469253224306186     
   67.647217048374330     
   67.157753205589756     
   65.192923155865998     
   63.178172640009301     
   62.895257842847535     
   61.896491171006808     
   60.761498942130132     
   58.624510376200092     
   57.456727878605307     
   57.220305384557776     
   55.733775202644566     
   54.380457646563642     
   52.763361124976370     
   51.861899257376123     
   50.610738989313134     
   50.026767066963444     
   49.125313384942039     
   48.159337215650069     
   46.743336633929196     
   45.237147243570078     
   44.266895031877290     
   42.835381146415322     
   1341.4608914478176     
   1154.0786849567266     
   976.92448034700783     
   852.12306010595057     
   753.89747200856516     
   682.26118905687736     
   623.00941531624107     
   578.99856362622336     
   537.86772966458977     
   524.83697026584946     
   497.39481864824199     
   482.99650464397769     
   463.68122615239514     
   437.58246050096648     
   417.31754061414244     
   406.68240461521020     
   390.35121435486212     
   381.11547979074464     
   359.45429824344598     
   350.55281614348127     
   336.88371620194800     
   326.54117647883692     
   308.13503741716772     
   301.15309649789333     
   291.64346005533082     
   283.06364774735783     
   273.28733748102513     
   271.41877920724409     
   255.93673519016991     
   249.99386912576296     
   239.36473398756462     
   232.91741871141531     
   228.40163416950364     
   218.05114564336699     
   213.71483633608236     
   209.55365165601847     
   200.71712890364736     
   192.21674580159907     
   185.94290151532570     
   177.01177387941084     
   172.82988451930183     
   164.98686038637140     
   158.11338597554658     
   155.21387791926432     
   149.73869746522428     
   146.63823625320777     
   142.81981794230006     
   142.26532775230726     
   137.93889004534483     
   133.45038424405766     
   132.65186296728027     
   127.36341676562691     
   123.18473485311723     
   120.99672260125945     
   116.14040052496566     
   111.09911060477614     
   108.98349956920038     
   104.48366223666710     
   102.83632086438038     
   103.88152162203272     
   101.48717577087280     
   99.291781690946820     
   98.047534777336438     
   94.040602219082558     
   92.103220914755155     
   89.782640888021930     
   87.273732427281388     
   84.016492160462775     
   80.777019641435132     
   80.041350441285076     
   78.017641900553855     
   77.108824982930443     
   74.698800560976423     
   72.779515063555323     
   72.414784229130603     
   70.671163219248811     
   69.325201221564626     
   68.554599537672686     
   66.911298446067917     
   66.295945922675145     
   64.489855040751806     
   62.262456393240839     
   62.524746883191789     
   61.489344165651957     
   59.928231432405369     
   58.845596190566219     
   56.976658553112159     
   56.865585997735295     
   55.385459829415645     
   53.472213995687355     
   53.192476957190429     
   51.882991814492549     
   51.258066903608139     
   49.681415331089411     
   49.325120486763403     
   47.679421035949204     
   46.303138569641618     
   45.124434116393331     
   43.999030810253039     
   43.165398093292382     
   1349.1955064057001     
   1169.8365056904279     
   1000.0985911971995     
   861.18959141843902     
   771.26098938837390     
   693.77646600027720     
   626.66403057368166     
   582.01748209143386     
   540.28778241501925     
   523.30903595777772     
   497.43699203176436     
   473.17462581974303     
   464.54653102824716     
   445.81730803367611     
   423.36316063263303     
   416.23036218961317     
   396.50383397777784     
   380.79638645033538     
   366.28660542771541     
   351.92984910481192     
   339.34329022793719     
   326.55558683473311     
   306.36465940044093     
   300.26703961756107     
   290.79589860811529     
   278.36531773621857     
   270.35571749978379     
   269.47498694843063     
   254.48952442393642     
   248.88617110073602     
   242.71948850047386     
   231.12902444197019     
   227.54463396719811     
   219.62842559122856     
   212.43715488508153     
   209.52591461280807     
   199.90386972163668     
   195.11524687657075     
   185.93805593490077     
   177.27304397322206     
   171.51821584451244     
   166.24773697967336     
   159.66817460318211     
   154.69252745865589     
   151.83477993936367     
   145.46366759346117     
   142.14541595410773     
   136.52434544473738     
   137.02466435339224     
   133.00286203726060     
   128.89370267362079     
   127.43546062561332     
   124.14990329618757     
   117.73946220524471     
   113.22152732801179     
   109.69141504187482     
   107.17673939069174     
   103.92441646732881     
   102.92638502089645     
   100.91333004756817     
   100.67306072732238     
   98.537876593567930     
   97.218435177442288     
   94.110037665229768     
   90.599118257220155     
   90.786499232923674     
   85.843137271175351     
   83.557282443846631     
   80.545622378156935     
   79.141077709345879     
   77.546872674224971     
   77.025686068983063     
   74.495452797295457     
   72.994421084153998     
   72.268018633792735     
   70.938691928539825     
   69.074390848342176     
   67.725513753405508     
   67.049933973488251     
   66.011330559041539     
   63.894424945219782     
   62.334521465082652     
   61.733108979429922     
   60.859513435675879     
   58.966877627263592     
   57.697490614640358     
   57.508187462379517     
   56.567143885622968     
   54.590354556239788     
   54.215629614996423     
   52.962744521534816     
   51.766390407028219     
   51.284061590806431     
   49.452352228143852     
   49.737754654468006     
   47.278489490200819     
   45.748858757967369     
   45.333805683778920     
   43.985891292940344     
   41.974880879000771     
   1352.0708346012839     
   1181.6332549458052     
   1010.0418385648451     
   873.76053350477082     
   773.19042712881719     
   695.86513947252172     
   638.09079858964071     
   582.66699375117378     
   538.37617272850355     
   511.33676085377073     
   491.31351200032077     
   463.36028073602745     
   460.85816379020594     
   453.46493196087476     
   427.61874551680802     
   417.55596061080274     
   400.93612624894092     
   378.69451520089024     
   364.69536332923212     
   358.17151778416257     
   343.47866713865045     
   322.66502389667573     
   307.48153584066921     
   299.19022358556742     
   292.69593751422684     
   271.88176107755964     
   272.69493668868989     
   268.40380660406282     
   254.56951881705234     
   249.15817222988898     
   242.05230212418476     
   236.64281561234537     
   227.07115406115781     
   215.78771306351405     
   208.75471616101856     
   209.89397041182573     
   198.18362199204884     
   197.22313420883296     
   190.13590133075650     
   178.41227403431500     
   171.00121004744352     
   165.80831390181675     
   159.79894431456808     
   155.73339737148686     
   152.38141521547627     
   144.77728183788500     
   142.47002497203272     
   136.11906016289976     
   136.17769834914409     
   132.20279828699626     
   130.44842419959605     
   128.24589648857599     
   123.22710981271855     
   118.18544377229128     
   112.40040091830551     
   109.40227489623501     
   106.93659263122370     
   103.81431529326935     
   103.10328770198231     
   102.01161710991886     
   98.752443618924758     
   97.438626817862087     
   96.097385613461270     
   93.885773935313964     
   91.502740578688503     
   89.803862704442793     
   85.509334289830662     
   83.953351096904356     
   81.171783106728171     
   78.735134805387830     
   77.585667993054727     
   75.454637150890790     
   73.568540421316229     
   72.416071582975604     
   72.179339745782528     
   69.902230897289996     
   68.282842204713106     
   67.202240776125933     
   66.654913103244070     
   66.095688740419760     
   62.479699502592268     
   62.179779300161542     
   62.093522198332501     
   60.449958454932684     
   58.727617082617130     
   57.846147550240879     
   56.634317564851507     
   55.217678940339418     
   54.466224461299340     
   53.444076375207324     
   52.697052374835430     
   51.324486144176682     
   50.644343054140307     
   49.565008005960834     
   48.284072892225012     
   47.119390345874614     
   45.476345801278299     
   45.057191857424002     
   42.799144146873651     
   41.952809415237439     
   1354.0810056026871     
   1189.7292942655679     
   1023.1438823813152     
   881.59137818542320     
   772.73773494886814     
   698.31216804099120     
   647.64139310655310     
   576.74158062489960     
   530.58074908134063     
   507.35666286850415     
   487.16251166892107     
   472.66228742360664     
   470.41574908192428     
   460.60740325082804     
   438.00137689438759     
   432.09560181553570     
   396.63810341396589     
   364.49678589765841     
   360.66953445158720     
   363.11092750630917     
   349.32145775077618     
   325.98591816390245     
   307.34348446776244     
   296.44480637620120     
   294.78850733499763     
   278.12770082153958     
   274.96924649762036     
   269.35831231239456     
   254.63649026544527     
   248.22496060515607     
   238.87536903001723     
   234.65497015655339     
   222.50016506196528     
   214.77684871349197     
   207.48492944601256     
   212.88220788719212     
   198.54853310418287     
   194.46862698057660     
   184.40271171731771     
   183.68235297196230     
   175.69335841666000     
   166.04014360323788     
   160.64095575987153     
   157.34874219034924     
   154.11137117171182     
   143.56475305577061     
   139.02745214142323     
   136.65457870663360     
   134.37056808533652     
   131.88740294109232     
   129.05899894630656     
   127.50772415263619     
   124.53356243128110     
   118.54220221065675     
   113.56274043211164     
   107.35749165980428     
   107.16703179816075     
   104.05618903443957     
   102.20354069629360     
   102.11001039334678     
   99.810093298582274     
   97.917020942646189     
   95.080816534253842     
   92.205814717712371     
   91.522726272356749     
   88.693187405362039     
   84.254012145873986     
   82.705774499318736     
   80.981795567477192     
   79.561432825655217     
   76.709165263876045     
   74.271974963963885     
   72.322024032257914     
   71.132602270366590     
   71.290027025975959     
   71.096206543437134     
   68.901252004174310     
   67.565530619403859     
   66.864104675425665     
   65.305700215389351     
   63.079777256787807     
   61.859375278494703     
   61.196902960815848     
   59.398842110101434     
   59.227165638206550     
   57.042750280246281     
   55.791219553348199     
   54.829476496603661     
   54.401238086321200     
   53.633437409384221     
   51.887952722880826     
   51.145478969003719     
   50.276044523321751     
   49.890047017552462     
   48.360040773818035     
   47.493955567963397     
   46.127366268969325     
   44.904508874684062     
   43.218287445071439     
   40.376851194140656     
   1352.9100873545922     
   1190.8104644745217     
   1032.2244285981847     
   882.69533902522164     
   780.68386473577152     
   703.49002369113441     
   642.10990179437397     
   568.45684780004376     
   528.11856336615165     
   516.40868853855318     
   484.59173454292034     
   477.82550192624325     
   461.33846229770728     
   459.66893894820885     
   440.90529842975525     
   433.05974619555548     
   395.48246028729960     
   368.04815527640318     
   355.20116388531392     
   354.19626327513100     
   350.23377666254777     
   332.63036886714133     
   313.34753563629340     
   294.40378087631956     
   291.59866426351687     
   276.87731194806855     
   268.94668939012030     
   276.02351028636269     
   253.78263485282827     
   244.84476708923771     
   238.80675032373898     
   233.38665561401922     
   222.07633200516588     
   213.99088234687079     
   210.17933505128190     
   210.64151415247036     
   200.50372132101003     
   194.06303111565097     
   183.69671282260276     
   183.37791834940128     
   172.22936454837327     
   165.00612638334974     
   162.80325180536522     
   158.37798422590760     
   154.88229875670248     
   142.60007167305201     
   138.10211111515457     
   137.02307970825646     
   135.07342960207012     
   130.23678617740748     
   128.83545285016277     
   127.04027502738612     
   126.54897676607354     
   117.12128883395242     
   113.75370108920890     
   106.52683049880667     
   107.24684731034726     
   105.08441807932053     
   103.89670120147839     
   102.91498158007776     
   97.590276529891312     
   97.386484626538589     
   95.267507192197527     
   92.118157896689851     
   91.398715829463811     
   88.445346040395805     
   84.248137072184534     
   82.709405339358085     
   80.566431901890297     
   78.983893841101946     
   76.082624866457891     
   73.564309848360651     
   71.758193754435595     
   71.108760978609695     
   71.126665791839685     
   70.113965592805357     
   69.036788663710070     
   67.723730896124266     
   66.891816660454310     
   65.907658942285110     
   62.687043220505259     
   62.114982824803619     
   61.207889104923332     
   59.427259556565673     
   59.568377357171130     
   57.171777341013836     
   56.025654837988107     
   55.649263346418422     
   54.132826478919498     
   52.679166893533690     
   52.062918966013740     
   50.792752694263712     
   50.474842112153702     
   49.245660605209281     
   48.554692326731171     
   46.780673329809616     
   45.753843968400830     
   44.180589740979372     
   43.094210688338734     
   41.164184633321341     
