           1
        3200
           1
   999.62540681377038     
   945.52083947529479     
   901.10165391648241     
   866.58900498688945     
   841.33134612847641     
   817.68360513608968     
   797.17519839984857     
   774.45871953349069     
   755.45299845599311     
   737.91542178271993     
   716.32861736635061     
   697.19867596343420     
   678.67098876712680     
   663.34327287440544     
   647.47676177184962     
   630.86749429377971     
   613.48639018059293     
   599.08399335895444     
   583.48668560620763     
   570.69794920419940     
   556.09603551265775     
   541.41052854773341     
   527.83876841802476     
   514.79763796593966     
   501.46545137217049     
   487.80149871411919     
   475.11204182278095     
   462.41916608757242     
   449.50168282978240     
   436.92249617479041     
   424.26849712925758     
   412.33667659528044     
   400.69847499412998     
   390.10768038866314     
   379.10415503893614     
   369.79332064701458     
   359.79499098721328     
   350.59658276084900     
   341.78568551466111     
   333.39897815797588     
   325.14952053953652     
   316.98871580292348     
   308.53004139671447     
   301.16653203689680     
   293.59798640453585     
   286.01516734308757     
   279.18642847835076     
   272.46277491464343     
   265.81994249133732     
   259.64238243585407     
   253.81714664184949     
   247.99688896016406     
   242.42869478286073     
   236.88543581329395     
   231.55411688414347     
   226.13291508207669     
   221.28260126578002     
   216.33384203768810     
   211.84943656680952     
   207.33891274586557     
   202.99217222571025     
   198.67988250226881     
   194.66565936755262     
   190.66600868435935     
   186.74283906781693     
   182.82008942240907     
   179.19823426071699     
   175.59134881602043     
   172.01927260647111     
   168.64516616525486     
   165.17168769368180     
   161.82969188387546     
   158.65504301057911     
   155.51970557856083     
   152.54780492669104     
   149.53702234377300     
   146.64968901521792     
   143.80616349625797     
   141.02732747878727     
   138.29655872615444     
   135.54385050083366     
   132.81436724351215     
   130.32918430609971     
   127.87703502847590     
   125.36151844997150     
   122.96897525259752     
   120.71605333294141     
   118.49075646085869     
   116.25608649746891     
   114.09362340493310     
   111.96090449688157     
   109.89276145428587     
   107.82452577581850     
   105.84369317190377     
   103.85911224031699     
   101.95738043232824     
   100.06714223474728     
   98.212173025012575     
   96.399741173908552     
   94.650890144276318     
   1018.6381592703326     
   984.60824144724666     
   938.76912910694773     
   901.43720553024718     
   871.71878003457073     
   842.65544135701089     
   820.20120516747465     
   796.42969509376280     
   773.23377905419250     
   751.03841267612688     
   730.66198282284915     
   712.06467889197688     
   694.62453554915203     
   677.35631859335842     
   659.25429620958437     
   642.64126716777832     
   628.33325762214395     
   612.15781884887360     
   597.52982226914799     
   581.95162742127536     
   567.42904719556668     
   551.96266190865072     
   536.51089802096135     
   522.63303347215708     
   507.22041722030258     
   492.80305051534947     
   478.38175114982005     
   464.01042186722492     
   450.97197378332066     
   438.03204246222424     
   426.14808367903697     
   414.69068864064059     
   403.47083195933669     
   392.52014600303039     
   381.65698458295827     
   371.68798634749453     
   361.92581645265125     
   352.09944541110036     
   342.13085625951987     
   332.86424879546473     
   324.21287574572682     
   316.20771487503794     
   308.78839196824288     
   301.49822408364980     
   294.03130138977986     
   286.80901827405165     
   279.99158796005048     
   273.75725950552470     
   267.36458037100294     
   261.18641345129288     
   254.96484195971229     
   249.02725445886526     
   243.46884194579263     
   238.04100613464135     
   232.70685292245099     
   227.74370402457990     
   222.67793063680804     
   217.61419349040497     
   212.97268342044836     
   208.47121268855665     
   204.07479641189170     
   199.59010707835836     
   195.25789243693302     
   191.36858730947790     
   187.46350772894982     
   183.60658926288704     
   179.80308655130651     
   175.92171445014429     
   172.37105641848558     
   168.91440223911195     
   165.57407842992876     
   162.43120067271082     
   159.19430444231935     
   156.02133502876760     
   152.94564103385960     
   150.01841082239062     
   147.14107696539270     
   144.16478633154676     
   141.47442510610983     
   138.83025280391928     
   136.17683498137586     
   133.68379443355795     
   131.09732510171605     
   128.55826761991051     
   126.16013961738017     
   123.78917807481727     
   121.42691073614257     
   119.09896318093629     
   116.82153792978951     
   114.65350939574824     
   112.55173097964655     
   110.47730779994023     
   108.39036227386453     
   106.35871978100496     
   104.39034641109323     
   102.45475101385313     
   100.57997243187101     
   98.746316797435568     
   96.983827532011048     
   95.194043275108754     
   1021.5156545498388     
   989.62767760513145     
   957.86167865827463     
   925.69363099759744     
   894.42843034016687     
   864.60323451660611     
   837.05300800134091     
   810.78132937487123     
   787.28404971904195     
   766.81225417569908     
   745.58182916535156     
   726.43810425889956     
   707.47622380436519     
   688.20173880414609     
   670.42447045800009     
   653.47695172370186     
   636.52711073230421     
   620.62877449862970     
   604.58073837443101     
   588.13134167761621     
   571.01154109384606     
   553.81280920269614     
   537.13163098613893     
   520.76729958530620     
   505.91529012817887     
   491.42963548141086     
   476.79260463850767     
   463.69195017795624     
   450.16867196629516     
   437.21491566980029     
   425.13745903478650     
   412.93646312016801     
   401.78340284234184     
   390.75946510222025     
   380.07219217960096     
   369.83198230912694     
   359.86573638517763     
   350.07021509668340     
   341.86011772678575     
   333.41307548304513     
   325.28910114773925     
   317.18066494432674     
   308.67644456524198     
   301.36342221771883     
   294.22283304740233     
   287.34306418226663     
   280.69308450685111     
   273.81363787238655     
   267.49070327767384     
   261.55032400394805     
   255.02743053495274     
   249.04671370430216     
   243.48278318120327     
   238.14016310475290     
   232.75012057789846     
   227.61412373860452     
   222.45596868211203     
   217.61601206217574     
   213.07897364014008     
   208.65226670383569     
   204.16875865161188     
   199.90354148701249     
   195.65805747865500     
   191.71666114531004     
   187.57940128440123     
   183.61161438265574     
   179.82854328432717     
   176.42951117508792     
   172.88757129431121     
   169.31829831575132     
   165.89444385993909     
   162.64634529486403     
   159.30398479750960     
   156.08251414922464     
   153.11711084757792     
   150.13835041510518     
   147.14200789823232     
   144.31662198959725     
   141.48494711680152     
   138.74800914054893     
   136.06833265467569     
   133.48894554638287     
   130.97474380788407     
   128.49793109671680     
   126.02419485446126     
   123.58621304463951     
   121.25522048856037     
   119.00056283843767     
   116.80776167143404     
   114.60328743724807     
   112.44280827400334     
   110.38585742505222     
   108.25559715407553     
   106.21726912225009     
   104.20562092848310     
   102.32385775185591     
   100.46783933546979     
   98.637297653729320     
   96.804922557174109     
   95.008839116749556     
   1028.5662740510970     
   993.98851952331427     
   962.27365730668907     
   936.37226340732786     
   910.40040009942072     
   881.05931845462533     
   854.57403940645372     
   828.99505402957743     
   802.60436523947840     
   779.58923171180072     
   757.25813904487279     
   736.24435442186564     
   714.94882149905379     
   696.26926664645748     
   679.97015189199749     
   662.40350013115903     
   642.71502328602901     
   624.21236715166026     
   605.48026635983990     
   586.56215240900565     
   568.88963965078813     
   552.07001526517024     
   535.98377769057959     
   520.02550366697517     
   505.55027609631804     
   490.75796315638951     
   476.64237834645445     
   462.94094385023385     
   449.94007202202681     
   437.90252647866373     
   426.25134034544169     
   414.77407585264802     
   403.35162965363082     
   392.47280493706785     
   381.56129903876098     
   371.94884973724180     
   361.65808326617469     
   352.51360168984388     
   343.15607636042444     
   334.15561653608194     
   325.59076021031984     
   317.02080544147481     
   309.37546635089200     
   301.44006302137501     
   294.28363842663589     
   286.90669051653310     
   280.14235219220382     
   273.73315935212605     
   267.34179198665726     
   261.16085701503710     
   255.26319826652502     
   249.52532186469506     
   244.13960473872382     
   238.26926047527101     
   232.93764404797076     
   227.96930347388621     
   223.23836379787912     
   218.57130282704867     
   213.72447713380720     
   209.28921763783700     
   204.94626050506886     
   200.55878027359705     
   196.29109605976035     
   192.15197738402156     
   188.03488790687504     
   184.23683747183924     
   180.75666423299754     
   177.09810122647468     
   173.54999662786037     
   170.10102695886974     
   166.73968076589557     
   163.41879648303873     
   160.13608788158683     
   157.06332083041468     
   154.09473545839299     
   151.02367390982033     
   148.13654399186927     
   145.20383698080798     
   142.36852081073178     
   139.56105766330319     
   136.88506541136007     
   134.29906807051745     
   131.68754243130408     
   129.17043751357875     
   126.70906486533845     
   124.29322359251645     
   121.96038483983264     
   119.67851168759748     
   117.41376361236198     
   115.16527897950529     
   113.00602251337391     
   110.95990784685640     
   108.88964190575733     
   106.86089827504330     
   104.87792785392861     
   102.93904630731021     
   101.01886912300793     
   99.152666503428719     
   97.337072498746210     
   95.545196350759511     
   1031.6998834039396     
   995.62883055603493     
   965.05827260266312     
   939.99053571253228     
   915.95471309914205     
   889.96862634676131     
   863.35385129014321     
   838.16879882022840     
   813.03199075392183     
   789.08568323270799     
   765.19936333578016     
   745.23095333482979     
   725.49169907620012     
   705.47465603496812     
   684.69292044939925     
   663.16548348708386     
   642.58720309816874     
   623.54383411246567     
   604.71376753929417     
   585.96024473689192     
   568.94118733076175     
   551.53996912543107     
   535.68084824848779     
   519.32020871393843     
   504.36522717762284     
   490.10864347652762     
   476.67191742961450     
   462.53644613210986     
   448.96215641601088     
   436.48821883241806     
   423.49567120373729     
   411.87600729467033     
   400.63930784204797     
   389.61959181200785     
   380.08422962207896     
   370.32528887219746     
   360.78578387055052     
   351.34183401796054     
   342.44954222498035     
   333.98114156371514     
   326.05635570578340     
   318.22936242760079     
   310.25457472330260     
   302.46155863971575     
   294.72379095326744     
   288.20720303191666     
   281.38898679555928     
   274.71472814903973     
   268.30554209362822     
   262.26837631715966     
   256.53078008834336     
   250.56702589055990     
   244.75998887419249     
   239.13152649473298     
   233.79524521030734     
   228.67757442038763     
   223.64949416926484     
   218.48679246719951     
   213.72437981899265     
   209.02248978902952     
   204.53557193082767     
   200.24334070760352     
   196.12564120300240     
   192.17712867245598     
   188.21075690392257     
   184.50986321546657     
   180.67993873762526     
   176.96468296863804     
   173.47427987879630     
   169.90039043321272     
   166.59762118424135     
   163.28551506511246     
   160.10730672881013     
   156.87077118700626     
   153.77413838322974     
   150.73577463979319     
   147.73297856414626     
   144.90688764751985     
   142.10532679930651     
   139.36117845110175     
   136.74102039026900     
   134.15734940952919     
   131.52420221865148     
   128.97122523431571     
   126.55033095543018     
   124.14114219556066     
   121.81730223953952     
   119.56553358553133     
   117.26732159888498     
   115.01468017792882     
   112.90451591034750     
   110.80799712150846     
   108.72565257289588     
   106.69984208830019     
   104.72402034276547     
   102.82299085325010     
   100.89973751792174     
   99.045012631372146     
   97.275646609151906     
   95.509307360423534     
   1037.0869193877124     
   1000.4330118863173     
   970.14425943943195     
   944.08414869882449     
   919.16856461901534     
   894.11121375910250     
   870.82880234148172     
   845.89522682864992     
   820.74879112772942     
   797.18252638270769     
   774.68971130293585     
   752.50132918354927     
   729.67154438828038     
   707.25810470547117     
   685.52458658095168     
   663.21066114731980     
   641.75290563664089     
   622.65965531398194     
   602.09963893214831     
   583.42018390934572     
   566.04954937455750     
   548.96791133263616     
   533.27835762079258     
   518.55852918115738     
   503.30179449211244     
   490.11578952453078     
   475.84187549169513     
   462.85945359240350     
   450.56565024921741     
   438.16000202159120     
   425.87724958994818     
   414.45042029936269     
   402.99617164846791     
   392.16224828915506     
   381.79804984487072     
   371.82116786939150     
   361.97785120550719     
   352.83914841342488     
   343.53186172080149     
   334.43361927722742     
   325.83679015893546     
   317.66283899303710     
   309.64903611940241     
   302.29145687350700     
   295.19935618173236     
   287.81862030319934     
   281.08656456546652     
   274.33409301580946     
   268.25460785852169     
   261.94478858961349     
   255.94746816362493     
   249.88854010255616     
   243.94733886637920     
   238.58389992624143     
   233.65647081788401     
   228.71824654868288     
   223.57545107441430     
   218.90992594255022     
   214.20226859184399     
   209.92557555561555     
   205.53802246647138     
   201.18090049310379     
   196.90665947821523     
   192.71289133954929     
   188.70923676263624     
   184.78646424003585     
   181.04751661045060     
   177.36221205572514     
   173.72220963248165     
   170.21827673525695     
   166.81097224337532     
   163.42649399933873     
   160.12141465413438     
   156.99217421020751     
   153.87629060906158     
   150.80594955178134     
   147.92635537884107     
   145.10426248091753     
   142.31786084260244     
   139.57330868178059     
   136.84599185667469     
   134.17251705012723     
   131.63431574054133     
   129.05095902989626     
   126.63918448625012     
   124.25014857067163     
   121.90606028592275     
   119.61202579180205     
   117.34444581348642     
   115.10892774735254     
   112.93817392140451     
   110.76876510330514     
   108.71007309271455     
   106.69177109463887     
   104.70051304532456     
   102.73793566847277     
   100.85990317633022     
   98.999325256520635     
   97.186544024892981     
   95.358500095710198     
   1041.5866954587625     
   1002.7193137816121     
   973.80941619354837     
   946.85612398642309     
   919.88837912381678     
   896.72301469843239     
   872.33511528564679     
   849.95508070001256     
   825.60262948391301     
   802.81965472729405     
   778.71546993394406     
   754.65839073346751     
   730.43900952652598     
   707.00395964651932     
   683.83905479213024     
   662.02304702472691     
   640.48848443499185     
   619.81294636022835     
   600.56114465099995     
   582.32598205116892     
   565.21763572929331     
   547.58195594491849     
   531.91825706131954     
   516.46365463067787     
   501.27865318797637     
   486.86974790152328     
   472.54862105021454     
   459.99988286580106     
   446.83925685122364     
   434.44962579273283     
   422.60357520577315     
   411.59737777249916     
   400.29526824355082     
   389.56076483334590     
   379.75694426140262     
   369.60741778035162     
   359.88964445565836     
   350.76783390577521     
   341.31169512091168     
   332.61594390220830     
   324.43567128601052     
   316.57274698374715     
   308.56572292852832     
   301.09619712637726     
   293.79387775800734     
   286.77785472621474     
   280.25623040061902     
   273.85167052329672     
   267.63452936491427     
   261.52415389414557     
   255.70999050330008     
   249.77840172009797     
   244.10100085200813     
   238.68802254831746     
   233.43863925426135     
   228.10704313811135     
   223.17175674234082     
   218.40094206303792     
   214.03465195435487     
   209.34234958937463     
   204.84346315809327     
   200.53696743450783     
   196.57024475705083     
   192.55151336211611     
   188.70215555660070     
   184.74151300477993     
   181.07669511445914     
   177.25717307526710     
   173.59693858301841     
   170.11523230822357     
   166.63952689642639     
   163.28369239851600     
   160.24069385214244     
   156.93996881505149     
   153.86688458980711     
   150.85202263542391     
   147.92096216778981     
   145.03461894830809     
   142.15226669299921     
   139.39885737748557     
   136.65150226278107     
   134.13936996558607     
   131.56536900932406     
   129.09907294809454     
   126.64660933080219     
   124.29059940046385     
   121.89489295470429     
   119.58536794377171     
   117.32357150089922     
   115.08623171610905     
   112.88405430614165     
   110.78729352615413     
   108.74623178464086     
   106.75422636402814     
   104.77255393764304     
   102.83684247241581     
   100.91726918282107     
   99.084209242261977     
   97.244019486119640     
   95.431833798847649     
   1047.4677089228878     
   1007.6072800176976     
   978.42417980613413     
   951.27195821289649     
   925.77409575338288     
   897.66631250834712     
   875.52720405740479     
   853.30573176481130     
   828.19382664717750     
   803.91943003322422     
   778.67935707385857     
   752.53511544597336     
   727.04208442753009     
   703.15053242932686     
   679.33694151831719     
   657.56369303495558     
   637.12424729292445     
   618.35115675995394     
   599.33014786739159     
   581.16054242770747     
   563.26392278238268     
   546.80428504479187     
   530.01301076584866     
   515.44125189851923     
   500.63737734064989     
   486.19632745826686     
   472.15418012085621     
   459.13093730074235     
   446.62122184557541     
   434.62744923689456     
   422.25310137048598     
   410.77613538398123     
   400.13212543444683     
   389.25502412237773     
   378.95199139094382     
   368.53244987898330     
   359.30391516163456     
   349.86179490742450     
   340.61702894705542     
   331.82077743497473     
   323.87774760728138     
   315.84518545554704     
   307.87591713323366     
   300.30328931261181     
   292.94388259498498     
   286.01169454737760     
   279.29990941944641     
   272.66905585131474     
   266.37675798507831     
   260.21385758314329     
   254.67494028325177     
   248.70464028561037     
   243.05660648683889     
   238.07154818403868     
   232.67062044192522     
   227.62296645460373     
   222.56635169358606     
   217.69237313321804     
   212.96732989560485     
   208.45307418265091     
   204.23620368200224     
   199.90043442991242     
   195.68103797312818     
   191.51262789518731     
   187.59762223320686     
   183.70848540105578     
   179.97600168330047     
   176.44817068742560     
   173.05048185214213     
   169.57059373062586     
   166.19778144095886     
   162.88774015199397     
   159.67109099455126     
   156.61892317844712     
   153.49604649556443     
   150.47104740401710     
   147.54639903796212     
   144.68922591450541     
   141.95549020662918     
   139.21684957759845     
   136.52796435282937     
   133.92078518426283     
   131.29333846438257     
   128.82705909668718     
   126.42856824336666     
   123.98729259671433     
   121.53888430736518     
   119.33722422112417     
   117.09673382360870     
   114.79873818354875     
   112.66893812739291     
   110.48730625758805     
   108.34972164225449     
   106.34532181296569     
   104.40520542309895     
   102.43726351239833     
   100.50566862682768     
   98.652531110866491     
   96.808667952407347     
   94.960628355957311     
   1052.6752154152955     
   1012.0404126262463     
   982.55341602347744     
   955.41661676352328     
   928.38133442850210     
   902.43599489141559     
   877.01034992515747     
   849.62133144838162     
   825.07482212331252     
   797.60735787010253     
   770.65032592562579     
   745.55181853957311     
   719.37002110285994     
   696.28483784099728     
   673.86968695568680     
   651.84890066090088     
   631.73862004839862     
   612.14947028657991     
   593.44939367089592     
   576.66885422090138     
   560.86990521546875     
   544.62524556378901     
   528.65324287901285     
   513.71878733098254     
   498.48271236646292     
   484.62810432696034     
   471.15413602872428     
   458.64503087370002     
   445.14453623569460     
   433.41343803552235     
   420.58552500044595     
   408.78866530995913     
   398.14419991107616     
   387.23602972976636     
   376.79473246913909     
   367.46480305099368     
   357.90298297291548     
   348.73739346471245     
   340.06534580136531     
   332.21900493679851     
   323.86069562457448     
   315.66729643929983     
   308.19059482190073     
   300.88258077691683     
   293.82595790402331     
   287.17256819829555     
   280.33914893114263     
   273.64006205998589     
   266.67773246471671     
   260.59792637894736     
   254.75094787532893     
   249.01491955654001     
   243.53406754297862     
   238.05369514014677     
   232.98577731875082     
   227.80365131755644     
   222.84796776134112     
   218.14537749984416     
   213.41593301114054     
   208.94929970195651     
   204.47657870996352     
   200.36134003121023     
   195.96116089682135     
   191.94990390785816     
   188.02062366232812     
   183.94258325232187     
   180.01386330427073     
   176.39499386282012     
   172.78832550321422     
   169.05159249126575     
   165.65758408308105     
   162.43175099366448     
   159.02434793925613     
   155.79621013348438     
   152.82938977763123     
   149.89326203641269     
   146.80714614310389     
   144.04669244469011     
   141.15059306382338     
   138.56310862370941     
   135.74078671458653     
   133.05116886898273     
   130.43760277579341     
   127.92767113759753     
   125.31264627125850     
   122.88268957436553     
   120.60379648738078     
   118.31116282578037     
   116.04199195870541     
   113.81106670665956     
   111.64357803241749     
   109.50137171269091     
   107.39614753291174     
   105.37435006983327     
   103.41505978724653     
   101.44055845420066     
   99.520273910625718     
   97.588644423619172     
   95.742568845055985     
   93.950654890489503     
   1056.4833338656988     
   1018.3522489574846     
   987.95327812776566     
   959.68899022441929     
   930.58043701574786     
   901.57048160012914     
   873.97152501711889     
   844.85600245215119     
   813.82475296585380     
   786.40564257486346     
   761.52273484965860     
   737.23908927088894     
   714.05047604231663     
   691.31912860780812     
   670.38605382385708     
   649.58083783096401     
   629.58921225883228     
   610.79586158007930     
   592.09937245144772     
   574.20025441789301     
   556.79847317636245     
   540.15621794052799     
   523.97703524914073     
   509.11582557996553     
   495.36297148190289     
   481.91738565712819     
   468.89180694714724     
   456.26510415950452     
   443.54798335794050     
   431.56847510835934     
   419.82127644876823     
   409.14856355267136     
   397.59617759734761     
   387.33567043410818     
   376.91194892625765     
   366.69340362425294     
   357.59343369288104     
   348.12938290489518     
   339.19497592824575     
   331.26521325124929     
   322.45350796777723     
   314.33951590897766     
   306.42466207073255     
   298.54635005687840     
   290.98586979249336     
   284.51879296397141     
   277.52631182544059     
   270.84228277623151     
   264.69893311041000     
   259.03129075239860     
   253.30468046035713     
   247.47756948593309     
   241.93402301365290     
   236.27467068613930     
   230.91095889038209     
   225.91207396636321     
   220.77080342163788     
   215.77178011899414     
   211.31644215179725     
   206.57732344559830     
   202.06595365420753     
   197.81766633638509     
   193.71159100674646     
   189.90830879688178     
   185.87883780885446     
   182.04190272035041     
   178.38411069927577     
   174.69332332702095     
   171.24148266280875     
   167.74781405665138     
   164.21501135261477     
   160.89500824932117     
   157.82277032537422     
   154.73990173814641     
   151.56207414393688     
   148.56289174899135     
   145.51985105433798     
   142.56891043462349     
   139.67608036354918     
   136.91625655882757     
   134.22776988803753     
   131.52899515201588     
   128.89171361730283     
   126.40109511608745     
   123.94382644614585     
   121.50958737997159     
   119.12974832983500     
   116.80852729234206     
   114.52541933559120     
   112.32018995055628     
   110.16533167406303     
   108.08446376031105     
   105.99428434856408     
   103.95419786404179     
   101.90731681384035     
   99.959054509127014     
   98.049157017303571     
   96.181137351063711     
   94.289671283391215     
   92.513337020480108     
   1061.3362468488324     
   1024.0771688048812     
   992.22173705499006     
   961.64441796642336     
   928.32464589910512     
   897.77586677580246     
   865.65126606908018     
   832.48613187868852     
   802.64939635531277     
   772.90051119488953     
   746.10132457307634     
   721.96902873025545     
   700.42372473735895     
   679.72689098737624     
   659.91083693056351     
   641.61702500876311     
   622.20045393617045     
   604.71566995406238     
   587.66392029928102     
   570.79937247444059     
   555.04313557581588     
   540.11172202229204     
   525.61853170433858     
   509.98242876629371     
   495.01913900943265     
   480.51637114040818     
   466.74014184265582     
   453.44846052993529     
   441.00641071774362     
   428.74499136489209     
   416.22183815276406     
   404.70473520995108     
   393.76213389435770     
   383.05106774031992     
   372.88810695208576     
   363.15840108791394     
   353.70072044783672     
   343.99491940505618     
   335.16942723832108     
   326.48668326551046     
   318.56051201993432     
   310.71013204921201     
   303.11737022062175     
   295.70543460804919     
   288.45423755385963     
   281.46612079649816     
   274.96964968178190     
   267.89636136838271     
   261.59247013007030     
   255.50534636206669     
   249.29491049831751     
   243.59055083289016     
   237.81763709209196     
   232.53059459290114     
   227.01397825961601     
   221.99225384079895     
   217.00012934293935     
   212.16207330260107     
   207.27420162906157     
   202.97126629584798     
   198.42321216244954     
   193.98038976254287     
   189.72535442609367     
   185.69099039578794     
   181.46734505098868     
   177.48772656728613     
   173.71136152838105     
   169.96103830015048     
   166.20676885326796     
   162.71847255306355     
   159.05194479185673     
   155.64302439501279     
   152.42596110079879     
   149.33684568705269     
   146.26292366570823     
   143.13054878867430     
   140.26033002393046     
   137.44375400821758     
   134.63158499311268     
   131.94653342365359     
   129.22220461697776     
   126.68708001678638     
   123.98645159535293     
   121.46371054074876     
   118.87948337352032     
   116.38186877676590     
   114.06403785666140     
   111.77601350650403     
   109.45579357933028     
   107.30492214754567     
   105.05629691744237     
   102.89043424240103     
   100.78055965955912     
   98.756109254533257     
   96.757770557328428     
   94.746737943787679     
   92.909630541368173     
   91.072446369397852     
   89.266589175430767     
   87.503463380031718     
   1069.5775507514606     
   1030.4229162403849     
   995.20253632540266     
   961.69660708490153     
   925.43270878949670     
   887.42527613493962     
   849.98437518609489     
   815.51411844400559     
   783.64618519915075     
   756.69948342621069     
   732.37292936922427     
   709.20991992906465     
   686.64773289899790     
   666.40758141325762     
   646.34832819682492     
   628.92655585483908     
   611.32267293206189     
   593.38308105094779     
   577.14354344456342     
   560.40943655574870     
   543.80810613661845     
   528.19821523587188     
   512.89320035799722     
   498.22806750013785     
   485.11839652333572     
   472.18697890317878     
   460.64447595063871     
   447.67096870971454     
   434.92380202421577     
   423.11578174454326     
   411.86018099288202     
   400.07054780636429     
   388.71928407694861     
   378.22097765636636     
   367.05781826509997     
   357.41695046465622     
   348.68643472424299     
   339.44714490921842     
   330.44432273109777     
   320.97430853058898     
   312.74593545716630     
   304.72213385699945     
   296.75542800905168     
   288.95452210281536     
   281.20325158269571     
   274.07416355475038     
   267.71659296582010     
   260.44083459958642     
   254.86284083202219     
   248.69894761506586     
   242.53527401114161     
   236.85195768599576     
   231.42917683197120     
   225.96285976730047     
   220.37252593917947     
   215.04915019045171     
   210.14156600708216     
   205.23615400344943     
   200.55175819762198     
   196.08235281618533     
   191.24998041093670     
   186.78823986236981     
   182.74958233892636     
   178.65581898817251     
   174.76641781782484     
   170.56333593540145     
   166.76246651222183     
   163.02346927743690     
   158.99353067383669     
   155.43487239590456     
   152.01553614990488     
   148.64482153618604     
   145.37615935350357     
   142.16061522159004     
   138.93284395875133     
   135.95686093631309     
   132.90476132943238     
   129.90442505797816     
   127.14238483862877     
   124.49865092974261     
   121.73439511202567     
   119.04617074390634     
   116.49574632512335     
   113.86699508683733     
   111.32291135592476     
   108.86631956803008     
   106.76390390517619     
   104.44849310320883     
   102.32771905075315     
   100.09798010293363     
   97.985587040110886     
   95.970459634776049     
   93.947800704801693     
   91.884730796695862     
   89.941263551295009     
   88.007649905351116     
   86.029707198965923     
   84.201049722823484     
   82.415623769613475     
   80.685704602883419     
   1075.6544549289811     
   1035.2050845308536     
   995.93183366962739     
   951.54557290536741     
   906.72666331494793     
   864.77675705949594     
   827.47068643845193     
   794.84994252623892     
   765.72544633966800     
   739.56650628210582     
   715.04056302645142     
   691.16692112886540     
   670.70496601599223     
   651.94720026449500     
   632.92317573949651     
   615.28805343736485     
   597.67336512478983     
   580.22023718377557     
   565.63350064508563     
   549.15262739990408     
   532.42023332281065     
   518.32020457954923     
   502.25786610853908     
   487.49379139958279     
   473.68365643240355     
   460.35346592637200     
   447.42148293499855     
   433.98516743830709     
   421.32359211382476     
   408.97244098209694     
   397.46860087867867     
   385.95802095814520     
   374.66493451887197     
   363.82451937927698     
   353.68368188694677     
   344.80646528972761     
   334.56334627611886     
   325.89667941991388     
   316.74295532764529     
   307.64943446345944     
   300.01990165641018     
   291.68062469379953     
   283.83553900040613     
   275.80313811465294     
   268.71140850464087     
   261.80669495097527     
   254.63077171674055     
   247.28931992217403     
   240.83097598857270     
   234.93221005518296     
   228.37415803581945     
   222.70407753193115     
   217.16172595442211     
   211.34291920600168     
   206.06643953560422     
   201.06919806837504     
   195.28347582508957     
   190.13600266666757     
   185.33387872486816     
   180.86836119250313     
   176.51242627365394     
   172.16468771523313     
   168.09621355689467     
   164.01412632294694     
   160.00814674808160     
   156.08320387036474     
   152.44424891554931     
   148.95179140822168     
   145.35453054696413     
   141.81018150337911     
   138.41879526106183     
   135.02185409004144     
   131.88332328985996     
   128.94208908118290     
   126.10004758456661     
   123.17366232053983     
   120.03089200295977     
   117.05187773900190     
   114.45876011245406     
   111.76627149377543     
   109.07438534509214     
   106.76623914716617     
   104.36570751292697     
   101.80277407810148     
   99.437173130259225     
   97.188342992845847     
   94.825003678698607     
   92.741854757840656     
   90.575753460495676     
   88.503274102111050     
   86.669965127460486     
   84.701464757838920     
   82.965412572515689     
   81.058337574869981     
   79.211032502392484     
   77.574721894964881     
   76.019702489852762     
   74.377707205612353     
   72.863879766193662     
   71.212119206968580     
   1085.4382055646793     
   1039.2984350123218     
   988.49322582812624     
   933.05900242965663     
   879.29939824782480     
   834.45368477589386     
   795.70022555276091     
   763.35487690489458     
   733.91375612542265     
   709.22803917107149     
   689.35704001060321     
   666.11138618391965     
   644.37096832727900     
   624.12238060427717     
   607.10254066476659     
   587.95186888519288     
   569.97693960112792     
   553.11386823805185     
   537.67789387495418     
   521.43818125444773     
   507.35485949425185     
   491.57513380982289     
   476.68160633812425     
   463.77330513796852     
   449.14530179163779     
   435.33070401812944     
   421.21948562163846     
   409.24480274615155     
   397.72846836077082     
   384.55332176622284     
   372.37113916489852     
   361.55553963130586     
   350.77759962749963     
   339.62707760035096     
   329.83052506078070     
   320.32558584324011     
   310.69733389728731     
   301.55983914334365     
   292.24684254138879     
   283.02224165072880     
   274.34661126972867     
   265.99219195819580     
   258.72956953538994     
   251.20780501781792     
   244.68812993665813     
   237.15934856661951     
   229.81938007734072     
   223.87180529304081     
   216.89962976916888     
   210.98857827006429     
   205.92962013560057     
   200.00180297076139     
   193.68823269229406     
   188.94954071136999     
   183.58404395242846     
   178.13202363867640     
   173.83073097759328     
   169.31958176364816     
   164.43551665877919     
   159.78185366642947     
   155.02839696126668     
   151.13614862091131     
   147.01403770956048     
   142.64463165591218     
   139.20045711173205     
   135.57544617608883     
   132.20732929377670     
   128.36112180108711     
   125.28396094095176     
   121.61467477030753     
   118.39861495064832     
   115.32219130968409     
   112.23778132776553     
   109.96154914628120     
   107.35788815760458     
   104.28991895418719     
   101.57760949369712     
   98.779423126178912     
   96.634006642186662     
   94.067457711405240     
   91.186948126297239     
   89.381382855743027     
   87.353314240122714     
   85.011692442812148     
   83.215746004679062     
   81.315828838585745     
   79.481365632341394     
   77.712009097391416     
   76.009259555594582     
   74.332243816665681     
   72.444961824688761     
   70.898458162951215     
   69.020517029561276     
   67.619088049543166     
   66.058270112138246     
   64.862470027757709     
   63.094828886677234     
   61.827364276357685     
   60.347222959853653     
   58.741132968894348     
   1096.5275362783534     
   1033.8467806479130     
   963.20848745522278     
   894.81422240283871     
   838.52400622383811     
   795.59492384551106     
   758.37376986629499     
   727.08343103053335     
   698.83855372525352     
   672.22611246471047     
   647.85478842354485     
   626.44447816153638     
   606.83893594267215     
   588.08090546885660     
   568.23284118664560     
   548.57774871017943     
   529.11209683918651     
   511.17715013392188     
   496.19652788222891     
   482.32095721991215     
   469.39948788172831     
   455.49243206849485     
   440.00266278421077     
   426.64933219930060     
   411.85845971313017     
   398.89367395406487     
   385.13453969855459     
   373.31034044653569     
   359.30615144081975     
   347.33125486359739     
   336.03305344421983     
   324.21354837563251     
   312.03373472183551     
   301.24284334180737     
   291.43719073992395     
   282.03034706979457     
   273.24476800568704     
   264.07794672374848     
   256.52832496086978     
   248.45539927113725     
   242.02446749547795     
   235.04722505636698     
   228.38612407174247     
   219.74022290585839     
   212.93643438640831     
   206.96942064630636     
   200.42506632628547     
   192.54982075403558     
   187.30017615620386     
   180.66133251741758     
   175.95644435026531     
   170.95567548247712     
   166.12623442925371     
   160.97170771076992     
   156.81017876322019     
   151.65424192570572     
   147.38975237222886     
   143.29683918629246     
   140.18879794963794     
   135.64423299015843     
   131.28157675569784     
   127.74629290969520     
   124.00281402186242     
   120.63832326659495     
   117.21128576702625     
   114.40031508998642     
   111.17897258132162     
   108.45004350774771     
   105.24272161596524     
   102.16810716492589     
   99.756633320206731     
   97.081783054346502     
   94.456393994614544     
   92.240128583373689     
   89.761911360495347     
   88.348727012110885     
   85.485594657619856     
   82.800533657432780     
   80.110676417608516     
   77.633983877547408     
   75.655570550018950     
   73.605305633879837     
   72.354871942743287     
   70.511403623307899     
   68.454555433882632     
   67.333096313474371     
   66.125448860679100     
   64.639510339977875     
   62.980336830515625     
   61.149993325821484     
   60.377777168455552     
   58.432876174978333     
   58.135357868479211     
   56.456750224998302     
   55.729496340147165     
   54.534612803135829     
   53.372652079436563     
   52.002325396732232     
   50.942129716574442     
   49.618046945411749     
   1112.1268799509533     
   1020.3924047515591     
   921.06489409417918     
   840.01935826294778     
   783.43632638135159     
   737.78510091125338     
   700.71348297336874     
   672.14872238812927     
   641.82474983189741     
   617.70509119388271     
   595.70654215453885     
   574.61095645968021     
   550.90454628092459     
   532.96461515814656     
   513.26127749309569     
   494.96621496633276     
   476.85696041398108     
   459.52802840978040     
   441.89210826176748     
   428.08161384591943     
   414.07203420940749     
   398.45503449077364     
   386.34428943432050     
   373.91576975846715     
   362.22402904452724     
   350.21297556567492     
   337.66076032717729     
   326.17087517147826     
   312.55143781269237     
   302.38334058581239     
   293.76789898175633     
   282.18470124524566     
   272.24112349426741     
   262.23447195255784     
   252.47168661158500     
   241.98630555688561     
   234.19225126518967     
   226.90509944422865     
   218.23939078911732     
   212.09335927829000     
   205.24656352020472     
   199.51811378033506     
   192.09799896218615     
   185.87799140351089     
   181.87228220562866     
   176.31300372852354     
   168.70259445722158     
   163.99724583271217     
   159.14213179560426     
   153.64367645772748     
   149.59182491224502     
   145.65733613058410     
   141.63893722007782     
   136.55758210529305     
   133.49370955104871     
   128.55383884036570     
   124.34653957953127     
   120.98232950600274     
   117.90101439065403     
   114.84123922565055     
   111.73993549337258     
   108.44907297513925     
   105.14825542623345     
   103.34640458981616     
   101.35443565883540     
   97.910248858096779     
   94.522959186817388     
   92.677286220119498     
   89.702425846335032     
   87.865369116709545     
   86.001198476927669     
   84.317669828088938     
   81.357783544833552     
   80.196344688065182     
   78.015373896215664     
   75.457121577070922     
   75.494017025386881     
   74.087847546838248     
   71.767650847147380     
   69.364142172610869     
   66.719823013884664     
   66.208960417850847     
   64.101900069681946     
   63.732296159043543     
   61.505605187242573     
   59.875467180973537     
   59.474245255705938     
   57.641149565448345     
   57.019864956447528     
   55.386009323608818     
   54.432076085849296     
   52.782513888148252     
   51.274251234309155     
   50.291842948663977     
   50.254646677200824     
   48.784539614031004     
   48.199197818955469     
   46.910344665952806     
   45.428286420772530     
   44.235501974021602     
   1125.7207237666107     
   988.40311974739529     
   864.98972761780874     
   781.79207404231613     
   720.34394973833514     
   675.95214800121084     
   640.47238373383925     
   606.79925435010955     
   580.24839135037757     
   555.57489862596401     
   533.69764512374684     
   513.49238798849456     
   493.36984897054657     
   473.76714646162247     
   453.75558245692616     
   436.07131067083316     
   420.33761377252983     
   406.93611651891462     
   388.80986459932473     
   374.00278889202616     
   360.96811887507153     
   349.94273526500524     
   335.60311060773398     
   326.23534883001861     
   315.93200418578033     
   306.06165873725536     
   292.59194002871118     
   283.76655763723232     
   272.66699503404880     
   265.58567660885763     
   259.88782942956288     
   245.67511768047501     
   238.94953403766192     
   231.54974355126447     
   223.76865668681842     
   215.41258153841352     
   210.07321265467729     
   203.54335850012663     
   195.30003493221579     
   187.97211897127795     
   181.85337641594089     
   176.54045205142199     
   174.44529448110617     
   167.49931183941919     
   163.05098787815589     
   155.46212020368858     
   150.91462676626082     
   146.41934121189757     
   142.14546809527593     
   138.67707428369056     
   134.03549264705518     
   129.10657403333644     
   125.84623587411394     
   123.78117917184045     
   120.31830539443646     
   117.26358807857135     
   114.20906269160118     
   112.00480555938996     
   108.13395057717763     
   104.05455600626840     
   102.26332916360076     
   99.392529407288677     
   98.056249909492209     
   94.414274403618350     
   93.546140357996819     
   90.885217803655451     
   88.803454485993541     
   87.881025755817689     
   84.216615235216196     
   81.860277866888339     
   80.255142403457370     
   78.958684686900298     
   76.672025311014082     
   75.790955096545645     
   73.915303904028590     
   69.854477188041969     
   69.721106539149588     
   68.391470988983343     
   67.306226981023926     
   65.222940357182125     
   64.603650324165827     
   63.191318464353436     
   61.327923419463993     
   60.537760989225703     
   58.529652626854073     
   56.833437904504834     
   56.599439018517806     
   54.391939645694450     
   53.486931444116195     
   53.226343963792772     
   52.422948301118012     
   51.467192281609165     
   49.400621783251054     
   48.303624627731210     
   46.906800571690766     
   46.179919928068465     
   45.381509134580519     
   44.180789036730665     
   42.517060311883192     
   41.221449534337914     
   1148.0665286080828     
   962.62376498644653     
   822.92186304900497     
   734.11164030818145     
   665.93949063989157     
   624.57535108657612     
   589.10355146016082     
   556.93793244186395     
   528.13821374804320     
   507.12500303924230     
   486.55498800913932     
   470.54008669205342     
   448.62898989001246     
   433.86620959159814     
   416.88217505934603     
   401.11968077617757     
   389.44660045999160     
   373.48428102242269     
   357.77565627189551     
   340.54045960192809     
   330.96112139006601     
   324.44703314053902     
   311.92743299993174     
   302.30873914325457     
   292.24080227366869     
   282.38942545756402     
   273.30078639880367     
   262.53536950489354     
   254.20976228962593     
   249.87446267530112     
   241.08200237249582     
   231.21067804343141     
   224.01693422099842     
   218.17780015012121     
   212.18941180086142     
   204.97305468518630     
   195.08021588062110     
   189.73050118782058     
   184.65200427055922     
   178.10560481219125     
   172.32928078718612     
   167.42867371122674     
   163.03868208476572     
   159.12992593020988     
   154.80934830534764     
   148.50641082623477     
   143.80260251155448     
   139.19253345825484     
   135.25571674303615     
   129.56987187114078     
   127.03417021249243     
   124.22986499025319     
   121.60135616211362     
   117.87006269013156     
   114.96091793790509     
   111.57389370395187     
   109.25707074644889     
   106.46513800766388     
   103.98995624795563     
   99.607261397226779     
   97.347380156179327     
   95.276053680784727     
   91.665556703040323     
   90.582985791685047     
   88.729872727297135     
   87.654000984729450     
   85.513125233103480     
   82.630548066603268     
   81.871805514079526     
   78.610442136702133     
   77.240017464956864     
   76.336120360588538     
   73.193015014287255     
   72.430533176566883     
   70.444642449740343     
   68.424968420226776     
   67.172956286822355     
   66.699622176252262     
   65.206911215041089     
   63.768276503442600     
   61.811422243480273     
   60.343333400853126     
   58.985715929600985     
   57.894367996610178     
   56.954642903520821     
   54.877478375649666     
   54.340860794219303     
   52.076045863188654     
   51.084380940536235     
   51.011977921314809     
   49.661572167198614     
   49.930063056763046     
   48.775067570589513     
   47.516535728114732     
   45.813212182929121     
   44.988033390415289     
   43.672765997855890     
   42.315825211314802     
   41.282842107023278     
   39.450840669892841     
   1176.3011779952228     
   954.09281136731727     
   805.90293532400653     
   710.24098214745663     
   643.55614320192740     
   600.62312092337106     
   565.49661395103294     
   533.39941100436886     
   506.56155766198566     
   485.16666846153936     
   471.17692016798867     
   452.58441166046958     
   432.66117098135851     
   424.74751856375781     
   407.38216007407749     
   390.73848005277364     
   372.35105216592194     
   361.66914017145609     
   350.17834373536300     
   333.07138498975087     
   325.89827146655318     
   315.12610923609105     
   302.18962421991256     
   292.86834954045179     
   287.98936587373572     
   277.79454899149317     
   264.99841334815852     
   256.99039953569206     
   248.34392875686791     
   242.49476071611471     
   237.77256149160536     
   226.73815564434943     
   217.73230405374773     
   210.66178780407927     
   204.58102638767471     
   197.28083431652936     
   187.00591630086444     
   182.59560627570397     
   178.90523956726355     
   173.36135280786834     
   166.49072516294319     
   162.24812836152034     
   159.62750216331116     
   155.58416003622096     
   149.19967364377439     
   143.75175440765486     
   139.19494040149186     
   134.58363044645461     
   129.83484115936096     
   124.53603244211342     
   121.58063432214766     
   121.24645362227749     
   117.20913026090128     
   113.10993514782405     
   110.12264253310663     
   105.92152983537400     
   106.02068114537832     
   103.82692564293454     
   98.390421930650817     
   95.112443681944214     
   95.136421651901600     
   91.554561514291933     
   88.601403056469024     
   86.131341418207370     
   84.896466749354673     
   84.417143256425149     
   82.717683417955143     
   80.122781570170659     
   78.869446362352619     
   76.921501347789700     
   75.062244419137571     
   72.135200003159042     
   70.166494887343262     
   69.748635666450781     
   67.755988451324114     
   64.321527131433911     
   64.690161450303449     
   63.498813946924344     
   63.122687215867742     
   62.024488911075395     
   58.638028651701077     
   58.315427142399294     
   56.916256051282581     
   56.451757230172930     
   55.284369114839848     
   53.951270613669294     
   53.357288576781265     
   51.508952349223669     
   50.076231608908017     
   49.606022683185941     
   47.899853621306747     
   47.226667764976689     
   47.344466003013366     
   45.767032494649122     
   43.494632774288704     
   43.565158756707554     
   42.043849150518625     
   40.629590229142522     
   39.560098409575545     
   38.536653314714343     
   1209.5477187544770     
   973.97527246291315     
   824.68720279203001     
   714.45623029597232     
   642.40669295297732     
   595.05889492922847     
   564.43536690051701     
   530.67577879203509     
   500.10542397843074     
   479.43612814953389     
   465.65509396438131     
   448.87238346113298     
   429.77265850060218     
   415.94673322910302     
   407.43270078970579     
   384.64755059361829     
   368.87479109247681     
   361.43084746976740     
   348.95795433191302     
   335.00724031306186     
   325.88989452851956     
   311.46260202485928     
   301.60430523231980     
   293.84910688836504     
   284.65986071529903     
   273.49346605229141     
   259.66821352715266     
   255.45638808624162     
   244.12033798047128     
   237.07233573145476     
   235.76617526700807     
   220.53322549067087     
   214.56848038089402     
   205.12190131583799     
   199.77117394656682     
   191.81220062844187     
   183.49707852385114     
   178.99666889507967     
   173.06060485813040     
   170.38008901503082     
   165.41716358461105     
   158.35719957422276     
   155.87209218149968     
   152.60839140569689     
   143.66928397352041     
   140.98211148253347     
   136.71595938522495     
   130.05853673238340     
   125.86649380359427     
   122.95307074422070     
   119.85788520784885     
   117.26076557668127     
   112.17971660179030     
   110.02072947058346     
   106.78528341637640     
   104.55886272785560     
   103.39637887185074     
   101.41341064568880     
   95.870124974031057     
   94.338884381205673     
   92.475167887884325     
   90.817361715338990     
   87.617556536912616     
   84.673342066713730     
   82.558161152431396     
   81.847736994527338     
   79.833688358623945     
   78.221902910991474     
   76.321261073774011     
   75.118328521100992     
   71.503338662617963     
   70.607681287054547     
   67.791157519676332     
   68.222289035137138     
   65.492365369447270     
   63.419877108213434     
   61.085408460043958     
   63.585898954288098     
   60.249291132516177     
   59.526384741056127     
   57.192338821729777     
   56.770167352948071     
   55.414975172648802     
   53.755299912143968     
   53.000042809354298     
   52.983977675480489     
   52.330723599676460     
   50.311408831728308     
   48.765219620742549     
   48.106537384482678     
   46.896331375770437     
   46.127259131397217     
   44.741122285320863     
   44.289891614939414     
   43.438040929360191     
   42.962838455478085     
   41.292124158431854     
   39.804353198833873     
   38.319275190839143     
   36.455391753202520     
   1249.8448357788066     
   1009.9236628705817     
   848.10273603873566     
   730.29821897393526     
   650.08967666621481     
   595.88926627076239     
   562.91301680873948     
   530.90836030253013     
   502.23574704284090     
   479.66233095040610     
   465.58425803108281     
   446.18219695939155     
   430.62243180779228     
   412.46236030766795     
   403.17632933354224     
   380.80613803800782     
   365.18871218662895     
   357.65159135364019     
   344.49259303060251     
   330.08508446984553     
   323.77379914799593     
   309.39416346492925     
   304.11716410824238     
   291.99760796939125     
   286.39865290119099     
   270.72267730101862     
   252.99353811514419     
   254.79877868098990     
   247.20226992382609     
   236.98711930079915     
   232.59273037509945     
   218.77123431608379     
   215.07810744243139     
   206.18438913754485     
   197.35716887639600     
   194.55179106660316     
   182.32688301106020     
   174.73033397321285     
   168.62832093362974     
   167.17427431660877     
   163.90825565663482     
   158.07124875799360     
   154.19555164362032     
   149.12293383970220     
   140.07729371263861     
   137.18964305969504     
   134.28992071550891     
   127.90437669858862     
   124.04015008041925     
   118.48252212112033     
   114.71697679371712     
   114.11563702435862     
   108.66783530028549     
   104.97841743730847     
   104.82112682995202     
   100.59835128876666     
   101.22932264337760     
   97.431539565031912     
   93.180613541201893     
   91.655112807642666     
   89.220608303330266     
   87.938918126147968     
   86.256057424596548     
   83.321371182915072     
   80.076105455246108     
   80.609816223351231     
   77.772988799524938     
   75.579894746265381     
   74.076286335990162     
   73.377978953677811     
   70.201973907812743     
   68.203701096936484     
   66.298405830538670     
   65.748267858432968     
   65.340597150972073     
   61.872146891438327     
   61.147523698435101     
   59.865822161300756     
   59.304211519556155     
   57.095691718454212     
   56.484382778377693     
   54.601736169850625     
   54.408691540832820     
   52.999286461296535     
   50.862472279830023     
   52.177527720916288     
   49.990240565974752     
   48.271708861380105     
   47.780624270172837     
   46.864997330638936     
   46.258672830431316     
   45.296647705611790     
   44.444897451912453     
   42.802924322540981     
   42.396347730753178     
   41.378516240350535     
   39.848699533765327     
   38.952971210168855     
   37.572668045944816     
   35.210024009919557     
   1283.1525383305504     
   1044.6340324909775     
   867.88101122360308     
   757.40209297447780     
   669.82398786849581     
   607.00477582638814     
   568.13747797901124     
   533.29488430814467     
   505.72008988212929     
   484.15177044326049     
   465.20203438647127     
   442.06798286245140     
   437.70944266383447     
   418.34455664258030     
   401.49454034089541     
   387.49855683005842     
   367.97695758980876     
   358.07452940546466     
   343.14911594687612     
   330.97946463459880     
   316.60105877701551     
   309.72678219829265     
   303.90872641227048     
   294.21877648846646     
   280.65447347081158     
   268.90558901996320     
   251.11836336217181     
   252.03255025080432     
   243.42155023773512     
   239.75174535020869     
   226.89872950934981     
   217.26790192780396     
   217.07103336978338     
   202.08455854453206     
   194.63503762675060     
   193.82737944774550     
   180.94896931973153     
   168.95337618780434     
   166.02682702631449     
   163.44275188760110     
   162.36097550086387     
   156.77269129366158     
   153.33582581321065     
   144.82164243232887     
   136.12652370323593     
   137.29031581727085     
   136.10369379560521     
   128.46974982972552     
   122.54877562064820     
   116.00933632617995     
   112.97474837885193     
   109.70480587509209     
   108.37615442773435     
   105.67402049525499     
   102.85053208826969     
   99.088940926729009     
   98.818907407142220     
   96.827460052834326     
   91.994478880212696     
   89.510307307993884     
   86.220001604391342     
   86.046124756755262     
   83.829469075242855     
   81.538759781493056     
   79.466122021169042     
   76.419393347670663     
   75.496806576320637     
   73.670110806430131     
   73.143149911401466     
   71.678197063254572     
   68.650596799555984     
   66.185807025848675     
   65.235298416108904     
   64.546823385472919     
   62.533369073199026     
   60.724201800509285     
   60.168174124130431     
   58.632942353614425     
   57.071470099036702     
   54.236887789406509     
   54.264542052271914     
   53.482199525124813     
   52.366953889927018     
   51.050659801229827     
   51.354384315144230     
   49.937789418224547     
   48.415004341052537     
   46.691056546895965     
   46.500976122094187     
   47.238031691407045     
   44.413807204532134     
   44.185615841784539     
   43.226706786982398     
   41.258153432202072     
   41.603968993022505     
   40.078764519978826     
   37.991840807748446     
   37.931854484536018     
   37.241348812411999     
   35.484882630143630     
   1307.8172850225160     
   1079.3931405411683     
   890.16597728375950     
   769.96173101186889     
   688.44386086134170     
   614.56450947373105     
   572.21927541690047     
   537.84713213274267     
   514.05601096707233     
   477.61288939461878     
   461.21287948567885     
   445.08633306855450     
   428.74701767361330     
   411.69113275199709     
   402.03785887110234     
   386.97567425289583     
   368.35889026108742     
   363.89494218493024     
   345.13309714754001     
   329.32146909729499     
   315.54314016533363     
   308.68360788782348     
   303.23830614280018     
   295.59208026506326     
   280.48230073808554     
   261.36383907956457     
   252.87874225551346     
   246.85913583812319     
   246.51445020892882     
   240.88927769815666     
   230.09053925069406     
   220.89234512290454     
   217.45419326156153     
   202.38351259882916     
   194.51522404063905     
   193.70133369679391     
   179.14071517964220     
   164.61692236772510     
   162.21222294486327     
   163.58222117541908     
   164.32105491516324     
   154.24769783752038     
   146.56126493125413     
   142.46874556261903     
   132.02297066700683     
   135.24426022375016     
   134.26077572905078     
   127.48543960718064     
   121.24676328187397     
   117.12421982210145     
   111.87664736388581     
   111.87112363802530     
   107.56502010537577     
   104.02413129568453     
   101.08353716700083     
   98.446810206073820     
   97.552641734673358     
   94.322444913958719     
   90.467469637587953     
   89.393560703244930     
   83.617233639718947     
   83.925992332477477     
   82.474567214209316     
   79.676718382853466     
   77.823225606100948     
   75.807846451051958     
   73.387014204282053     
   72.145918691456245     
   71.537316662330014     
   69.949140442344245     
   67.357882344702361     
   66.202553688185333     
   64.218068630660895     
   61.943557586905257     
   60.592811779280879     
   59.543176582529341     
   58.825945976130676     
   57.167746995595309     
   56.454710293469844     
   53.628115413584382     
   51.760829417490839     
   52.707596448193790     
   51.300300859864095     
   49.712370677218956     
   51.438160012536457     
   47.908186963890429     
   47.118999318803894     
   45.719640299741357     
   46.075088723956213     
   45.374377688517441     
   44.787127388881459     
   43.087731944922417     
   42.160107726256754     
   40.697801019507352     
   40.084694905335709     
   39.311728370656546     
   37.989083153432482     
   36.910679144276251     
   36.432695779258708     
   34.083376523083707     
   1331.0243048618011     
   1114.3413442638487     
   917.05373389035856     
   790.65249626663888     
   713.17250533220977     
   632.57679408152751     
   580.70168053698762     
   538.93539725357425     
   513.79024009453178     
   488.52739516182004     
   456.05605622848776     
   444.78315942640893     
   421.18671084771944     
   413.44400544086983     
   400.50391126474580     
   389.31366769683871     
   382.37219871592629     
   369.80895427044669     
   351.92476085525993     
   337.31186719295488     
   313.76713541228423     
   311.46985086560869     
   299.39794748665099     
   292.06761438354340     
   270.35281739039578     
   256.70294083244653     
   248.53025177558197     
   250.96861802798318     
   243.04212405468826     
   239.47144277878581     
   230.27983087181644     
   225.57554689648566     
   220.34713025082095     
   205.90299652069558     
   189.44361123172558     
   196.27867523506430     
   177.65705136732936     
   158.20397964023746     
   158.26038405783885     
   161.30236479885863     
   153.20839147237243     
   150.45729486914615     
   147.52710754560093     
   140.87104291663286     
   133.99695454202998     
   129.58947667308976     
   135.15738091461878     
   125.69225099425324     
   118.91953544031652     
   114.76924510125698     
   111.85100477936199     
   109.63637198394989     
   107.12335568973393     
   102.63175503506739     
   98.633612641623557     
   96.561500365726118     
   95.825333500043214     
   90.330450670368720     
   88.390068571825040     
   87.768593636036456     
   83.202697383521468     
   81.817794113110494     
   79.412962905435080     
   77.626708629946876     
   77.188909232716028     
   74.241096136753526     
   72.906553596916552     
   70.722830563519409     
   70.311049659322109     
   68.289200888695973     
   67.141470988932824     
   65.941965248674180     
   62.242288468207988     
   59.699390325536122     
   59.006334573070973     
   57.803470472630309     
   57.604776587334555     
   56.420091680302235     
   55.957015958969521     
   53.437553409357683     
   52.607274666095584     
   51.968810467603994     
   50.091834810218593     
   49.668288049609330     
   50.645124934590399     
   47.526159864106035     
   46.791736062038119     
   45.159580670996611     
   45.068972866807940     
   44.475024824764859     
   44.380650535285483     
   43.469346894883273     
   40.502768868065857     
   40.103381483861192     
   38.881636307295324     
   38.574888473192139     
   37.595419364505062     
   36.227517014397215     
   35.571466193958187     
   33.625929521362345     
   1346.5743643496032     
   1154.0753750316501     
   962.23140608539757     
   819.43334244035896     
   719.49230932957607     
   640.64645971427001     
   588.14316324340598     
   528.66123955724652     
   508.08972673928855     
   500.04308627677494     
   449.50165020144061     
   433.17586405948782     
   425.86751480935493     
   411.83106041284680     
   401.33009915976078     
   396.01241531305902     
   372.76530799526699     
   370.74601282869656     
   360.23205741220829     
   348.34277286307497     
   316.92226509609691     
   316.20193160456165     
   300.47419305070736     
   283.98539681699572     
   268.53864843514572     
   247.44607435621919     
   245.88887876191723     
   249.12884735072981     
   236.80804486739717     
   235.72843279718103     
   233.74621973003815     
   227.02337392756340     
   218.16274931027726     
   203.56667316627798     
   188.62367141597056     
   197.44255040573299     
   176.90270171264652     
   155.72269684091435     
   158.75580650523671     
   164.59081502130027     
   148.11157008543898     
   143.81999218876854     
   146.82102307747135     
   139.75591185882311     
   133.26464194364897     
   130.02099101072508     
   132.44134610440767     
   128.73221850575123     
   119.19786734364698     
   115.15434548556682     
   114.44151221212195     
   107.46019075230353     
   106.46216672846673     
   101.39653672897717     
   101.10159784461243     
   96.209942061265139     
   92.060461905120206     
   90.144533618755105     
   90.223360028655989     
   86.610214849917924     
   81.584730726010406     
   81.786484995701215     
   80.062786963417295     
   78.440697875398200     
   75.611649722524959     
   73.413756786023370     
   70.910205908014873     
   69.312735843308815     
   69.525734549238621     
   67.092906334013705     
   66.027177625571824     
   63.687249856667201     
   60.012195938029521     
   59.341003502880760     
   58.719654180734956     
   56.823851099358450     
   56.963332542293358     
   55.891245694109251     
   55.545785120000986     
   54.250805355685763     
   52.785595489433938     
   50.463340055808544     
   49.419557992296660     
   50.413280574900767     
   49.261111219527834     
   46.954486656982311     
   46.829542941927912     
   45.127788288923540     
   44.808472684028459     
   43.977359997882274     
   43.070269821585484     
   42.367332715748788     
   41.590196429726660     
   39.537908825084813     
   38.762625866694677     
   38.027505389597238     
   36.672621828753321     
   36.540903302567891     
   35.047560309608912     
   32.733338147850993     
   1350.5214102085845     
   1173.3303309187938     
   982.38565329685900     
   836.19324987531331     
   738.25864207413508     
   661.10650922677553     
   597.32159165883036     
   547.11659622516368     
   522.26774929332214     
   498.04473381191815     
   456.57535455935624     
   424.79492418408609     
   422.76192995053498     
   414.96736567318987     
   402.77256797267819     
   384.17326240454463     
   378.65190449621753     
   373.15287609698191     
   367.48138146984456     
   347.12370559587850     
   328.25028783842231     
   322.06080795911191     
   299.87973777332286     
   282.54718327720320     
   267.38941667372194     
   260.70736515686042     
   248.76533879353622     
   237.14699712621265     
   235.46739292202707     
   238.04927615261590     
   241.14681760360295     
   223.64668903189099     
   216.22441744976823     
   200.69353178027782     
   191.95054590630133     
   191.05269209380117     
   174.48665304637274     
   157.08267910074647     
   157.29582897205154     
   160.84424679055059     
   151.58747821206515     
   146.62618283389850     
   145.37391519286606     
   136.78911362066606     
   137.11690274638212     
   131.00622638537266     
   130.02325619984254     
   127.11978534974224     
   118.74654423694128     
   115.16609885083730     
   110.50654096701759     
   108.45853348302651     
   106.68972041944937     
   98.749630671008461     
   99.790460237909059     
   94.971141391400948     
   94.473132971375577     
   92.491435819061664     
   91.532064181252565     
   86.051593786377651     
   83.457218199002369     
   81.560030934339395     
   80.307285630487470     
   77.654182744201137     
   75.011667835522090     
   72.688803862937874     
   69.295153727440123     
   67.903527528843739     
   68.329826964492185     
   67.179426174842817     
   65.716974414720823     
   61.236451061625004     
   58.991322700747666     
   58.397529784560575     
   57.834639866719847     
   56.981281325777452     
   55.894614168085567     
   54.495811380680436     
   53.825613810852786     
   53.414730286940681     
   52.132516238087916     
   50.446421548172601     
   48.602556839398375     
   49.728867751847858     
   48.157881560636071     
   45.938856854659079     
   46.873773814844135     
   44.709555924940851     
   44.035243064583021     
   43.612365124679407     
   42.559892237316490     
   41.203846100689638     
   40.591090528059738     
   39.436433773247785     
   37.760831154616184     
   36.996059891654113     
   35.555021588908424     
   35.935237090443799     
   34.702947623030170     
   31.992984760213588     
   1354.2393615258018     
   1193.0053181765843     
   1003.1727797985741     
   861.44349324497762     
   764.77047781393424     
   682.77646720314965     
   597.32598374223960     
   561.39794419839097     
   523.26555934685916     
   493.22823791981148     
   458.34421737850812     
   421.47293045282544     
   423.74994009432635     
   418.16389190609931     
   399.27524454990737     
   400.72774252147246     
   373.44014976069673     
   365.41149254816850     
   360.14092812943522     
   353.79015307650394     
   335.32811495326041     
   322.94524514215385     
   310.62155945159867     
   281.30740428478055     
   265.16339273605547     
   261.12026461270347     
   247.74443434232825     
   238.59547166462866     
   233.67761543305892     
   237.36284021414104     
   246.59763819566939     
   223.18517057449191     
   216.96468029726199     
   197.99232284945396     
   185.19914820119510     
   189.35588626924380     
   174.75237100581248     
   153.94760286124870     
   154.89999125539762     
   157.91266495475014     
   153.76703839577544     
   146.30021846825386     
   145.10793261973507     
   134.06001498639478     
   137.46521136018711     
   130.66675825902951     
   128.71022562806286     
   130.35957850891143     
   119.36194562693088     
   114.53437273680574     
   106.45262553493048     
   105.19302625973037     
   101.50854343401302     
   95.621170152213196     
   97.697412473200828     
   94.170311354907028     
   92.763630625545673     
   94.059768527923794     
   92.603646284038206     
   85.230220216644796     
   82.465948155779003     
   83.292174453694301     
   81.035861743979609     
   77.729396803068113     
   76.730364694579848     
   73.803927940157138     
   69.444183079348647     
   68.414274529590230     
   67.344261980365488     
   66.173843859746626     
   66.133116620978399     
   60.961376629996131     
   57.041328292815400     
   56.493459629806075     
   57.976516135996164     
   55.396818808535372     
   55.412719128620338     
   54.656324471684236     
   52.714406816527919     
   51.859192919463261     
   51.389906207039871     
   50.866384249869604     
   48.384731161735012     
   48.583397532172597     
   48.406999946598873     
   45.797193588871139     
   45.350220041384318     
   44.198920714045599     
   43.071309277123866     
   43.089293809104468     
   41.895316073522714     
   40.531221177761360     
   40.881504261028354     
   38.740373022426887     
   37.134895855892566     
   36.852420529627985     
   35.995311859855462     
   34.879697740408673     
   33.849043388047697     
   32.065335965943078     
   1364.5928574559446     
   1198.8165959064993     
   1017.7657936187860     
   866.61734960772071     
   777.49372167937440     
   690.84678989150336     
   585.68397399968842     
   564.39758523296177     
   541.91226027441735     
   502.97448522855109     
   466.61171958409903     
   416.59334483603214     
   438.29841617045599     
   423.67124255878599     
   422.85888987029205     
   401.41223214562160     
   378.86267239704671     
   371.88497496354131     
   345.30590196888966     
   343.96741156554043     
   337.99947459154998     
   330.52243110807831     
   311.90820889599399     
   259.73103564641485     
   259.79232222018544     
   257.45698899672391     
   232.99119572900520     
   227.21712128290156     
   240.97820859637784     
   240.34670986405149     
   245.55205992156220     
   225.06692058424397     
   230.13709808143409     
   196.02027322399081     
   180.27380973599912     
   188.29428785223925     
   178.21960250989315     
   150.24873761055727     
   155.16110091081342     
   158.83242438471351     
   158.84989584599037     
   150.28542006592835     
   143.98727622850942     
   136.04604656847280     
   135.40155141769438     
   134.22852677667066     
   128.33252159455776     
   133.25945814569181     
   124.25506694387654     
   113.10850000559446     
   104.98895876316317     
   106.69541523836807     
   100.51655434769700     
   94.946866610661317     
   97.065358131123091     
   93.660254539186013     
   94.254630749740940     
   93.652893217662381     
   92.476655921873032     
   86.015384368381234     
   81.262345064841924     
   82.158812131009014     
   79.775722392553007     
   77.979783272687456     
   77.710299737945590     
   72.855283939508865     
   67.759313084783770     
   67.565585951219973     
   66.175590445759440     
   65.406681796362307     
   64.887482232386375     
   60.795750641810962     
   57.939336012768038     
   56.664624121979081     
   56.481897021402872     
   54.836393751606863     
   55.742009924632825     
   53.917058453946098     
   52.096235122237125     
   51.609510908519390     
   52.673736481598951     
   49.727059068564529     
   48.969728817893284     
   48.303070306071930     
   48.573257967376684     
   44.895842045164741     
   43.542241913228303     
   43.385270880927848     
   43.237695999187309     
   41.984199784537516     
   42.074397471432903     
   40.913220580330346     
   40.352768896881784     
   37.612830130589302     
   36.799765211570858     
   37.118159393849098     
   35.417850251767646     
   34.172139703457248     
   34.445898988840327     
   32.308726474295689     
   1388.4330674296500     
   1215.9618099230802     
   1034.9794763809862     
   894.48803732245437     
   776.96827607456294     
   682.75229402262505     
   609.85370130167621     
   573.63510933836915     
   530.47748146764502     
   510.23022283752317     
   466.62442330085241     
   432.37901539386962     
   421.04860789773437     
   432.57395716775147     
   423.06186333064363     
   415.00909395777910     
   402.04886301976296     
   376.08160166507730     
   349.82853660572687     
   329.87475964652856     
   337.19075594938818     
   326.44738370732546     
   286.03185577646479     
   256.76730774126162     
   257.31843001460561     
   261.28292657576230     
   232.21572454975808     
   224.48023351241400     
   242.55999270902913     
   243.23246505654012     
   235.86608653528822     
   229.15496602047722     
   220.90149041494968     
   197.60219512488868     
   189.26589194884670     
   187.45402237672909     
   173.89709819438630     
   154.90472925322322     
   151.80891563702204     
   157.80180006475837     
   158.19697657809218     
   152.62302002852977     
   145.91757825316094     
   145.93206201498009     
   139.01961405466602     
   133.08306025250388     
   130.56663868727617     
   129.74460855765142     
   121.29901175949541     
   116.45629300875893     
   106.13092184738179     
   105.02824821867733     
   100.41884570474622     
   93.972260737303642     
   95.419619112067110     
   93.983145661616390     
   96.579597610091454     
   94.205863832955856     
   89.821083247239216     
   86.005859132864430     
   79.588137197447679     
   82.724849639104647     
   81.321295806788228     
   76.506101414205787     
   75.800088070199962     
   75.964697506627502     
   65.270360929174331     
   66.037995372921273     
   64.710144820344112     
   65.131209120409636     
   61.568326356894367     
   61.294317625177499     
   57.974952578175710     
   57.240487562334124     
   55.152173075129333     
   55.217734979893855     
   56.696836058680034     
   53.062704660704597     
   51.339649666030795     
   50.569962608984177     
   51.108159506326572     
   50.659182999060860     
   49.223674595164972     
   47.782787263799648     
   47.894177622047394     
   45.350552607979026     
   42.951175973317334     
   42.471961297384510     
   43.324622965864343     
   42.823023872349829     
   41.794090113013944     
   38.924439983330636     
   38.770003052607301     
   36.599438239401550     
   36.525202596165272     
   36.445569161878112     
   35.759377522707453     
   33.684930312183894     
   32.983919439339289     
   31.227200700537082     
   1391.6001248949904     
   1224.6488344502920     
   1032.5807259078933     
   912.09228268088418     
   796.91598085693954     
   692.05200214857769     
   613.86693770282068     
   566.22743490154585     
   524.49536208050711     
   507.08868804032625     
   478.37501109400608     
   403.51483992229942     
   402.76920793096474     
   416.88041691058436     
   423.29447534368370     
   416.64727479749638     
   401.50990331739797     
   381.22319504871564     
   362.04369080306651     
   327.18348877834546     
   329.33196667721006     
   332.98615531578946     
   282.18045652971188     
   273.53083611253345     
   276.83519367451942     
   243.51924555761772     
   239.28262856909694     
   229.38113112999844     
   245.46975415278999     
   239.18921921302857     
   231.35990068909962     
   222.56037582290529     
   214.56626876230578     
   201.88234747800766     
   189.37955685058591     
   179.54140242258632     
   173.89849795743766     
   166.96308540731036     
   152.97387961857004     
   158.18199177329168     
   163.48540499617457     
   155.66985408489430     
   144.01851968356729     
   150.47742815472984     
   142.86685318702132     
   133.54330264142723     
   129.78642220285164     
   129.84652605860961     
   125.41190579467477     
   118.18092303582338     
   104.96503043941064     
   101.25858271888129     
   102.36667210350734     
   92.952911169198345     
   92.181312243288190     
   95.364888027952261     
   96.176128800092826     
   93.513153170492828     
   90.899412630949797     
   85.593417902820278     
   80.894984066170380     
   83.620312951106882     
   81.875124970194278     
   77.370712639002619     
   75.236946526411032     
   74.146470351016660     
   68.439900320567588     
   65.029666799771206     
   62.355127195231226     
   64.280930350377133     
   63.251885034181058     
   59.742369811434820     
   56.825141944253240     
   56.599120292949358     
   54.987334518711393     
   56.401742423702309     
   55.605171654046842     
   53.254217368061553     
   50.259154849628679     
   50.767415451182160     
   51.888164310156739     
   51.013493924899983     
   50.187647342408546     
   48.187974627435338     
   46.011684376371775     
   44.561098911732024     
   42.485122222089096     
   41.840710116134588     
   41.867808412899990     
   42.757357524645585     
   41.557982231479514     
   38.755225653614929     
   38.729113638736763     
   36.283580070313484     
   36.733520617923048     
   35.585365783613341     
   35.078587940692081     
   33.333719338459545     
   33.005216940577306     
   31.045899840967550     
   1386.6576326198892     
   1210.0883190935031     
   1035.5432544152095     
   915.45416813363124     
   806.03422784915915     
   682.20780353153634     
   630.99595267410314     
   569.22860555912075     
   545.29923381565243     
   540.07227023389044     
   473.61354671960106     
   398.48721789386110     
   413.98557321150349     
   437.88667576209559     
   424.19098975126798     
   411.42332393515005     
   389.04661940028888     
   370.58317483426993     
   344.94472463506020     
   310.53067018816222     
   339.90530286807012     
   328.30053786032272     
   291.53121846385568     
   270.05756890189951     
   271.88367816351962     
   227.37217593621369     
   236.25147318072572     
   218.17586419385117     
   239.47945435560806     
   238.45811411833000     
   235.45935130356810     
   239.11915642418273     
   210.80393229670995     
   196.15839075041481     
   184.56024723812575     
   172.84472081306572     
   177.82634159438487     
   173.99390088098397     
   167.49139413683184     
   165.05095832386661     
   159.99732986782325     
   151.45468263264863     
   140.28470011533477     
   147.91494194655718     
   142.95932345375243     
   136.19301271071285     
   129.30263841024731     
   131.40926721681265     
   121.58733564195711     
   113.56916152353122     
   103.78186604035275     
   97.393605038027601     
   103.99901979090953     
   94.548511273880024     
   92.712782564344550     
   93.333636499386074     
   95.239371208481302     
   92.749585580134152     
   92.734760089008248     
   85.842120348610138     
   84.152605851291611     
   81.119627720216315     
   80.855428445491995     
   75.297465382580171     
   76.361749232973196     
   70.933829325712992     
   65.097485510740881     
   61.826849998897636     
   61.469578072559457     
   62.871613930439977     
   62.429631433127511     
   60.106142415079461     
   57.458202866655093     
   56.316865708016650     
   56.579148019881927     
   55.374813119059297     
   53.930480943233462     
   53.524995791629365     
   52.937488802889327     
   49.828622096666450     
   52.212436122333742     
   49.812133319236885     
   48.144810151193013     
   47.208550008240209     
   46.117654784365008     
   43.951056839197108     
   42.685396996063538     
   42.058175816435423     
   42.375518996735750     
   41.265405735522108     
   40.420312324918655     
   38.927380331373833     
   38.649202977382259     
   35.285779074098457     
   35.674652899863247     
   34.793944982776608     
   34.511789988520057     
   33.598053029135791     
   31.955755430362146     
   32.333729408257170     
   1383.5961948565759     
   1207.0493517708464     
   1020.8905025393774     
   912.38951782747176     
   805.36204040251209     
   679.02212908801323     
   639.96083390921683     
   565.04613003552788     
   559.98475343393693     
   538.89730527653592     
   460.36072203889694     
   383.17028783241233     
   424.93714009822338     
   450.41347137760062     
   415.78476545839692     
   408.16311574910037     
   396.00501944967948     
   356.61124495558937     
   358.18144584377717     
   301.96242800533275     
   323.86516826024075     
   324.26122995280662     
   302.57322752641517     
   273.93378685168807     
   264.87373916223987     
   215.25658202057264     
   228.09679345903950     
   221.70155683704485     
   222.36648194098927     
   248.98913432640342     
   248.37281443191102     
   240.31312921596614     
   218.07505892313171     
   194.76754960009765     
   188.78437637263454     
   182.00883056294177     
   176.74349814857970     
   178.89441419375189     
   168.04334467679047     
   158.41653813005954     
   151.93418791291992     
   146.92504354687878     
   129.09464949386222     
   146.32762034883331     
   135.56541012676581     
   136.40997949691149     
   129.53293322870186     
   128.02747038675810     
   121.69826906850473     
   110.71171135352903     
   105.34104177356839     
   98.537097043112595     
   104.40259176572810     
   96.833502434332445     
   92.193992948269099     
   91.097926425994970     
   94.936265684673884     
   96.403164340065871     
   92.770717983251743     
   89.681742395235929     
   87.194192870488720     
   81.611958799846605     
   77.022275542567627     
   76.466296648409113     
   75.583507342686630     
   69.452798496357289     
   63.417970389052201     
   62.869588977821230     
   62.055113965139782     
   63.562703678869440     
   63.467215747275134     
   60.959053559740411     
   58.234455743288798     
   55.594459740945723     
   56.095025641605098     
   54.216653760160668     
   53.519940976741580     
   53.226641917893097     
   49.611238486878470     
   50.145348204476655     
   51.072707704689179     
   49.222245208070937     
   47.251099973175243     
   47.073196515098026     
   47.253097921054369     
   43.243012675293549     
   43.818833877107465     
   41.272177128458225     
   42.539146078972031     
   42.556404272987528     
   39.936836619370219     
   38.921688770173546     
   38.724941920235359     
   36.553450330049500     
   35.196378429876077     
   35.690467503198334     
   34.293861709285231     
   33.628886777344675     
   32.599282385419833     
   31.556402632398253     
