           1
        3200
           1
   995.03812744304241     
   940.23750001832275     
   895.76540648009041     
   866.19851643746870     
   837.71714256502082     
   816.12526008799637     
   795.29479570418277     
   774.71484719865862     
   753.84380133859736     
   734.65743593758987     
   717.66995999800577     
   700.28492919366704     
   682.29437052266758     
   665.79842443800510     
   649.28853412532703     
   634.45747325383013     
   618.24048182535239     
   603.05080885294672     
   587.36264835318264     
   573.00220090656069     
   557.98249999685493     
   544.12818205106305     
   531.18724666877483     
   518.47825907197864     
   505.76341733548747     
   493.03010910783019     
   480.64785309195969     
   468.36353556884080     
   455.66862186176900     
   443.40867031993150     
   431.85024796037931     
   419.36938515109182     
   407.13296937371058     
   396.30921647753786     
   386.08197070143967     
   375.42649882471602     
   365.49759996903009     
   356.29979621984512     
   346.82714158521424     
   338.15563682414785     
   330.29605171050309     
   321.76101829344248     
   313.54782620492506     
   305.40639985464065     
   297.87309054244395     
   290.41878343294655     
   283.27108502494775     
   276.42930369211484     
   269.95676990867440     
   264.13092386041797     
   258.20012567664105     
   252.27052157047655     
   246.26797099712903     
   240.72740690560988     
   235.83966247203116     
   230.37214134275177     
   225.37809369197345     
   220.78912146416891     
   215.86633171931857     
   211.08780512769297     
   206.83257462075318     
   202.18961673214042     
   197.79268206321845     
   193.73395917518744     
   189.84724138250016     
   186.06417474477539     
   182.09359354332850     
   178.41773676950777     
   174.82724626134257     
   171.05681214627381     
   167.75450973943603     
   164.41836737154813     
   161.16805281194550     
   157.98559329405927     
   154.94825780847262     
   151.97800235819020     
   148.92752654989826     
   146.13008608031345     
   143.20989395356696     
   140.39788365737138     
   137.64499895893829     
   135.02097332983772     
   132.43553497978371     
   129.89298959794135     
   127.43425316314881     
   125.03558694686907     
   122.58551830251835     
   120.13334544473716     
   117.85461676466208     
   115.65357373935453     
   113.44177329397462     
   111.32484699813702     
   109.22453579656266     
   107.26087967946724     
   105.25040370375282     
   103.25784842639882     
   101.28336149277129     
   99.443829694012280     
   97.615837245664125     
   95.783696991703863     
   1013.9308284998967     
   981.24176208135964     
   935.16541261290593     
   899.13683569438297     
   866.86495676193044     
   840.85140111385067     
   815.55305617864292     
   793.16605501654897     
   771.56017135801039     
   752.45178251580035     
   732.37736195192588     
   713.71278232402290     
   697.18924789651874     
   680.38775675408101     
   663.81546140609180     
   645.49024621882950     
   628.68071873168151     
   612.64207013211660     
   598.18859569194171     
   583.35178220370312     
   570.31522640690901     
   555.30868060988360     
   541.08522447186147     
   526.88512533055757     
   512.57978890838353     
   497.73951311511496     
   484.10281121636336     
   469.83103367505851     
   456.74840090752906     
   444.09389152094150     
   432.15668365823507     
   419.83781147497263     
   408.60265692153234     
   398.17699472896265     
   386.94984659518275     
   376.95744943975961     
   366.11333913994974     
   356.72037697152075     
   347.42567030258903     
   338.57189378584178     
   329.36331357853561     
   320.76473408488505     
   312.99336501701384     
   305.33782964342299     
   298.08722828219163     
   290.81817729138385     
   283.79725479292165     
   277.02777817585957     
   270.56041649496979     
   264.19421249134609     
   257.96806277990515     
   251.92297932944913     
   246.18785883646115     
   240.89167392491203     
   235.23848043843543     
   230.15367484806802     
   225.16762646171486     
   220.05301518182569     
   215.40574649907592     
   210.72993376701089     
   206.13586777127674     
   202.05399586626564     
   197.93715620126886     
   193.78139602598648     
   189.61089499925146     
   185.85329342436751     
   182.11275995766962     
   178.35448758668150     
   174.62536059816483     
   171.24215459967721     
   167.86402712840919     
   164.56079537803143     
   161.35735595627702     
   158.04595493766584     
   154.90213897903169     
   152.02518585147470     
   149.03554217529381     
   146.04322374306093     
   143.26009370731364     
   140.46885762119058     
   137.75084791677693     
   135.13283447638389     
   132.46613205947082     
   129.93015846848354     
   127.50607510876826     
   125.00596527412381     
   122.59134223412264     
   120.30039720972161     
   118.01013955628272     
   115.81426761226173     
   113.61802808302895     
   111.49374828929612     
   109.40997426851482     
   107.34580216842433     
   105.34354792294963     
   103.35198441332693     
   101.44888514667814     
   99.619472728122901     
   97.707719162169226     
   95.919987102174318     
   1015.9320282448084     
   985.02409504437151     
   953.53317422574014     
   922.28610874615117     
   890.32441876548182     
   862.74140249766992     
   836.87026043943251     
   810.93998367107304     
   786.71412952138496     
   767.69227490420269     
   746.03271330415328     
   727.77646453974899     
   708.08720161239557     
   688.41235096477772     
   671.02926173430797     
   654.10205607620571     
   638.09332244480061     
   622.22218789940860     
   606.46016433552427     
   591.16322176909478     
   575.08917518761871     
   558.75591552744640     
   543.77445827480869     
   528.48194985536963     
   513.44938304813138     
   499.17124926214626     
   484.53701814451489     
   471.04571298476168     
   458.01630781022709     
   445.10926603038320     
   431.67052210405387     
   420.30524500464094     
   409.42962534845930     
   397.99423610530818     
   386.62434654228002     
   376.60321073557600     
   366.99941473830137     
   357.40295566725672     
   347.39399024669308     
   338.46734805148810     
   330.03905076578394     
   321.55362271610727     
   313.79756039406891     
   306.13908394270845     
   298.57129736187369     
   291.49232210983558     
   284.81302471100469     
   278.14315945503211     
   271.80150987778859     
   265.23068102907496     
   259.32830420371687     
   253.20272931558480     
   247.24568100498939     
   241.40843866802203     
   236.11025897836328     
   230.97428066760597     
   225.94645815662864     
   221.04343478954482     
   216.00508394582948     
   211.56432214910785     
   207.06995032203147     
   202.65489446202571     
   198.45100156753341     
   194.15944319760243     
   190.27421901693731     
   186.41688624840333     
   182.35697537316182     
   178.54597972068444     
   175.01750444375250     
   171.53719148587888     
   168.07914642143507     
   164.65677808269265     
   161.28642854530912     
   157.99175236278779     
   154.99409142829779     
   152.01746295664697     
   149.04069120434451     
   146.08171373062260     
   143.32023478288366     
   140.45251597680127     
   137.64143563158009     
   134.92471255683299     
   132.39360858712411     
   129.78609215765604     
   127.35800886506732     
   124.95736424852947     
   122.56636671751693     
   120.17026847668703     
   117.88505275752564     
   115.68083100289745     
   113.45476553074751     
   111.31896359790463     
   109.24090347637376     
   107.15437860032853     
   105.10445383231043     
   103.11776350392060     
   101.24081345347506     
   99.346734355389373     
   97.499632227059593     
   95.710424917022195     
   1023.8787147430745     
   988.24122935932019     
   961.71668011602367     
   934.97224995999159     
   907.42324448495037     
   878.81098972027667     
   850.13382250548636     
   824.46352658629314     
   801.45316154980856     
   779.61553693373219     
   759.18761146272846     
   738.15437738750143     
   717.48511508192519     
   699.76677744154108     
   681.16107146673619     
   663.18825087038010     
   644.86456668423421     
   627.64938105094177     
   611.10641341181486     
   593.17403614345574     
   575.04810923768173     
   558.15196771819035     
   541.88861997977631     
   525.75475697436843     
   511.45714832368390     
   495.84770776340656     
   481.63814044141782     
   467.65451946945706     
   454.71858945236715     
   442.21738362838954     
   429.68449295598430     
   417.31052745045338     
   406.26201875106733     
   395.34619753396498     
   385.43282423695530     
   375.46047393235011     
   365.37607058287853     
   356.65108987355080     
   346.90877348209267     
   338.14221920383790     
   328.98690704294347     
   320.79204995186484     
   313.22330029552251     
   305.12845760440689     
   297.85185333529279     
   290.95010815940788     
   283.78026067850050     
   277.25687378358015     
   270.49384921117564     
   263.98140435825695     
   257.95773020823106     
   252.31623641606151     
   246.36338643932203     
   241.07510214731906     
   235.72966850197810     
   230.55997980547579     
   225.25302175838064     
   220.45960600656920     
   215.63723137427809     
   210.90928125810024     
   206.55195495508585     
   202.21285898153292     
   197.99296876954608     
   193.87398530439799     
   189.76798128499377     
   185.92321474645195     
   182.11598680422441     
   178.40005050446996     
   174.78093258026757     
   171.36354801279745     
   167.97340753996244     
   164.62264522939793     
   161.32058796107776     
   158.14289837807712     
   154.95947021246999     
   151.93228958781492     
   148.84430513841446     
   146.07801233955138     
   143.22820626525208     
   140.39452323366262     
   137.52437357712472     
   134.84787010583324     
   132.18888778119307     
   129.62002340874454     
   127.22795019076629     
   124.76406654620544     
   122.38853236752776     
   120.12232373479229     
   117.79479487486306     
   115.51859552264719     
   113.36157557445190     
   111.23480800937793     
   109.17511550604641     
   107.09285850289211     
   105.10836039063602     
   103.08217480477420     
   101.11320340001637     
   99.253073293693916     
   97.375033688276957     
   95.497886163512604     
   1027.8637954977221     
   992.84379484209990     
   964.19021222733318     
   937.95764692213788     
   914.88098504873608     
   890.10622427489204     
   863.04872659443618     
   838.18745807648270     
   813.38895512627323     
   789.05539511359075     
   767.39396935131936     
   746.07049829387734     
   725.25855755664395     
   705.99903632640496     
   686.17482485630103     
   668.40251751879305     
   649.80881667676192     
   630.95615871594202     
   610.87117433968535     
   592.89768811059616     
   574.62009557124111     
   557.22312925286167     
   540.85131585704778     
   524.95351378788450     
   509.02290092330213     
   495.07731752050569     
   481.33828422443924     
   467.84423651306537     
   454.80111898093361     
   442.57075238382839     
   430.11464137203262     
   418.43064018671896     
   406.41317570165307     
   395.19268120517489     
   384.91751090946309     
   375.16824572231792     
   365.00932586377792     
   355.78236683679495     
   346.05570309174550     
   338.07316544176160     
   329.53857890927532     
   320.89208928397767     
   313.39465461904450     
   305.38610275996280     
   297.45266270202700     
   290.42251339272582     
   283.32870290107866     
   276.70444272738177     
   270.17063793489621     
   263.93516227142095     
   257.93272121556299     
   252.33237968309413     
   246.63287017011800     
   241.01134447938927     
   235.65704308245878     
   230.44958558556650     
   225.38228031968794     
   220.77096141875927     
   215.93024941574879     
   210.96030109692606     
   206.73874156691792     
   202.15127360616412     
   198.04115928896852     
   194.02247165181015     
   190.04096599343296     
   186.19057919965215     
   182.27131160301988     
   178.41228261729401     
   174.87587044900147     
   171.22975780833144     
   167.82547532410541     
   164.46591883354213     
   161.12509774665941     
   157.81370050398664     
   154.61652725048563     
   151.41446833683602     
   148.39994694877490     
   145.65112370659594     
   142.87089991566123     
   140.06961845818998     
   137.20995245815931     
   134.51060182575358     
   131.98568431563842     
   129.46146882784205     
   126.95409074211271     
   124.47432355176726     
   121.99526250130560     
   119.66707257903546     
   117.38944888038986     
   115.16390741798440     
   112.97344289683772     
   110.80074139343049     
   108.68616571896187     
   106.55522917234219     
   104.57624905308199     
   102.56359155667425     
   100.57801735296877     
   98.630838643057345     
   96.749789490095168     
   94.924753631732031     
   1032.5345507125960     
   996.39234416780232     
   966.05595053247885     
   939.54704367840282     
   915.74883751947687     
   893.62109196637334     
   868.78904477619722     
   846.74778704849314     
   822.46928108163672     
   799.80792715975167     
   776.41675208517870     
   753.42502272159209     
   731.81909520932504     
   711.56545523888724     
   690.61566138724845     
   669.56205985439658     
   648.35563344571437     
   629.66718002033952     
   608.86474069627764     
   589.96396685726677     
   572.31524416710295     
   556.40457482341799     
   541.01463022443636     
   523.86482102227728     
   508.60979152508378     
   494.63868549099976     
   479.99094526960693     
   466.82580750072043     
   453.27340765565469     
   440.86206643971570     
   429.61014084750599     
   418.35944774678399     
   407.07325458675467     
   395.70176146714681     
   385.55250543261036     
   375.15556664332564     
   365.65853609646837     
   356.83334131799552     
   347.07464810891287     
   338.51599818371346     
   330.02216352797484     
   321.53604582302449     
   313.52572177520261     
   305.94281826013935     
   298.67471116951629     
   291.51364745618673     
   284.83284339904719     
   278.11009693786815     
   271.45486454783020     
   265.14431853084466     
   259.12134079788933     
   253.38377386228734     
   247.44275071450849     
   241.65819311973434     
   236.36807045834132     
   231.05183683360423     
   226.09404353933434     
   221.26942846368783     
   216.79194631848210     
   212.36889759819383     
   207.95973866912098     
   203.29540420160779     
   199.08082909925281     
   194.95107586082062     
   190.70590591985680     
   186.62201604404370     
   182.77188702892602     
   178.94675641180851     
   175.33925395467634     
   171.61763931917253     
   168.07543639232733     
   164.59647986775622     
   161.17978692524599     
   157.97069331899803     
   154.86143518659009     
   151.67374363813468     
   148.63433538925835     
   145.69275757525793     
   142.87176459358125     
   140.01383423049208     
   137.27908049758810     
   134.61823522410921     
   131.90080578296025     
   129.30776900877521     
   126.64098336500302     
   124.31926683642605     
   121.91997681453556     
   119.48611380249496     
   117.12382874546401     
   114.85276916896596     
   112.54505900039754     
   110.35309282447344     
   108.13850776991687     
   106.06860720208459     
   103.94611419856358     
   101.97282309178513     
   99.958706833109545     
   98.003332592871061     
   96.159085567151621     
   94.311333045163749     
   1035.9645129802389     
   997.44583202414310     
   969.01585888814861     
   945.20482090385303     
   919.48748276608319     
   893.04179901911402     
   870.66173696273768     
   848.93150896613724     
   826.29471135569906     
   802.66726643192669     
   780.74427389087759     
   758.95111540072412     
   736.73598108917497     
   712.16889887701359     
   689.66777869132670     
   667.86915499980591     
   646.80164370044167     
   626.35437552954602     
   606.92956133080475     
   588.63265631083095     
   570.54187150795929     
   554.57533990068396     
   538.77760443500074     
   523.39065444620053     
   508.31020313653102     
   494.13693526927324     
   479.02510325530818     
   466.14097402807715     
   453.67540071502890     
   441.90858237300631     
   429.46393508659634     
   418.00425936748752     
   407.07543579118078     
   395.96657348706873     
   386.10169243470369     
   375.86714039985497     
   366.08194421261641     
   356.78157334051843     
   347.15364365873097     
   338.40672670685251     
   330.30579540113547     
   321.50346840781663     
   313.98982157019162     
   306.51058947954948     
   299.25754760551592     
   292.26741764007545     
   285.71903448800089     
   278.73228260879586     
   272.50599094590319     
   266.09115987837561     
   259.87650220872780     
   253.69373104605125     
   247.57955522038341     
   242.00640742185357     
   236.54237978841203     
   231.27085834614957     
   226.31723658639731     
   221.31195180968564     
   216.46817570308667     
   211.79181210504544     
   207.10679916183548     
   202.45835673833113     
   198.33066218270517     
   194.09663476569102     
   190.05351729659819     
   186.22907277909636     
   182.28418232782991     
   178.48354093757700     
   174.65528696305029     
   170.92829887893774     
   167.63199779041398     
   164.06534487830675     
   160.65306131242829     
   157.35921873548321     
   154.14849128657428     
   150.96787510769028     
   147.86538687784375     
   144.90690841523076     
   142.08147926042074     
   139.09159688698813     
   136.23465033561408     
   133.37946863163580     
   130.78607969252502     
   128.17136495620744     
   125.60942860421908     
   123.04203690962632     
   120.51720438597194     
   118.21513729164066     
   115.88310904489305     
   113.49609975007837     
   111.27024810748983     
   109.09600209564343     
   106.95703342413859     
   104.82423880060773     
   102.75070204149499     
   100.72998964557870     
   98.719796899792414     
   96.798794152053574     
   94.884827853427765     
   92.960364829765197     
   1043.4178048085223     
   1004.7965834481004     
   976.55689779502984     
   948.41963932641784     
   922.87941095839983     
   897.49700358490009     
   874.75968647051241     
   852.25862229216591     
   828.71373453301351     
   806.46686331695071     
   782.79707468754634     
   757.92065474657898     
   733.20803531153479     
   709.60843004549190     
   687.68447493220242     
   665.44598711878359     
   644.55804135040034     
   624.69693412240758     
   605.05476534291995     
   586.70420504286403     
   568.42077178195916     
   552.49664228763743     
   537.10062780399403     
   521.68364043713018     
   506.72848488597265     
   492.98912816819404     
   478.43534988893128     
   465.15915402354130     
   452.16787366225878     
   440.26749319251167     
   429.19816666515089     
   416.96666197407740     
   405.26943827924572     
   394.92406297482705     
   384.68518143364298     
   375.11331219005024     
   365.10542750713040     
   355.47521422876184     
   346.70030693952009     
   337.45122877848985     
   328.60905953952937     
   320.35360827809797     
   312.50557675642136     
   304.51438440793692     
   297.10520608113825     
   290.29143353744900     
   283.27257497436523     
   276.62816081553348     
   270.34528450408311     
   264.14910145902411     
   257.99083670591978     
   252.38473508163864     
   246.29643417303734     
   241.23135311474050     
   235.76173755826039     
   230.62531967984415     
   225.23186452801991     
   220.44517847820802     
   215.81194128428604     
   210.56362320177686     
   205.73357681501631     
   201.23827666949484     
   196.94288603495900     
   192.73310577557839     
   188.63151704887287     
   184.50879908625433     
   180.56058591473763     
   176.57533555802212     
   172.69984535072598     
   169.10524153969550     
   165.60282205299544     
   161.95226455966520     
   158.61107205911520     
   155.16290179186768     
   151.96665943194498     
   148.91224699957291     
   145.63175438058889     
   142.46688119633330     
   139.54972829031846     
   136.54013121025665     
   133.61265377328158     
   130.80007463304275     
   127.91311361898315     
   125.25154647035026     
   122.65892268621174     
   120.12289536955309     
   117.60082572807168     
   115.13596426920513     
   112.83698909067785     
   110.51750824375779     
   108.19924234207609     
   105.95315095431334     
   103.76227386206460     
   101.67886933842459     
   99.606298959108727     
   97.595691233136634     
   95.654468098967456     
   93.727956043381567     
   91.823711649022357     
   89.888760922556614     
   1048.2131527546983     
   1009.4372511416308     
   979.74499151715008     
   953.46895223509273     
   926.24729483206988     
   901.32406444351705     
   874.68906204228608     
   850.63890340267540     
   827.85820652054713     
   802.78617172843406     
   778.97420457786575     
   753.29470837814961     
   728.43559689910603     
   703.98115292913099     
   681.11243448763412     
   659.92313911415511     
   639.60831643555105     
   620.39638501732361     
   601.26037609691093     
   584.10709638338005     
   567.22553488613846     
   550.81317462568848     
   535.19185751261136     
   519.41433851581348     
   504.47583691505076     
   490.73427461520680     
   476.82423281159879     
   464.65630383176216     
   451.29790194146710     
   438.72891572107721     
   427.34680992281210     
   415.09291335376304     
   403.54350866555302     
   393.99449834301589     
   383.10356258626888     
   372.85079512070064     
   362.85697604259951     
   354.06454133253146     
   344.89902429159940     
   336.45181237011843     
   327.99847425649671     
   319.46343834425210     
   311.40562498752865     
   303.71109828723729     
   296.69484408207171     
   289.28007522943716     
   282.02395107705132     
   275.08732627470897     
   268.73704422727820     
   262.25336525870176     
   255.99917082009910     
   249.81115969865652     
   243.95382128981390     
   238.16651114186564     
   232.51202702546055     
   227.14258928243271     
   222.16009609553049     
   217.11500246429549     
   212.32352139896651     
   207.52562081772405     
   202.81977456427117     
   198.25176915302893     
   193.47996940344950     
   189.22113819529685     
   184.99049207007440     
   180.53361200637244     
   176.45421415283889     
   172.43815735697763     
   168.68141993586596     
   164.86088634389407     
   161.53182512574745     
   157.89994425764246     
   154.32503868845981     
   150.91900399462213     
   147.71395053894304     
   144.31541979612740     
   141.06050947015120     
   137.87612489382715     
   134.79908499604710     
   131.95085271347719     
   129.04785441831575     
   126.31685944219429     
   123.53574395143696     
   120.77803623019341     
   118.21256642812826     
   115.61447586476922     
   113.12508607719437     
   110.59649181165038     
   108.28749415360592     
   105.92665099646055     
   103.70850358503115     
   101.38815996452026     
   99.195217611860272     
   97.132309739741586     
   95.058826225423800     
   93.218015495836823     
   91.339492431369493     
   89.335517165515455     
   87.475308031082562     
   85.532803878040980     
   1051.7302334756014     
   1012.3449686087210     
   984.56794750772247     
   956.46826732167608     
   929.21697470747677     
   903.23704103400792     
   876.17681051547947     
   848.90798060218390     
   821.39365424509413     
   794.45279259206541     
   769.19446842223749     
   743.28996755440835     
   718.86923897474151     
   697.12346168585702     
   676.92275313729783     
   657.34365755931071     
   636.54617959708605     
   617.30137902141564     
   599.82777773090913     
   583.64879359111274     
   567.19740539931217     
   550.71535330150664     
   534.13564006435945     
   518.49368991123902     
   503.83294617410775     
   489.18624401109241     
   475.24490250794031     
   461.49957497339494     
   449.53664775997657     
   436.75412278879179     
   424.76500310637834     
   412.37954300385070     
   402.05998956965141     
   391.08378511351901     
   380.93447487967876     
   371.22308449279365     
   361.20574714234692     
   351.49109056090037     
   342.95254829712854     
   333.55547388778160     
   324.10565608322452     
   317.18096948867139     
   308.39800341486273     
   299.96620329296269     
   292.47986157006039     
   284.51074825869324     
   277.63381780055710     
   271.02415373937441     
   264.39856247293977     
   257.31362015795946     
   251.12304638401227     
   244.67671801484633     
   238.64330424080322     
   233.17532925467441     
   227.58349306201507     
   221.95768061494448     
   216.50843860395668     
   211.26085154363139     
   206.45546450644511     
   201.23776342493960     
   196.59692156735241     
   191.95656960092688     
   187.24014078941559     
   182.74951264118647     
   178.62221110483731     
   174.43810924771111     
   170.35876092772756     
   166.33267767803085     
   162.11535735170582     
   158.44733084202250     
   154.47148679206336     
   150.97750267792691     
   147.61755744880040     
   144.27645871737613     
   140.92789128418224     
   137.67357693396414     
   134.22139717985630     
   131.06282442631652     
   127.97831206059614     
   125.12754819798545     
   122.25554323240385     
   119.36336027937601     
   116.72046843849793     
   114.02371777382403     
   111.39075313497042     
   109.01606974139827     
   106.43528551002193     
   104.09030107425644     
   101.49428484604854     
   99.314763898420438     
   97.016920206201831     
   94.913367755097227     
   92.811725363298592     
   90.748770207753452     
   88.765109578250460     
   86.884740586657855     
   85.118085030479008     
   83.201298332320647     
   81.504054362911603     
   79.762925379570532     
   1056.1232941264527     
   1017.7218910033914     
   989.08294561296623     
   959.55529931938133     
   929.68995526522338     
   899.26916095450531     
   870.17119040130592     
   841.78213839357988     
   811.04493472810543     
   783.15401859764938     
   756.36170038258069     
   732.06316487530489     
   709.35156228488017     
   688.79620481185077     
   668.75818188125345     
   648.92733906870308     
   630.67314064804987     
   611.50941705096557     
   593.44501671717012     
   577.08593276782540     
   558.97257925437566     
   542.47191569941128     
   527.63494480600900     
   512.99580021115128     
   498.52325060472094     
   484.86710726697913     
   472.21889851404541     
   458.13494194874238     
   444.92439662823631     
   431.77315020174581     
   420.48827035153295     
   407.99816931369617     
   396.88794365384371     
   386.13297816170166     
   376.54969338204467     
   366.41006277961725     
   356.65921510418229     
   347.14164186164072     
   337.20211815621474     
   327.63734922357997     
   318.87336487653636     
   310.73090023466938     
   302.13021009285973     
   294.02612841591991     
   286.64984563363578     
   278.69702187353602     
   270.82105497966700     
   263.66328998578444     
   256.45869780065522     
   249.76242240381376     
   242.72581275423255     
   235.82467023006649     
   229.54620065153841     
   223.93152027339002     
   218.11061683308674     
   211.97137993698425     
   206.53644120153638     
   201.26320384624177     
   195.97803977177483     
   190.78300117538106     
   185.82204120201428     
   181.07482603245589     
   176.53761659090696     
   171.81360942822707     
   167.36686118640696     
   163.00601973825258     
   158.76230262208315     
   154.47716125820529     
   150.93895818058448     
   147.13183252925469     
   143.25637128599811     
   139.58329783836146     
   135.98947256513134     
   132.78867287641143     
   129.20098151515396     
   126.29889449932011     
   123.31645178237440     
   119.83875312400640     
   116.63842877906121     
   114.15198792193785     
   111.56618203409772     
   108.93375955642624     
   106.24641068238392     
   103.72200414342579     
   101.03543414488414     
   98.740070618262962     
   96.161052063270006     
   94.001220629897432     
   91.767737255056204     
   89.488128690621039     
   87.430308971397423     
   85.504132347733346     
   83.367320190286023     
   81.590160420808758     
   79.903188803923797     
   78.194819769088838     
   76.414917851239565     
   74.735025817485521     
   72.974245134685049     
   71.345837204134710     
   1062.8325722073694     
   1024.8737470976323     
   990.94428087963308     
   957.24142290228679     
   926.20482839518820     
   894.25417760903963     
   860.52149361359943     
   826.92777127086561     
   796.69636228363481     
   768.47353212938924     
   744.62385722535566     
   720.72346199681306     
   696.90160311746899     
   676.29327611432132     
   656.33051044889839     
   638.44090898386082     
   619.62912154424077     
   603.11879785846577     
   586.39494787162732     
   569.89084732575020     
   554.08994814339621     
   537.47762422697383     
   522.41064648373754     
   507.21476779281102     
   492.14823154471628     
   477.76392897516484     
   463.23111872808960     
   449.86479768486083     
   437.82291699471898     
   424.76919038516871     
   412.98048026498748     
   400.77119372474357     
   388.98168355332206     
   377.58205988144380     
   366.21710780565184     
   355.80311365080382     
   345.30589253719654     
   334.67718680210146     
   325.50854960100457     
   316.36677196398313     
   306.49619777695801     
   297.86962278819283     
   289.33695609491417     
   281.45181162821206     
   272.90974518753563     
   264.89182762043345     
   257.42473906394406     
   249.76686937346176     
   242.81691111504418     
   235.82816192639791     
   229.12041758012327     
   222.40790617478962     
   216.41691291340396     
   210.57249934382816     
   204.52904535910727     
   199.14487552438834     
   193.26926257903929     
   187.59699826873387     
   182.62422996265343     
   177.35672656303581     
   172.59710983686793     
   167.71605397304103     
   163.02313489674282     
   158.29791108089785     
   154.08722189455290     
   149.68347090043176     
   146.09328464885303     
   141.92196154188144     
   137.99391039056223     
   134.21523193183097     
   130.99499349903817     
   126.97019221326846     
   123.47922292254826     
   120.14987215276373     
   116.23518598319500     
   113.43189801672173     
   110.65352156866140     
   107.84772469994792     
   105.22633587215137     
   102.55139254560783     
   100.02355182327388     
   97.451705346251615     
   94.722108804683160     
   92.452118860658715     
   89.948505709349234     
   87.283651357053884     
   85.320554332727141     
   83.364536263470484     
   81.127392214279368     
   79.260970098180991     
   77.279447826820288     
   75.607572302251356     
   74.045252185892593     
   72.666138280047107     
   71.018586839472761     
   69.384600093824716     
   67.932149733920994     
   66.392971731513853     
   64.777295276926964     
   63.061972698641831     
   1066.1178343646545     
   1028.9252386844664     
   992.98819179066970     
   957.94581758815787     
   920.34865390564528     
   880.66691354296472     
   841.41647367377197     
   808.33393889055787     
   778.18198392449267     
   751.92384722355337     
   726.36684925235863     
   703.37516798851232     
   683.10037259215142     
   664.42675403855878     
   644.44663479871338     
   627.29676746338941     
   608.87288392572736     
   591.61049095345822     
   574.23736226720905     
   557.57482633910274     
   540.00122617368788     
   524.64857480833075     
   509.57326033309812     
   493.22443714343024     
   478.66065283128785     
   464.48084827075280     
   449.38415183737561     
   435.55406416741721     
   421.74347937192169     
   408.42574263299042     
   396.90555849732971     
   384.24971937747904     
   373.05209178056668     
   360.10109874710548     
   348.49763454278207     
   337.88435906290579     
   327.28805305296692     
   316.79057341038964     
   306.03405978952986     
   296.34670710787384     
   286.44570999607265     
   276.67466555751253     
   267.82543134583000     
   258.71083262501770     
   250.30453641819065     
   242.86037486400897     
   235.28348134107631     
   227.22743212589327     
   221.12922720801910     
   214.40507591693867     
   208.23521385957565     
   201.00083885018225     
   195.45002070008985     
   189.13733897501206     
   183.21839976519368     
   177.67049885585175     
   172.65549796762764     
   166.19722736999898     
   161.18586193036452     
   156.50677575116885     
   152.03281183119532     
   147.68795192426379     
   142.41907072862892     
   138.90364412402931     
   134.75028881202053     
   130.81466889624028     
   127.04460232151129     
   123.23512331300725     
   119.71967511847284     
   115.44051320795914     
   112.67234022232434     
   109.89409407792745     
   106.66407460386219     
   104.15779130504531     
   101.60995472007757     
   98.000023828993847     
   95.365902755338922     
   93.019483445694391     
   90.773389973582653     
   88.706830281176536     
   86.479009377483607     
   83.774837765464156     
   81.544103334491936     
   80.165565817740628     
   78.427887692341841     
   76.316052197985243     
   74.168945665875583     
   72.596426768175704     
   70.715472401466400     
   69.470512906214623     
   67.626205846631663     
   66.008180976542405     
   64.466018911586715     
   63.513607685383754     
   61.902952917246679     
   60.614579510605402     
   59.742239414683311     
   58.077663276148122     
   56.614097900016361     
   55.088207070857756     
   1074.2178381445749     
   1035.4090425695317     
   993.25464055147154     
   948.98177137283074     
   900.01975714894513     
   856.42853035806309     
   819.82283252461184     
   786.56263638394910     
   757.96049612433990     
   732.11987768380698     
   707.85164027789358     
   684.23482982057783     
   663.00813087142353     
   640.62903852262275     
   620.63498668180637     
   602.11358324512901     
   582.06676172885739     
   564.46364371881737     
   548.39454782484995     
   532.08871968671986     
   516.43835949412994     
   499.84829767798328     
   484.04681118510774     
   468.92021991938645     
   453.58607100071345     
   439.02590876067330     
   425.34802368827837     
   409.41389124272882     
   394.61980082460258     
   381.49436579272793     
   368.14099683968800     
   355.90200448757503     
   343.20315778120755     
   330.89947089165008     
   318.84420455751115     
   306.32611636816267     
   295.38747332249238     
   285.27220888890514     
   275.73734589620312     
   266.57560835310812     
   257.07408476272997     
   248.30514600922669     
   240.17225375196620     
   231.02618652109123     
   222.99126390051450     
   216.29456231014342     
   208.48540590252588     
   201.10693500640602     
   194.63558458055437     
   188.62542808358236     
   182.25633048148032     
   176.39777746591409     
   169.98623316428350     
   164.71853378628703     
   159.57885085757709     
   154.99101076033116     
   150.75068244624154     
   144.03597714437166     
   140.78729375197344     
   137.48517937346844     
   132.90585101799655     
   128.32208968497335     
   123.94967217321047     
   120.40637199829138     
   117.94274977185854     
   114.34376779121672     
   110.84780239583915     
   108.56292240071480     
   105.30361386566430     
   102.80072622355264     
   99.721155355942045     
   97.048537257764934     
   94.750068718717813     
   92.667771592925533     
   91.314681861765706     
   88.048645884602109     
   85.689838255945801     
   83.425653638535721     
   80.569208982244788     
   79.566224496225033     
   78.281905392927996     
   76.488344589265495     
   73.567983774440819     
   71.918945991562850     
   70.296125441438789     
   68.581225874441600     
   67.597950428217430     
   66.118323549888558     
   64.255640478545331     
   62.482672882987558     
   61.092704238131674     
   60.109040706530344     
   59.100510443093846     
   57.643298393948527     
   56.249900633490313     
   54.618137511464624     
   53.581442332859005     
   52.895803928113963     
   52.008210497487582     
   50.300892484730383     
   1084.6448260143866     
   1036.0817249589945     
   980.54049945137979     
   920.49079051810600     
   864.06599531921984     
   819.38497785782056     
   784.41997156305320     
   753.53170526710653     
   726.56877599725317     
   698.87361219229274     
   673.99558913624628     
   652.42550478206203     
   629.26419097520238     
   610.08659447959360     
   589.95156666906519     
   570.82235973352442     
   552.19123192013149     
   530.56999351769650     
   512.69976765932188     
   494.79798935950157     
   475.46947558505826     
   460.01053532258152     
   444.89876456030049     
   428.83026970236642     
   412.79468053131586     
   396.63801722800167     
   380.93437110566276     
   367.10145022373831     
   353.76682965694351     
   338.94824892415454     
   327.53723773195043     
   316.37761711389891     
   303.14561648502240     
   292.39216391544505     
   279.65297799533028     
   267.47142224991376     
   259.77534761569456     
   251.25719271689104     
   241.09834695047380     
   233.53279553496264     
   224.84194216011693     
   216.85751399958892     
   210.12171337365268     
   201.98151807169728     
   193.54717275855478     
   188.03196847416945     
   181.27494929421076     
   175.50993602550446     
   170.70523672644859     
   164.72981785062018     
   160.85409504029371     
   156.21734960108466     
   151.49179259099301     
   145.62321845916034     
   141.92833026425501     
   137.26447398312976     
   132.87139870662449     
   129.75922558837362     
   126.03668821389529     
   122.62658550834536     
   119.39808010412546     
   115.65212496139337     
   112.29106505321160     
   109.96249537486803     
   107.10445997238266     
   103.71162456672134     
   101.13884955518026     
   98.372579858393905     
   95.613160592483638     
   93.822671949633516     
   92.008976408644344     
   89.329204830777229     
   86.890794665142721     
   85.657416047439597     
   83.436938333880292     
   82.134941176780458     
   79.570451442825870     
   77.623263099197203     
   75.009118108151085     
   72.088888498899465     
   72.147644295100250     
   71.609442158057590     
   69.528678776756578     
   67.604314164577005     
   66.534537303801500     
   64.838817408413021     
   63.505208461798617     
   62.503182967359322     
   60.885651962640566     
   59.383779786739012     
   58.215359172391175     
   57.585170979798590     
   56.522476686844129     
   54.673099776588799     
   53.433488391158797     
   51.969297440494920     
   50.529174234795690     
   49.205184874049515     
   48.559669531516434     
   47.485009993310264     
   1098.0762838877231     
   1031.6085224267922     
   945.83862025266785     
   873.19152629822065     
   818.55578352209091     
   774.55815723348167     
   737.58604673991806     
   704.57129176209742     
   675.97525847186000     
   648.65768890384891     
   626.28002149308747     
   603.29548671424777     
   577.72387918930906     
   559.04475789873686     
   537.76047056002733     
   519.12473874843477     
   498.11747322746737     
   477.18642052369523     
   459.63747368252996     
   442.03432603090823     
   424.14186380898798     
   407.40537172986473     
   393.34291289884015     
   376.61570759327975     
   363.83939887860885     
   350.21311281325291     
   334.43025771590010     
   323.25659660923776     
   309.25057320386969     
   296.89869312315381     
   288.30084451427638     
   277.56899825777828     
   267.88536717583133     
   254.28452399088809     
   245.71773389635712     
   237.65650246584070     
   229.06874412012888     
   223.30443428190338     
   214.18652228895209     
   205.75640746216357     
   201.37870108963423     
   193.99825081058506     
   188.52582422744342     
   181.39468774678625     
   174.23757872154073     
   168.66059593301785     
   164.41063236028324     
   159.66451137786507     
   155.99697591872649     
   151.30344064878688     
   146.70586266800251     
   143.29037364684172     
   138.78323877551841     
   135.03792566714245     
   130.72106179109983     
   127.83742005272056     
   122.28616229933183     
   121.80009698253420     
   119.05218901444792     
   116.46082129363253     
   113.32840010245624     
   108.83161449008703     
   107.17822179752261     
   104.83224515996822     
   101.20943079224317     
   99.308800765513269     
   96.146641448737171     
   93.838357600192424     
   90.877300365136549     
   89.605553417705039     
   88.224760269287984     
   85.579951839706055     
   83.551263310219682     
   81.605043531145682     
   80.681547999246703     
   79.777059533201708     
   77.081231717448475     
   74.755422822391225     
   72.848154649151866     
   69.938584169454487     
   69.467282841878287     
   68.592533206663916     
   66.904494927357504     
   64.953319214803628     
   64.245433776889442     
   63.097329632669783     
   61.696534845554368     
   61.165491728692828     
   58.970172167877024     
   57.876326315003126     
   55.661728627631945     
   55.199259804053113     
   54.496634914291938     
   53.446079078743722     
   51.636487530474255     
   50.261654082257394     
   48.774086861016499     
   47.217965977140750     
   46.163906022077398     
   44.673016853499171     
   1111.4725425174292     
   999.92316832693700     
   892.14985793172332     
   812.54080943854660     
   754.63522648941796     
   711.40048843920090     
   678.03198895631203     
   645.49609748116677     
   614.81270579125362     
   588.56114802023615     
   561.23606591283067     
   537.82414075306588     
   517.17629831941201     
   500.14393883098643     
   478.85753601530263     
   459.72292513693719     
   439.44508857281494     
   422.49906771090633     
   407.88894541781622     
   391.40767902844641     
   375.57536162041328     
   361.48374472963212     
   348.22050657646423     
   333.57203613252989     
   323.71677688507583     
   309.50559400574343     
   300.34441759403080     
   290.12473928584319     
   279.07132637478355     
   266.37581283440358     
   258.64103999793133     
   252.27125733590009     
   246.08751874747429     
   233.58083166814851     
   226.64915497531740     
   220.78757715144559     
   213.55640854149760     
   209.35891997988898     
   200.82048327717075     
   194.40140351474398     
   188.32896323242835     
   183.37172040176401     
   177.75060100988566     
   172.62486242189806     
   165.39986352371898     
   162.01274463107225     
   157.69089609400450     
   152.20328346677127     
   147.69583281642750     
   144.47627191339438     
   141.79415455560559     
   137.68085158121067     
   132.16759333284756     
   129.12534656799698     
   125.24090930360451     
   123.70856164253442     
   118.90832183783550     
   116.30300456773568     
   113.72090014095602     
   111.26944280773660     
   109.83056619542441     
   105.61830416315567     
   102.65793191059792     
   100.89752710592343     
   98.618537482213512     
   95.590176572469773     
   92.838847849730172     
   90.761337556155581     
   88.559191356979412     
   86.658127274604595     
   85.489527509195511     
   83.350784601133597     
   82.243431022902243     
   78.768754186040155     
   77.792148536639417     
   77.028555872384956     
   75.241013980875053     
   72.685089601222373     
   71.614195033214102     
   68.936824477605569     
   68.688817024729843     
   66.938110978978884     
   65.442476439727898     
   63.502389168358974     
   61.871694283616186     
   60.843121355513709     
   59.912633888340892     
   58.263436297378632     
   58.072243112042656     
   56.081332101017928     
   55.397918540622364     
   53.795809584635116     
   51.935870850985403     
   51.867569569476309     
   50.420018634685562     
   49.336243534443852     
   48.718034612964402     
   47.106084805360290     
   45.590599862429144     
   43.893480314658852     
   1128.5736457580722     
   964.19151641620056     
   832.53203239603613     
   748.21134189657027     
   688.49998488858125     
   649.35778713258287     
   614.55484788512695     
   582.41075883667952     
   554.51329561566513     
   530.75434857554092     
   508.63093609738053     
   484.80172489567326     
   467.93400716718605     
   453.13214936207714     
   435.27719855011628     
   418.76350319754829     
   401.31946426461229     
   389.77494966102245     
   371.84283733144321     
   362.46162519462348     
   352.69054879023770     
   337.31453327034285     
   322.68995029067264     
   311.39848824021976     
   302.84731931428337     
   292.32613786072818     
   288.32093083714892     
   276.16321838214935     
   268.51163318025414     
   257.96876267795807     
   246.43442937664278     
   239.80440631722078     
   237.79319302840216     
   224.50857927918236     
   216.87300530201145     
   211.66899850460786     
   207.36413786164968     
   202.44669957908445     
   194.80922547341328     
   187.93263155271049     
   181.28315254282825     
   177.52847504548771     
   172.58361370632630     
   166.03352256866265     
   161.10868878479343     
   158.81407028266906     
   153.11099264784687     
   148.64737078567373     
   143.51113155440024     
   139.68105352938696     
   135.07503468958720     
   133.69770422682518     
   129.17209340676146     
   125.84003187434831     
   120.94319823428970     
   119.38449510130219     
   115.52916519003854     
   112.16742281585351     
   111.51287901095398     
   107.55451365594783     
   104.46445088942721     
   101.97189718192777     
   99.666773402148735     
   96.922301991017036     
   94.790915131045523     
   92.505284078219930     
   91.147927463998712     
   89.184545677826378     
   86.935809804139680     
   85.001886996799868     
   82.722758199311073     
   81.753825273530623     
   79.715245376924273     
   77.770680678323117     
   75.457024589235772     
   74.590716303279052     
   73.411832172137821     
   71.736651226182104     
   69.963661280316188     
   68.265154161048741     
   66.972820992113910     
   65.337698966111418     
   63.459404636147809     
   62.506998557890114     
   61.898931727616315     
   59.226971688538455     
   59.110343270816387     
   58.108650343833595     
   56.369728484484398     
   54.730356703107759     
   54.154201827057733     
   52.506553959356282     
   51.866111213574186     
   50.874925064579344     
   50.050396737762995     
   48.626656012482684     
   47.156953004551411     
   46.360001822921539     
   45.612487239099863     
   43.126960168021242     
   1151.5472663552962     
   941.25820599473150     
   799.84208967580935     
   709.94151256595137     
   651.83609008476844     
   611.91385915980959     
   580.12946615193653     
   547.83686029772423     
   521.59691699972950     
   504.51826564803787     
   481.62778541517969     
   462.26676571063336     
   446.17776827655399     
   433.99559080066047     
   418.81373345870918     
   405.57768643266377     
   389.47026767686572     
   380.89769894959096     
   364.09050589608444     
   353.78594105936168     
   341.95233495366108     
   327.84605708025538     
   311.36463988113007     
   302.04291865689129     
   291.06570051412700     
   287.50823141531504     
   279.69543670113666     
   271.53152236266607     
   263.22402949088450     
   251.54926729388959     
   243.88890338040167     
   236.74470076446821     
   233.16173268088508     
   222.30855339632876     
   213.89351492704711     
   207.48612070550456     
   201.30817148219137     
   199.47501391499696     
   192.06390352465831     
   185.05505674408897     
   178.54967337947613     
   172.89377616530606     
   166.55264465085236     
   161.22295082249963     
   157.03705740706192     
   154.47739774499021     
   149.50124983838936     
   146.30363006880026     
   139.31897775689464     
   135.33549972210088     
   132.69104788063092     
   130.50265875543249     
   126.75669122372040     
   123.34318972401387     
   117.64961509740174     
   115.60002151265687     
   112.72398072951182     
   112.41171200878696     
   107.39903113267289     
   105.21565298653297     
   101.66229998101177     
   99.333080169469838     
   98.209267897739309     
   94.364978771095281     
   92.935589048621864     
   90.696328516195194     
   87.734011735927822     
   86.401949399083719     
   85.754332709314880     
   84.113153368590034     
   79.606879363090883     
   78.840600161218120     
   77.279470001587129     
   76.297075547182828     
   75.115728882807602     
   73.368626399690726     
   72.651831187149824     
   70.564302431204538     
   68.872370451690813     
   66.763963589018971     
   65.622637906637024     
   64.374229488391776     
   62.573594137460752     
   60.794721271597808     
   60.060254863560282     
   58.215299940416386     
   57.411701257135505     
   56.848818120445898     
   55.998135899579822     
   53.663605880475792     
   53.425770325443644     
   51.753485406059518     
   50.642380686635335     
   50.783912399497623     
   49.056769184341121     
   48.029212358104729     
   46.901960771677025     
   45.535454233320955     
   44.492585113715883     
   43.433831406370288     
   1186.6326954292524     
   952.65247817144075     
   798.07023435859196     
   705.06561212808913     
   641.11719184323999     
   605.94797013754112     
   572.54737302771446     
   542.12524814474205     
   514.55180051727939     
   497.22024781081541     
   477.36878990590628     
   458.00266608937136     
   441.85559681946393     
   432.74775355295344     
   415.47359744193454     
   401.69126726098534     
   388.23633274566492     
   378.20482154386491     
   363.04950474492495     
   352.34909810385358     
   337.49243110152850     
   324.35069188677033     
   309.45561543140064     
   299.58946094669028     
   290.19363190528838     
   277.05934327000438     
   271.29926398828246     
   267.64559391781609     
   260.33608353889338     
   250.74887874443303     
   240.01781117421089     
   234.39851320619715     
   227.58447676432633     
   217.89342437459720     
   208.68217323958902     
   208.14330411691975     
   199.39836439847150     
   196.48053623819590     
   187.80340453281113     
   179.60870054419519     
   174.62963488876272     
   170.18261866712393     
   166.07912971737014     
   158.59410635629493     
   155.59362078530322     
   150.41789520422810     
   147.88605916662439     
   140.75340232138896     
   137.24793189824180     
   133.39844366848195     
   132.32485839110726     
   126.47703254805376     
   123.39938490779203     
   120.96918501454120     
   116.40392672142794     
   114.02413726684354     
   111.93411114935984     
   110.10926309031220     
   105.26358368405877     
   103.06650805261660     
   100.57696343938130     
   98.217138840118693     
   96.324548972824999     
   92.998684158204938     
   93.203874411416194     
   88.513954572184858     
   88.202106532760908     
   86.180794055023810     
   83.111173217934081     
   82.006112014771873     
   78.145915267239985     
   77.108505842691685     
   74.808633975414836     
   74.271686868482348     
   73.250879634080832     
   71.442914527464083     
   70.668154657381606     
   68.815311476417037     
   67.750454425974553     
   64.252930278180230     
   64.683113705320693     
   64.030237154194324     
   62.193037167559936     
   60.389212557972698     
   59.018754473816870     
   57.558127331504380     
   56.005090989560635     
   54.635565113091332     
   54.410066675380392     
   52.758053696385218     
   52.343851026060008     
   51.543559280213699     
   50.255046493876797     
   49.145251573203240     
   48.097945131617493     
   47.130532004268069     
   46.057307452980922     
   44.762002582172848     
   43.503043406193690     
   42.035059810377994     
   1228.0380964127598     
   981.99832891877804     
   817.91587378883366     
   716.27214114106209     
   649.30201118811760     
   601.66990711569986     
   563.79515681280623     
   538.18256207629418     
   514.57428954811826     
   496.96833668921079     
   475.80410903167956     
   455.44226780655407     
   442.40403055993551     
   434.88661368810909     
   417.46128810728260     
   400.34779000376398     
   388.69963479233189     
   377.77507202270749     
   360.78758475049870     
   346.04790496034138     
   332.09725646762979     
   324.68437422312275     
   308.20210466683102     
   301.87827613350260     
   292.80167792986288     
   275.17456624809734     
   266.99247051870736     
   264.47971602693218     
   253.99936152655579     
   243.92250780460580     
   235.40846310402418     
   227.24419707602368     
   227.34423559278963     
   218.11106947528589     
   211.72815646023923     
   202.98753839036533     
   199.24764579135302     
   192.34746795269751     
   188.23251181846402     
   180.45768601307287     
   173.87613712981644     
   168.94197183321066     
   164.22671020006885     
   159.97140692455230     
   155.10246042052529     
   147.86987383025195     
   144.44905022561343     
   139.58044817507874     
   136.39380692929151     
   131.52513063318622     
   130.01637021887004     
   125.55812996029729     
   121.46065904109845     
   115.68113271850176     
   114.29865318159624     
   110.20486463694225     
   108.91634444656468     
   106.26945817950707     
   103.86239813036049     
   101.03402994733949     
   99.636206631018652     
   96.781711846048950     
   95.416547884386716     
   91.220359009781276     
   90.489424296170952     
   88.160148368685185     
   85.442090463766675     
   83.589948374842052     
   82.405567212158132     
   80.365021679909958     
   78.524346929084103     
   76.623986709454954     
   74.421904185375467     
   73.343793436294192     
   72.313903280267667     
   70.903726354858719     
   69.140566925165771     
   68.259102811127960     
   66.200184536681633     
   64.183984860778850     
   63.555579068348734     
   62.579237988113690     
   60.347472885595735     
   59.607447688865776     
   58.365080416432782     
   57.368587969818421     
   55.715295095032985     
   54.109861072460028     
   53.090224252266523     
   51.783429289311222     
   51.581220857898408     
   51.053592594377143     
   49.370986948946381     
   48.138380124382813     
   47.131427362079577     
   46.236074510877657     
   45.405722087628412     
   44.698688512397993     
   42.966256190993974     
   41.858779262406657     
   1266.7158483251046     
   1014.5388401572116     
   852.38539022244231     
   727.19154300523826     
   662.12270012124429     
   603.53812889481992     
   563.88409601218098     
   541.43210135288757     
   522.42594510125252     
   497.14303601652199     
   476.16858316483734     
   449.60127039450441     
   442.24968346671915     
   436.01244959858593     
   420.95145892563880     
   399.75143080325535     
   393.72783869713089     
   380.24182033598714     
   361.96106270213278     
   343.25212738141636     
   332.51019548846051     
   318.22617579563104     
   306.27291055890146     
   296.63869888910551     
   295.51944965457790     
   277.83752543630897     
   269.93342679316038     
   264.91334344635959     
   249.32951952877613     
   241.45570636994955     
   233.88852212829437     
   227.15065238951328     
   223.09275755993576     
   220.47684306299908     
   211.55049686208565     
   203.07767159693245     
   198.23991879541248     
   188.49171249993162     
   186.33589514962165     
   179.53126651868999     
   174.24374550856950     
   170.06472842751799     
   162.16905309780267     
   157.81122213819026     
   155.88378262238655     
   146.65444744432708     
   143.60625409537732     
   138.30513899778575     
   133.88540089672674     
   130.22562653081468     
   127.88151838559452     
   122.90346896936651     
   119.10415689120271     
   115.18920754576477     
   110.02809408000027     
   108.95643675600631     
   107.04648323636172     
   104.69826209461479     
   103.48961057312506     
   100.11549620831761     
   98.876322169255843     
   96.538485616422804     
   93.013584901236371     
   89.047867881019300     
   88.043317117786899     
   87.641252756496016     
   84.152513524488967     
   82.146135378229545     
   80.977980443185245     
   78.401978555016939     
   76.171750313843475     
   74.784048292211494     
   73.528755361081650     
   72.011992480892786     
   70.849988325356705     
   70.042204396405182     
   68.093492874706456     
   66.919575771885405     
   64.565507695539367     
   63.222901085798597     
   62.960792268863699     
   61.942295006479320     
   59.066519876392292     
   58.360416712867085     
   57.864777877846251     
   56.720506398546156     
   55.145028496521775     
   53.783508787607587     
   52.752321221247115     
   51.781971068121578     
   50.989648893041199     
   49.893928309762110     
   48.078416997263787     
   48.173881058527030     
   47.025265752932533     
   46.243976089360217     
   44.329704489529860     
   44.032859798624678     
   41.955323515225039     
   40.815852865687532     
   1295.8161911412990     
   1053.7152873128830     
   884.05513764577313     
   755.26206781052099     
   680.52541030854616     
   609.25611467120530     
   569.43414641789275     
   547.74624100726760     
   524.85680196033968     
   500.84253076276286     
   487.70357623618122     
   449.54029762877622     
   433.87604116492253     
   434.04781949750355     
   425.55294361384875     
   406.87650312029035     
   395.76772167375856     
   379.74364064071028     
   363.27140902790273     
   337.10597020776561     
   333.60819059642540     
   320.94780761750394     
   312.86191023690697     
   298.91908754024649     
   292.79489873828243     
   278.73088923169479     
   273.24745394558863     
   267.60724141723824     
   248.88301288270713     
   236.87073410207239     
   232.57820161631616     
   228.05592226073475     
   223.87061901259349     
   222.51655356788544     
   211.15428836159475     
   203.69627754376972     
   198.81024641890690     
   188.45687754428454     
   186.29725899777628     
   179.52439948687908     
   175.60382304580091     
   170.25585231614062     
   162.92988009780328     
   158.19356916134100     
   152.88288675231794     
   147.43923189158650     
   141.76838862535476     
   137.90793369472092     
   131.22236565194723     
   131.18191539307344     
   127.50310937112471     
   122.20629731606320     
   115.73403920733139     
   114.57207285206245     
   110.19230282051615     
   106.79959652420624     
   107.55923862019677     
   102.97809010990811     
   103.73646365061914     
   99.980008762769558     
   97.159308675006898     
   94.757934074589329     
   91.616161407161854     
   88.132398061396060     
   85.180391942424421     
   86.338953957658944     
   83.309137454179719     
   81.626346860945915     
   79.022971822078048     
   77.248471723394488     
   75.191290344105681     
   74.593446997448041     
   72.554982723837767     
   72.255604698725378     
   71.284484394159833     
   68.251361583875934     
   67.462582267995870     
   65.437876113009239     
   63.916173861377246     
   62.588407599362540     
   61.726566726150921     
   61.039176342733043     
   58.836231774522076     
   57.671320907109731     
   56.352966654259404     
   56.037922587115119     
   54.241147538187654     
   53.809190149955135     
   51.711055144440849     
   50.480094291457618     
   50.469915261359567     
   49.758123777503890     
   48.714632529092562     
   47.031567270743636     
   45.731704658903190     
   45.242444598614966     
   44.341794155160613     
   43.420318415334705     
   41.921616404213395     
   40.445192502761273     
   1311.6211627220225     
   1087.5497475820416     
   913.57543503950740     
   767.89871034840701     
   696.70186900791418     
   625.23642684782362     
   579.27030202495882     
   550.80610675007370     
   530.06610856664815     
   500.40527220256786     
   489.74097324890278     
   450.20231179608743     
   437.49700417143424     
   440.48020977541188     
   418.76500720146419     
   403.58261672531842     
   395.91695949976611     
   386.96796600735343     
   366.68347746861241     
   331.30020508495329     
   331.79762608548708     
   324.14229260124205     
   316.88251405189544     
   295.97396179916427     
   276.75010727141995     
   270.67190912404936     
   268.09945637096212     
   265.76049626799482     
   248.95487335186888     
   235.21456821189338     
   228.42374574965925     
   228.91305059528190     
   225.70218152185151     
   222.89063669953231     
   208.85435111075375     
   204.61056098085788     
   197.42539105405334     
   189.13745803051134     
   187.90355516486989     
   176.86747762181537     
   172.84776993400786     
   170.11992437241446     
   161.38327898273840     
   157.61717933732280     
   150.73257087063038     
   145.62765708633390     
   142.97488661477084     
   135.71877736167608     
   131.22521056530394     
   131.30546621013374     
   126.08664362256478     
   120.68632220430294     
   114.92302270041932     
   114.73951081277437     
   107.41203145106718     
   106.72543443209329     
   106.15638671868123     
   105.40904230341796     
   100.75667766155809     
   97.850181791628813     
   95.533291968966552     
   94.766851809753035     
   91.160317055552667     
   88.830145927932534     
   86.163900957577368     
   86.867837434623567     
   82.807303235003403     
   80.711327362762816     
   78.310033516952871     
   77.214919701011908     
   74.888405315388468     
   73.475398837058336     
   71.220845414103664     
   71.317900111278405     
   69.450235679293016     
   67.988606181746462     
   66.067278644070569     
   64.502542846643152     
   62.269436122605484     
   62.196796146271183     
   61.041938897877586     
   59.989087035919816     
   58.216485897401938     
   57.366732854881974     
   54.830728300042011     
   54.634647571875760     
   54.102325544741838     
   52.965847319999099     
   52.322423922644425     
   50.000157173846794     
   49.009438702602651     
   49.381851044548362     
   48.095454533990420     
   45.933012549963962     
   45.322848570258024     
   44.679430818022603     
   44.235034522112024     
   43.086602447519283     
   41.268217345661142     
   39.378284811527202     
   1340.4498703633110     
   1122.8659908773420     
   962.71650700338239     
   809.73635284123384     
   725.56770705799647     
   645.12646179515014     
   586.13368468123963     
   543.79281807406574     
   519.99578392103888     
   500.14869872751513     
   494.87076550527365     
   449.97907352678021     
   445.48712717334899     
   435.25876881521094     
   417.08311235678354     
   408.86940904678016     
   396.55383325107186     
   390.71233325758271     
   364.95880241973981     
   332.51451585025495     
   332.40725077750488     
   318.96268861877843     
   310.01628134622814     
   292.63613771774129     
   274.97883477155011     
   270.34256546233291     
   270.66391904659770     
   269.51505882391837     
   252.86599700517513     
   238.98011135023114     
   231.91587790115582     
   232.99745878461664     
   229.91549762389121     
   224.82966791813669     
   209.22924498121517     
   202.38886323101138     
   194.40466700519315     
   190.11282249588919     
   182.54508722854197     
   176.27390980867318     
   174.68486022036492     
   169.55551099033562     
   158.74435549824432     
   156.17057367070876     
   148.19109729453646     
   148.18036861227938     
   144.88802116235354     
   137.01043480956204     
   132.94737100143305     
   129.46685931046156     
   124.70574152018972     
   118.82898422777355     
   114.08358518891183     
   112.89700179122707     
   106.94704550434739     
   104.49325223989555     
   103.75978228485612     
   104.22045106376227     
   100.40584192302295     
   96.986739630720976     
   95.762318475516878     
   92.365538762649734     
   90.036185570237464     
   86.614507260932669     
   86.919213049092392     
   84.875876135053460     
   81.907549740500514     
   79.890243470059687     
   77.856725856477524     
   75.672449649406175     
   74.318786896803033     
   72.130542384791937     
   71.259954331656843     
   71.973250075489460     
   67.815638830133068     
   67.297565688308154     
   65.805671846835281     
   64.210030566150209     
   62.276329240959214     
   62.271968240483972     
   61.139474632473650     
   59.294596782185884     
   57.609915833559732     
   56.451214882016210     
   54.811101776232817     
   54.035670541981055     
   53.803768457901512     
   52.533246173121427     
   51.269606464563225     
   49.850282691826365     
   49.528495562763311     
   49.133639119229699     
   47.120365201097385     
   46.730283263568111     
   45.207325558379040     
   45.114688327038330     
   42.856230710055435     
   42.609763298813156     
   41.148274977168668     
   39.224733478063982     
   1343.8525224802559     
   1145.1037306174292     
   984.73613187807268     
   844.82139714629488     
   741.31719518107275     
   655.28952942777869     
   578.99155130807549     
   554.79205089435129     
   518.27049312879831     
   508.68009431372536     
   500.65253567322571     
   462.36039952401387     
   443.02670902788543     
   437.45569437839720     
   420.47498950995049     
   401.35430744502810     
   390.07900462177776     
   389.43537163070653     
   363.21273757327049     
   332.19309684327845     
   346.93570238950406     
   324.98882581490022     
   306.95597147422950     
   283.64158949936552     
   275.76419325060647     
   278.95213105524834     
   274.55523537521975     
   264.02674287741638     
   253.51241103088276     
   240.17963000889401     
   233.69370257604299     
   233.46603202122401     
   232.29206461809477     
   220.73420469736286     
   212.09987953613106     
   198.42907273847237     
   196.89985985350503     
   189.41335286374226     
   182.47884862584883     
   178.07816844116482     
   174.02186885523048     
   169.00373135607668     
   155.01694969570471     
   153.02092094324178     
   147.81900441906549     
   147.86958702509659     
   146.13436827685848     
   135.40190441982952     
   131.20034177270486     
   128.23257909889440     
   120.57858572814789     
   118.15940669880096     
   112.75150443395226     
   110.69739999578806     
   108.54584520341818     
   105.35456992611157     
   104.53462505735121     
   101.41434659435346     
   97.029711363066255     
   96.520054194851241     
   94.988240340252034     
   92.359732162486225     
   90.182350749791766     
   86.244425106184096     
   84.115308112885160     
   84.605693867485826     
   81.372127882683358     
   79.392373438566722     
   76.302025563014780     
   74.353945411748086     
   73.996175025855962     
   70.475437632827848     
   69.935372867758588     
   69.695437994551398     
   68.046638227828026     
   64.986974022859656     
   65.259751106741476     
   63.023889643208591     
   62.620521200045992     
   61.376290305438303     
   61.369146237149138     
   59.127502727113054     
   57.028028286875063     
   55.743311738619681     
   55.234035733102260     
   53.751041552212939     
   53.866414713999774     
   52.474579771225280     
   50.927629429169976     
   49.318187549196608     
   48.589697879036606     
   47.826294028051699     
   46.549883047080172     
   45.962527329732694     
   45.046939691390506     
   44.414620558622673     
   42.767231766121370     
   41.317816470640572     
   40.496775209759441     
   39.915554504496527     
   1347.1067402992887     
   1155.1892740490584     
   996.19279691952534     
   861.90933980995658     
   766.94887638642024     
   670.40625892833475     
   577.32308322997903     
   550.54768906768993     
   527.92743641529103     
   510.48523337744990     
   487.09967427709392     
   477.24427977096093     
   437.21678694145487     
   456.51069309674176     
   432.56989093904991     
   395.61626257481151     
   391.29364227798044     
   385.26839648678720     
   362.56129253851367     
   332.08972159836054     
   347.19781706730510     
   332.88892612720292     
   304.15523453216821     
   287.35615101753672     
   276.28683370828969     
   277.52645694874514     
   265.81609487409821     
   260.32039726040887     
   256.40282116245174     
   236.62999076561732     
   237.08087468288184     
   237.61173981007170     
   230.85529863875968     
   213.00892971112819     
   209.42753698655653     
   203.48284538367977     
   193.44991162016933     
   185.04038525394077     
   187.65723470925221     
   181.87719399459041     
   174.53007877860665     
   167.63892364336897     
   154.95327349101180     
   153.79321689690499     
   147.35511760962868     
   146.62742847674826     
   146.16208908234918     
   135.98999478209711     
   128.67716148099316     
   123.99971756671556     
   122.29932962073701     
   117.68180298692869     
   112.91434395221191     
   110.13618376429955     
   105.61639885591761     
   105.32864238711481     
   101.05470130184236     
   100.59375467082073     
   95.539428703644333     
   96.476992795089785     
   94.814061692700562     
   90.675317217035456     
   88.734362458072781     
   85.028318666571153     
   82.805687805269898     
   84.535819837185684     
   79.894452106916816     
   77.809243404712348     
   76.922156380703825     
   73.902076532360951     
   72.715355833916732     
   70.170528410053791     
   68.873918338858431     
   68.692348659430223     
   66.446723358429850     
   65.697199299642961     
   63.432670420076434     
   62.505296201427612     
   62.815327238628527     
   60.993484044906864     
   59.996820077955988     
   57.823463114758653     
   56.812429302101108     
   54.675679880881489     
   54.227675044773598     
   53.108378002430570     
   52.567135036877403     
   52.805426291710795     
   50.496128361982585     
   48.845849427075038     
   48.287237227079210     
   47.609706358543882     
   46.648029202294857     
   45.695167502345825     
   45.278574138743508     
   44.481290916561562     
   42.681432990283753     
   41.243546831428546     
   40.695515721665551     
   40.006587669348562     
   1356.1356795774500     
   1184.9507835907546     
   1007.5373199306968     
   876.62350642432807     
   786.30969133489998     
   674.83786193782078     
   609.37677841634877     
   562.38077438388314     
   539.67254051575310     
   492.71768910375920     
   521.61984042072140     
   489.07272033126083     
   461.59609892315939     
   448.00742313364213     
   427.11755247600655     
   399.49210943369502     
   388.98628629255501     
   395.86889499249094     
   365.61770082804884     
   340.82637053067572     
   345.33601247855870     
   329.41578774037112     
   304.05763601814181     
   288.25990992689526     
   278.20545515062781     
   277.61847302119349     
   273.57553679307625     
   271.47144623087888     
   256.39394425586073     
   235.97178367272161     
   242.47808184236942     
   237.86794085109989     
   225.01600017768709     
   215.93262895492381     
   206.46514996326283     
   204.88007935997456     
   192.81958632454575     
   188.16140490532143     
   186.52335342587941     
   179.46193972575952     
   170.69896082972045     
   165.02326893415602     
   153.45423064392105     
   153.46665941781839     
   143.75231841054253     
   146.22244451195905     
   143.29042945179151     
   131.21365324641346     
   129.69241830004896     
   124.85431099204101     
   119.03263226539724     
   116.29276632175339     
   114.24460637883006     
   110.36984843274425     
   104.46510444368772     
   105.71461604144308     
   101.16464190095431     
   97.207241416764575     
   96.268701495608425     
   96.270514310806078     
   94.184999707595836     
   91.393348985223042     
   89.008181648493391     
   84.903885492771707     
   83.314214179674025     
   82.325159867091742     
   79.124878435529098     
   78.044073070372775     
   74.603963718812153     
   73.407012159664475     
   72.662980682249767     
   69.993221499879041     
   67.887900033408229     
   67.803410905704823     
   65.725791788387482     
   64.790996920347467     
   62.959721937145396     
   62.693962544139673     
   62.036358312053771     
   59.615005597281737     
   59.232496907338628     
   57.452754553314286     
   56.101728924249805     
   54.792377608261781     
   53.895184742585570     
   52.333837790913577     
   51.629809360955470     
   51.701313144356796     
   50.281992110391883     
   48.514165787070468     
   48.462996761241520     
   47.521658065799585     
   46.682256693483495     
   45.594184079483341     
   45.032115579173578     
   44.362100552280104     
   42.296959621936736     
   41.058506803669232     
   40.582932279632082     
   39.044940791891307     
   1357.9885036164524     
   1215.7265365390072     
   1040.0185914238893     
   893.56973996812849     
   790.90643519487014     
   690.68810971025016     
   632.77766650176068     
   573.47917446740075     
   518.78227005267559     
   510.87176465718818     
   529.09368480498392     
   490.46234244538766     
   469.43688953945417     
   448.43106980092307     
   417.38543439635396     
   385.34939150669493     
   378.50607166241292     
   397.65266732712826     
   375.25757092713548     
   339.20704639259912     
   336.12949097251260     
   336.20838711241225     
   295.04617972809126     
   293.72658275139383     
   281.20002460379527     
   281.38626942252574     
   278.21691560102551     
   271.14810906210744     
   256.86160632479573     
   245.95718891989290     
   243.99841520299134     
   240.56376843338802     
   218.52377657552978     
   221.13260712738790     
   208.23221938619622     
   201.23001385654001     
   199.94876888078403     
   186.85131947571568     
   190.14923335174203     
   183.00882992384976     
   174.49145888767754     
   162.72603310320201     
   149.15851218401301     
   148.90677302947344     
   140.28308307070776     
   144.79100525093770     
   143.36391621723206     
   132.80575740057489     
   128.40714877312382     
   123.52521158477084     
   116.67345290450442     
   113.91570865605559     
   115.34593593811290     
   111.16880074505460     
   104.09134249511585     
   102.73520520726325     
   100.08438977219411     
   97.882535415572676     
   96.826948217569253     
   94.332850232392545     
   94.523328477086295     
   91.861048387235243     
   88.568608782974081     
   85.132221559635568     
   82.251828402633308     
   80.827491919211639     
   79.197974048420662     
   78.122253292899131     
   75.352265688643570     
   73.042581866334729     
   73.140873173312201     
   69.627169760831180     
   68.280306225726392     
   66.309921211986762     
   65.059025495378975     
   63.571020140442513     
   63.237185931582161     
   61.839267083173297     
   62.047986959806622     
   59.705107332920477     
   58.837364805750731     
   57.330459287957524     
   56.607943572554007     
   55.085920725301158     
   54.977006870041961     
   52.504008247068597     
   51.260251639752227     
   50.937694049406147     
   49.903758579240076     
   48.490702384772341     
   48.833075931846267     
   47.465284197524539     
   45.754147749002925     
   45.065291788330612     
   44.700829587297434     
   43.249306716966373     
   42.247812815613642     
   40.902702997835988     
   39.750161580409276     
   38.770554723680227     
   1354.6127709470079     
   1216.8478996613883     
   1052.9947827555129     
   873.94381088134480     
   795.68894538623636     
   717.76448567873331     
   635.56934545281979     
   572.76070306112160     
   516.05344154232398     
   505.44546966397809     
   532.58277451295385     
   490.87587536634442     
   479.97074026728183     
   456.10604070318431     
   422.12027396761874     
   391.72400738671433     
   392.25199354005417     
   394.51142638926399     
   388.92723595037302     
   359.57529671974390     
   330.07661334323177     
   321.32117745324587     
   299.56345799739825     
   292.92037966889757     
   279.15255285728801     
   292.81302974497885     
   278.73962344181217     
   266.12886851024331     
   262.39653831185814     
   250.70630430535880     
   237.16398709997148     
   236.86183016889902     
   224.90744834642410     
   215.21723762682100     
   204.09988113731058     
   202.43718861769273     
   200.87597650765136     
   189.61603635723901     
   188.90028406355123     
   181.19264737666526     
   172.22448234149564     
   161.49558933069096     
   148.66445108086447     
   144.26435373717479     
   143.60306836506459     
   144.98707325777588     
   144.01575857514291     
   132.18820858093974     
   125.75610795526150     
   121.96100690257028     
   118.69483482164379     
   115.55981629536930     
   114.40880913325559     
   113.53483190393693     
   106.14564255695865     
   102.22919988091050     
   99.246639345935193     
   95.057330220658457     
   94.449382753628782     
   93.126743100356009     
   93.714374752583140     
   90.098183342965001     
   88.329940453154222     
   86.050588396995778     
   84.028290140857891     
   79.657897074242385     
   78.817842547097271     
   77.447651268343080     
   75.356968801174077     
   73.585199271086225     
   72.189876086408873     
   70.319170445103353     
   68.461459087886979     
   67.716349719121311     
   65.424763277311982     
   63.378407006965730     
   63.467998166563383     
   62.273786544388713     
   60.943568432795693     
   58.954762949821664     
   59.019865211659109     
   57.171954946685815     
   56.807525344803743     
   54.695037558866744     
   54.175571452524380     
   52.403262415179846     
   51.778077368523959     
   50.392872875615041     
   49.823852347489144     
   48.829244520008245     
   48.910534017226382     
   47.287265775857875     
   45.406231089142047     
   44.979710494644564     
   44.635735296662610     
   43.246543035294053     
   41.793562584283798     
   40.946155984904628     
   38.566218967043412     
   37.998084090067174     
   1345.4615552443133     
   1221.6969365325078     
   1030.7036024697159     
   862.61819356115973     
   814.33055908976974     
   726.44758690829383     
   615.07874150217413     
   585.75047508734212     
   495.06601045597802     
   474.72758839151413     
   521.20491740096577     
   522.84506110469010     
   479.33511479738763     
   463.23242634941369     
   431.49126569335408     
   397.54043705247716     
   400.52346057654120     
   403.77964759195709     
   400.00602559868230     
   359.06037313957466     
   343.66461010864441     
   301.48774720258558     
   303.12904594460667     
   284.30033840982395     
   284.25023079820272     
   297.39602997193452     
   284.66314223353805     
   271.01060453659403     
   262.09147021171066     
   252.07844877176234     
   245.46283000501532     
   239.12234535617407     
   228.35348371201803     
   219.52779979712506     
   208.88363695923067     
   203.75794782778655     
   204.13000603114304     
   191.92741462422757     
   189.16012249688526     
   182.55744342434878     
   173.40012310610035     
   160.51401298606322     
   148.37478360372734     
   146.79858683558433     
   144.46853331261173     
   146.11598815294093     
   143.87843527830037     
   130.26829900119810     
   122.99408841346451     
   123.19154340441490     
   118.25466024346352     
   112.20044609750155     
   114.29391207122040     
   115.68192831415271     
   108.36349019650856     
   105.33802192211957     
   99.274718985623309     
   95.574291923930829     
   95.104991319540446     
   93.934477339113784     
   93.341120942135916     
   91.236045907753422     
   87.986350660749594     
   87.328208067665713     
   84.834332839189827     
   78.576837954838041     
   77.577368196721253     
   76.838990921121862     
   75.209061563847186     
   72.984628413166035     
   72.593118840525335     
   70.889646041561363     
   69.116702512499472     
   67.338055262804602     
   66.077171572899331     
   63.498493546497272     
   63.666690353098943     
   62.980082386178076     
   60.880936703780975     
   58.938456300562372     
   58.888883046931348     
   56.602686087448973     
   56.738643623056682     
   55.268889864277220     
   53.323519538936011     
   51.466048721217213     
   50.987758537036441     
   50.556172823996533     
   50.047565549972305     
   48.957804536528542     
   48.585763089610161     
   47.734924909372452     
   45.504016158314982     
   45.036904597709466     
   44.568502719176266     
   42.900915666816928     
   42.267705611338741     
   41.105482352987835     
   39.277818167322835     
   38.418877291815207     
   1352.1552918976113     
   1198.4957555803110     
   1006.4620937724457     
   868.76711595223526     
   835.97251710899423     
   728.93347156021991     
   647.76298633683814     
   615.08768378472564     
   485.02065587090567     
   481.56203343141692     
   500.74926926883950     
   527.13250207516137     
   482.86287176530533     
   450.47221751238789     
   431.82455390718752     
   388.48454413711187     
   386.73522513709639     
   389.43504671761696     
   388.27456722844158     
   353.73239653071823     
   353.43251315125849     
   306.27164598892477     
   283.30394654795947     
   281.25028266424943     
   280.32392718080871     
   289.11440833079018     
   291.29676919723767     
   258.77652757046258     
   263.69534082905381     
   242.46424774248760     
   255.14945792065134     
   235.90639091112337     
   225.92042073923758     
   224.85454968139001     
   206.02406080865666     
   205.30791892762969     
   201.23798278429823     
   188.93717184828984     
   189.96588220728484     
   184.22146650698281     
   176.07985807544256     
   158.30482072810835     
   151.01943633271549     
   147.36018912306724     
   144.93790944304527     
   150.16769755343691     
   140.47632091057039     
   131.53224777430873     
   126.29119661733924     
   119.83212593588962     
   119.75108793685884     
   113.69394165002227     
   116.32770757164701     
   116.07146222471141     
   109.42315856478251     
   105.92101372584398     
   99.861832684017202     
   97.682458489620927     
   95.677971843916922     
   92.726790575260537     
   92.264023618827920     
   92.194535294453942     
   87.585582741679858     
   86.281907559410570     
   85.822170877617111     
   79.651615637091140     
   78.603053700314703     
   76.564640701114428     
   74.916312645104767     
   74.651635408954220     
   72.058338436267661     
   69.469633810619214     
   68.780616891922676     
   67.395783733933243     
   66.839388235376660     
   63.732495247370508     
   64.027469248871725     
   63.055792496877331     
   59.958116442932180     
   58.025361814911662     
   57.425155478143900     
   57.211312591532476     
   56.865645006381257     
   55.668024492103932     
   52.776745614510631     
   50.863042143512644     
   51.129633903448266     
   51.009625053781626     
   49.397531232627841     
   47.757914642596170     
   47.759897968042360     
   47.143823781993333     
   46.488586114013813     
   44.732188363729485     
   45.117822453535197     
   43.455412834442498     
   42.330947928603379     
   40.870013602847592     
   39.767722091135639     
   39.908564771865585     
