           1
        3200
           1
   873.39631672121811     
   827.26216083618101     
   793.96517093243733     
   767.51066424253702     
   748.94283169911955     
   730.86594047813173     
   713.02609627981701     
   697.85084442541199     
   681.79122400532754     
   665.04642308548682     
   651.79558646881151     
   640.05791684042538     
   625.54977806593615     
   612.75929845239830     
   596.73454195765646     
   583.56524678881112     
   570.21056245261434     
   558.11541079727635     
   544.61471763844952     
   532.58051602639989     
   520.47756013947719     
   509.41953531644356     
   496.40744176344128     
   483.71167232856675     
   471.63072692421736     
   459.79452608822419     
   449.53717172765562     
   439.44206774783856     
   429.62493044594351     
   418.56821969644875     
   409.56946432997250     
   401.52641683949514     
   391.32597261100153     
   382.45867767890883     
   373.87689666197537     
   365.46334751953225     
   357.69479001349100     
   349.19954335300275     
   340.95657115796928     
   333.36084432376776     
   325.70496148224822     
   317.76492444532869     
   309.86578318421698     
   302.98192290580590     
   296.31957993222397     
   290.23783449993391     
   283.83466177034961     
   278.10255699282129     
   272.15981244225492     
   266.60240922352227     
   261.58519422053979     
   256.57347884811827     
   251.11102274068045     
   245.60470806736191     
   241.38649513182585     
   236.58346088972638     
   232.04357752430988     
   227.44338867404164     
   223.60843163963565     
   219.02581380832376     
   215.71617862483646     
   212.09783588014812     
   208.55755655642849     
   204.82551891545666     
   201.44300303483590     
   198.27059288600333     
   194.99636044832101     
   191.81422352698968     
   189.14485345664940     
   186.38026402920462     
   183.69127798164266     
   180.67134760412910     
   178.54275579837230     
   176.00878508010351     
   173.59042737432895     
   170.96830527628691     
   168.45779372156022     
   166.32163715376595     
   163.72262032210972     
   160.89324729496991     
   158.08043217328975     
   154.73047274199072     
   151.44915784851895     
   147.88194045213794     
   144.64448219692014     
   141.76065967986267     
   138.48601846808111     
   135.55445582347932     
   132.89421845460305     
   129.66863499951319     
   126.64926386445801     
   123.91947238928866     
   120.95908014858182     
   118.42163429854503     
   115.73202839351643     
   113.26464936902964     
   110.74876125185638     
   108.48308639123155     
   106.17025453031377     
   103.73295486462477     
   891.76335249966291     
   865.28652565040716     
   833.32313740005884     
   805.82718935999719     
   780.56624832770194     
   759.75436095099406     
   742.11160684726087     
   721.43309267347627     
   704.15864565621462     
   687.99326979744603     
   673.47293949414598     
   656.00604542655185     
   639.42944187556600     
   623.02072006752792     
   608.60604347088179     
   592.94059687174274     
   579.73465727841369     
   566.52866212191748     
   553.77661703860349     
   539.77754887676178     
   525.62618663721162     
   511.78870555122955     
   499.96011662959285     
   489.79583579201847     
   478.94231529666888     
   469.02360296110930     
   458.70221880055129     
   446.30573709298767     
   435.70631141151864     
   425.35428950390485     
   415.25962941987632     
   404.91179998698908     
   395.12282952249529     
   385.49598395625321     
   375.71190360896605     
   366.15150314854429     
   356.99227761059507     
   348.93999738553362     
   341.09201723661090     
   333.43580000774591     
   326.21212768910016     
   320.01502923172256     
   313.26581258559645     
   306.30832525896437     
   299.43873310868014     
   292.68880640460281     
   286.61107940767312     
   281.29738803721233     
   274.87156492335612     
   269.20296810752683     
   263.19984814287614     
   257.39068037221631     
   252.44366137949856     
   247.55040447476523     
   242.94765487526627     
   238.09394564248055     
   233.46882219549963     
   229.23061884439755     
   225.22568777904891     
   220.59009422675902     
   216.81936729143490     
   212.94256665905988     
   210.10666444787765     
   206.06700842546914     
   202.74456179666439     
   199.16307863421736     
   196.17136746487580     
   192.98212782275516     
   190.12260723421113     
   187.14681389300375     
   184.72511831891137     
   181.87760956433064     
   179.71095839965562     
   177.16122634727211     
   174.96098422842539     
   172.14029691017726     
   169.77310458640656     
   167.94565113553242     
   165.30356592753500     
   162.45037887083706     
   159.47789395895947     
   156.32226827214487     
   152.57767141065381     
   149.16803041356764     
   145.93817546202612     
   143.08538742256849     
   139.80107578398241     
   137.03919529706320     
   133.72641367866100     
   130.63413183660333     
   127.74625316140342     
   124.93393998939840     
   122.12222261576665     
   119.25515764223343     
   116.54049991772898     
   113.97345005897631     
   111.62699515403264     
   109.28809060787957     
   106.82020430345837     
   104.63567514910221     
   894.00891913864461     
   875.58090397644878     
   853.98259427964376     
   827.65623684066566     
   803.52128088758479     
   779.17987109640228     
   755.17041572527683     
   735.06758920731681     
   717.50298464414175     
   700.09149904860089     
   681.25455763905018     
   664.01259098338323     
   647.07599111693412     
   632.03406392473107     
   617.86631124028861     
   604.38938649996976     
   588.97440442707466     
   573.61260274854601     
   558.23330268252505     
   545.69212858384867     
   534.65030729384114     
   522.63794227330868     
   509.46071349415854     
   495.72796830938876     
   483.00643969803343     
   470.48336706987590     
   459.25777918701488     
   448.75604163818480     
   437.44477109069157     
   426.27434137881244     
   415.23451240610746     
   405.97073781187282     
   397.06134201210989     
   388.29309216170060     
   379.48412071020493     
   371.13392976657474     
   362.88223797654950     
   354.33652923809098     
   345.97707739071694     
   338.65737114876879     
   331.22846209720382     
   323.97716764701511     
   316.74061914625560     
   309.98611903205511     
   303.41460382236397     
   296.81118103619917     
   290.82139118146284     
   284.40227559625959     
   278.07917739469997     
   272.15526619235567     
   267.20174155120520     
   261.59179716567320     
   256.38347738741999     
   251.54468440994299     
   246.45336647663527     
   241.95363697757415     
   237.19109881234937     
   232.77155630925253     
   228.45688992643525     
   223.62469658755413     
   219.77078215073476     
   215.67329597663763     
   212.59427814609464     
   208.58338724852118     
   205.15956021239350     
   201.74620852864430     
   198.83627074885155     
   195.39968642103435     
   192.73406419875619     
   189.64159398328832     
   187.03868388836528     
   184.36217469739793     
   181.64865401581253     
   179.37356439952327     
   177.08331774702592     
   174.32664012006737     
   171.82319150360661     
   169.81432597775975     
   167.44197943764476     
   164.44759230428483     
   161.61297150787377     
   157.91530944947053     
   154.18390354168099     
   150.94728370635846     
   147.82385782519026     
   144.64044307769319     
   141.68121064654338     
   138.42831026773007     
   135.41080510069136     
   132.21721394643561     
   129.27072649418835     
   126.15487444815105     
   123.22906458375058     
   120.61353468450795     
   117.93529716637349     
   115.25976301946878     
   112.71054119225215     
   110.19504922675449     
   107.82813894584825     
   105.29866010133235     
   900.82177653623035     
   876.98252077541167     
   859.58097034549019     
   839.76076731717615     
   815.03676154672974     
   789.36515242868529     
   768.46201755994502     
   749.39676030486680     
   728.43049181670722     
   706.68664801487262     
   688.11041540631254     
   671.32161390864019     
   655.87392396659277     
   638.71797570415424     
   622.30401562483075     
   604.80238369316885     
   589.85266939329244     
   576.95467558571420     
   564.16776413472087     
   550.08533734117782     
   536.37021639249826     
   522.76852525464221     
   511.14497148825006     
   500.18765857864702     
   487.39149326163528     
   474.94683262501309     
   462.76025837934873     
   451.45257729239506     
   441.91571480310017     
   431.39447424808293     
   420.81566081964729     
   411.11410223584301     
   401.59582124640502     
   392.60932345299875     
   383.66928272819428     
   375.02200651866298     
   365.86443620732365     
   356.92729834255908     
   348.59390452561888     
   339.97238543919195     
   332.89181723586432     
   325.54552098683905     
   318.35786086912628     
   310.75189781235764     
   304.27041274023793     
   297.66394394476868     
   291.18438546207966     
   284.54247088464336     
   278.90248087512248     
   273.34301584626331     
   267.56199239308211     
   262.52966112730087     
   257.15406488007420     
   251.48696735190089     
   246.35091997878089     
   241.51476683029236     
   236.94600525065954     
   232.50768089154639     
   228.12731275481934     
   224.08447769578140     
   220.05070528315787     
   216.56544187796865     
   212.93745938304059     
   209.21225193123564     
   205.90690120902519     
   202.68062913603154     
   199.63994019881966     
   196.28081738762228     
   193.26353896440258     
   190.29807626296738     
   187.68163453013352     
   184.74176343068993     
   181.99420143122018     
   179.62834078577413     
   177.54568330061849     
   174.95938345569874     
   172.91953448595055     
   170.61156302567463     
   167.97246502853116     
   165.17363703434216     
   162.39492851179489     
   158.90813586647096     
   155.05645500542985     
   151.48653206849218     
   148.36749261252220     
   145.29448276272646     
   142.03975347374814     
   138.99367687722781     
   135.56794768824105     
   132.39262166344000     
   129.04222925767107     
   126.16428283578557     
   123.22587716713159     
   120.32181661387696     
   117.44565991068073     
   114.91122440656586     
   112.33387380569751     
   109.67107696874402     
   107.01046050850074     
   104.44704324720374     
   908.68039363400317     
   888.78473375683325     
   862.56035436279194     
   841.18234649347676     
   822.52620262259472     
   803.37396360084961     
   779.81164929507258     
   755.30773983054382     
   734.85364722058421     
   717.00745208574563     
   697.86632749711760     
   680.11239739994744     
   661.80272945536205     
   645.94229341067512     
   630.40499565582832     
   616.56937548045482     
   601.73877220525708     
   585.46052092503612     
   570.60696400625568     
   556.56259471216413     
   542.85017762659106     
   528.52623622234546     
   513.87723950789643     
   501.03674085661078     
   489.56539649993044     
   477.52153539948716     
   466.90379648359038     
   456.00160229351286     
   445.64709944436947     
   435.49853373736028     
   426.22210081863847     
   414.94939052520590     
   405.26015942832339     
   395.20861644131577     
   385.37511549343532     
   377.02620449244847     
   368.50549750283523     
   360.33025614586467     
   351.98601940879308     
   343.63242809754348     
   335.87446883305000     
   328.72672313934794     
   321.09280666792199     
   314.18598441202312     
   306.85664437093749     
   300.64512741314047     
   294.39638264920433     
   288.16326694954739     
   282.00501124722626     
   276.59426064084198     
   270.63052461648630     
   264.70876438550823     
   259.90968816819264     
   254.43133269859607     
   249.13588149351648     
   244.91311030644661     
   240.22573294413365     
   235.63541978178478     
   231.27075079094413     
   226.69109411769074     
   222.64672429835599     
   218.38515179329949     
   214.31322518171925     
   210.48382347454492     
   207.94625735365406     
   204.09912833738352     
   200.72915749217887     
   197.37283696054226     
   194.69509948739145     
   191.80569345919596     
   189.33651649377200     
   186.27462343749619     
   183.49676341463129     
   181.13628112553744     
   178.91746078386308     
   176.33744078961402     
   174.15256508977228     
   172.02393964796451     
   169.44996779582306     
   166.78665873721712     
   163.61101647494343     
   160.40252955750316     
   156.33291750056486     
   153.13026192209924     
   150.13657278989294     
   146.74394538189259     
   143.05176686838990     
   139.82984668528331     
   136.31507701502406     
   132.90771270196208     
   129.59259426294091     
   126.47066371556710     
   123.28631249553975     
   120.43296257061397     
   117.65603200376499     
   114.77049445818756     
   111.97138243894193     
   109.23602327844776     
   106.63829993661940     
   104.01200986558783     
   911.28292897001052     
   888.08435727246990     
   871.02014747183466     
   849.06704007482460     
   828.19008432320368     
   808.03406992042630     
   788.12466734387658     
   767.29291797291319     
   746.81184033901877     
   726.18077929178730     
   707.35848884971017     
   687.54642032169340     
   670.63740364938099     
   653.57393362186872     
   636.24423860291483     
   620.63178086593325     
   605.55855549477656     
   590.93278856772406     
   575.92967035946162     
   560.32089070379209     
   544.67532453572608     
   532.86967454326316     
   521.04486293182640     
   508.54311353715303     
   496.49785655108894     
   485.26581436004608     
   472.96125473348701     
   460.86648583682853     
   448.91608551134368     
   438.64880749116600     
   428.41533947336620     
   418.12809642137495     
   407.92786188267638     
   398.29670524237883     
   389.27887765351170     
   379.77313916971781     
   370.37570736709944     
   361.81374868814567     
   353.25970741349028     
   345.67800412757327     
   337.84674843726737     
   330.01108024525388     
   322.00625229275653     
   315.06513943824348     
   308.00117288190484     
   301.41799584009203     
   294.39182582685680     
   287.66864342091037     
   281.81786175400970     
   276.04872779313467     
   270.34607303229416     
   264.39145854193674     
   258.93707623389770     
   253.97794680012612     
   249.12775521185529     
   244.05366387534744     
   239.50852225758450     
   234.95638486658626     
   230.45747094573687     
   226.74513048815444     
   222.80566888882004     
   218.93335211236649     
   215.07906388390950     
   211.48492925799525     
   207.97708728087281     
   204.46155032766166     
   201.28370239037449     
   198.39952716984510     
   194.95315265811070     
   192.32743952275078     
   189.69683435236703     
   187.29771496140040     
   184.64443293402917     
   182.17819150127559     
   180.11737387716181     
   177.89596161138155     
   175.76418122469707     
   173.27258859830516     
   170.80935699276620     
   168.01829893153351     
   165.21440993849572     
   161.66289450537039     
   157.91583044326700     
   154.55614989859970     
   151.24517241981385     
   147.37332924209935     
   143.89966013910615     
   140.06864868572180     
   136.29714091481497     
   132.74467177651547     
   129.31178265389923     
   125.93973537146758     
   123.11413769238931     
   120.02554146446121     
   116.95699390347181     
   113.95737572519184     
   110.97161406908674     
   108.07095847351685     
   105.36230053517602     
   102.59755663875700     
   912.10969340457223     
   893.51122286052862     
   869.82727072296768     
   851.45032800374690     
   830.67502181080295     
   810.93158463867496     
   791.06019122805890     
   773.48183946200743     
   753.91052316825403     
   732.37071707159589     
   712.55306959243671     
   694.94473347288476     
   676.84343065686562     
   659.95742382240837     
   643.09645942221266     
   626.06725549054568     
   608.81189099774906     
   592.73241826933679     
   577.98655851717831     
   564.41442759141773     
   553.24952326940002     
   538.83133795705567     
   524.93496509243698     
   511.88942241502474     
   499.79082318745856     
   487.96431489887198     
   475.94642378040191     
   464.19365843517619     
   453.15440165251891     
   441.82635544495940     
   430.94710708717469     
   420.48599833161848     
   410.51044242225896     
   401.10937846983643     
   391.98848839264110     
   382.76840512726557     
   373.50821911016840     
   364.65284855196751     
   356.26545243535554     
   347.61037465156176     
   339.74990826918827     
   332.22166704265851     
   324.75218757421834     
   317.61325397686096     
   310.88331047463163     
   303.75287929788487     
   297.71972031270673     
   291.34556806869193     
   285.14140539048680     
   279.85882789867748     
   273.96936698750199     
   268.02156118912774     
   262.45603245528309     
   257.12595316062738     
   252.26842629051308     
   247.65047504635132     
   242.65239853673830     
   237.72397105509759     
   233.59311419442241     
   228.96194330369121     
   225.21821168852492     
   221.17692247410116     
   217.16154247767113     
   213.18228497762877     
   209.88980950354022     
   206.92032608068985     
   203.53999045754711     
   200.61115169648380     
   197.31168532759727     
   194.24359278520032     
   191.30147171578801     
   189.07727506795382     
   186.06989419183668     
   183.60574321621147     
   181.66482255580388     
   179.12897180058312     
   176.77371031783537     
   174.77225561349226     
   172.56236419186914     
   169.36850995356821     
   166.74469820638788     
   163.37892007191704     
   159.00670506550827     
   155.55370200207054     
   151.77732299126180     
   148.33005827501287     
   144.20578522469827     
   140.04891859996846     
   136.23034534988113     
   132.29506288416621     
   128.56657117587787     
   125.00903855573166     
   121.75101685660795     
   118.30720131671805     
   115.12712405115555     
   112.01654243153973     
   108.94663333114505     
   106.13216905748190     
   103.16256433365852     
   100.30520170486224     
   919.53058103190415     
   895.11807648728541     
   878.10701599682398     
   856.34433301218814     
   835.56281444025990     
   814.64118351773993     
   795.79580615111638     
   776.79441300053816     
   757.46081731182380     
   739.51568164046535     
   721.48883513593705     
   704.17514127784466     
   685.76055894072692     
   667.22876212337655     
   649.44174842357961     
   630.71573740204894     
   614.91725152066010     
   600.60776494481217     
   585.35087575112448     
   571.94034295845756     
   556.39270923848051     
   542.57331588316561     
   529.97985928738660     
   516.30502644888861     
   503.94491541027321     
   491.64069472872723     
   479.01088024160845     
   467.43365580389411     
   456.54354220032053     
   445.16862125494350     
   434.23788584213742     
   424.16484310871721     
   414.33944781251233     
   403.60899672571441     
   393.84310675720053     
   384.86974825188952     
   376.62791185034962     
   368.53982404060986     
   360.13242352284982     
   352.28105233383400     
   344.22241633376768     
   336.68622380478200     
   329.53222334632329     
   322.33047218922638     
   315.14466635867353     
   308.36901795661282     
   301.70895410054317     
   294.95674916676001     
   288.40768399453214     
   282.60737738414480     
   276.67160615507305     
   270.97179013121678     
   264.84335883336746     
   259.85707598399136     
   254.87643779462985     
   249.94811075258573     
   245.12887691028055     
   240.01840906123934     
   235.61767559871859     
   231.09137101545005     
   226.75168574392373     
   222.53643064332545     
   218.35926090767231     
   214.64287749222444     
   211.20648411937935     
   208.21551769829185     
   204.66734124148275     
   201.45466717358744     
   198.37244746101737     
   195.24940105803296     
   192.56610024771339     
   189.96300797077629     
   187.17061321511798     
   185.06417301264364     
   183.04267861146880     
   180.80475421855598     
   178.38087251789477     
   176.16807021106462     
   173.71748398264069     
   170.75284236803782     
   167.73807521306418     
   164.61029768847851     
   160.35879952124540     
   156.70262029943146     
   153.03160115094528     
   148.96681027635287     
   144.15040318726983     
   139.41293277102565     
   135.20991491936138     
   131.03763919943674     
   127.35451605593244     
   123.32208994319672     
   119.47522205794229     
   115.80739414323664     
   112.59805584512053     
   109.32737396658294     
   106.14013636128507     
   103.33111585434946     
   100.13400552706240     
   96.981194145786162     
   925.58634159771589     
   905.17656157797796     
   879.34135282186935     
   855.60297540093495     
   835.84568472946796     
   819.50766410751817     
   799.90385406986354     
   780.24691023222226     
   761.14263131921598     
   744.44939941568100     
   726.92439575366848     
   707.39235728930089     
   687.15239358709846     
   667.80620955529014     
   652.00685452231551     
   636.59045448203426     
   621.53759045652168     
   606.16288180556830     
   592.42340344845729     
   576.84095398945487     
   563.36940931937693     
   549.69873479075272     
   535.73005401451303     
   522.78903251628822     
   508.74741333673501     
   495.07832774617503     
   483.33924836170434     
   471.75756096281776     
   460.39757530462600     
   449.17280196981142     
   438.75456183814998     
   429.17013217171581     
   419.67590307521004     
   410.87323007255259     
   401.07922615778187     
   391.28225284419284     
   381.19407607199207     
   371.99191147296671     
   363.50095401665209     
   354.47491612707501     
   346.30695776587658     
   338.71293023135365     
   331.21230285093407     
   323.12034623232859     
   316.04339179455332     
   309.10493891235427     
   302.07196238245865     
   295.43636762130592     
   289.10683078553348     
   283.42452331839041     
   277.02804658218656     
   271.69414592952455     
   265.59675886523672     
   260.15918181668093     
   254.79832770447248     
   249.46724930045019     
   244.45457769839146     
   239.46650713326565     
   235.22565017193696     
   231.15232663426366     
   226.80665094423875     
   222.81382769992592     
   218.85056912335776     
   214.75327971707233     
   211.43187057533169     
   208.00401179219449     
   204.28125008238413     
   201.24826719877132     
   197.98274505237907     
   195.22244483455444     
   192.28882377874598     
   189.77795995873262     
   187.46396115687659     
   184.71504975479812     
   182.83419081566188     
   180.81703418317619     
   178.34345434937796     
   176.08135013378575     
   174.18513095968680     
   171.79734041728685     
   169.06092550764731     
   165.19185661089523     
   161.32007215800905     
   157.23462867162706     
   152.83063304545419     
   147.82858612048742     
   142.90139760823598     
   137.66673049240100     
   133.28431123484830     
   128.77174269136384     
   124.37828802076685     
   120.11617443282270     
   116.18446133097700     
   112.33697291939589     
   108.83672166975950     
   104.98592296048602     
   101.66576463455968     
   98.440894612541044     
   95.358470681043400     
   92.065139623175796     
   925.90838614323411     
   902.16815455984886     
   879.77323909649147     
   861.18827353030713     
   839.85077554883480     
   817.57901525616819     
   797.85366239910172     
   778.19293057240679     
   761.21495094423051     
   741.85848308086793     
   721.59856551010103     
   702.44707157649918     
   686.63591369143114     
   672.10058637731197     
   656.62970981465071     
   642.19944950999502     
   626.86754516699170     
   611.27950043320448     
   595.48378793640609     
   579.53028445126165     
   565.04741914160479     
   550.68661193280286     
   538.42353163310065     
   526.06311811229943     
   514.20212431817708     
   503.80457251297565     
   491.88902892149872     
   480.76661897616486     
   468.64965605360436     
   457.55375912212395     
   446.37339487391887     
   434.40879796790438     
   422.69132586955044     
   411.71937191817130     
   401.90895894870761     
   392.62785506927582     
   383.56944370185909     
   374.12282630334050     
   365.22322165365068     
   357.00120599411139     
   348.10313909912759     
   339.69278118295250     
   331.82664213684450     
   324.52282294764052     
   317.46014222093208     
   309.90937295157858     
   303.30925454288820     
   296.49444285907850     
   290.18439137366897     
   283.78141410293722     
   277.47003815841396     
   271.89830105711496     
   266.41126964377389     
   260.75047154829156     
   255.66033054508546     
   250.62852038482021     
   246.18420462541425     
   241.46180841960378     
   237.02728152739911     
   232.45771633467123     
   228.09932115100253     
   224.23185879976594     
   220.27686103604202     
   216.53794688281516     
   212.46203642313037     
   209.35761552020347     
   206.07241299040635     
   202.94517068152840     
   199.87658163866098     
   197.10691430713112     
   194.07921025294780     
   191.22505322373669     
   188.88478510991979     
   186.70522205683739     
   183.96456120231957     
   182.53200976289381     
   179.86386960893728     
   178.04575471588475     
   175.58041586070749     
   173.23664451496262     
   170.12779317395845     
   166.61848125938775     
   163.14702851770957     
   158.32935441319486     
   153.75749181470991     
   147.98019129057124     
   142.05508264776390     
   136.64965333401938     
   131.23352598869909     
   126.37864789605599     
   121.24561404108832     
   116.61243327749159     
   112.48962588139257     
   108.27596223048864     
   104.05578348122656     
   100.43195623455136     
   96.791382111061026     
   93.116189636485871     
   89.892072022085074     
   86.661944623181796     
   930.14555571936830     
   905.39290420232965     
   885.54259412846511     
   864.18486729818210     
   843.81586119558085     
   820.18790259904495     
   800.38896479462301     
   782.68259933122090     
   762.36218732664531     
   743.28333434351623     
   727.07928661168535     
   712.01760634245306     
   697.93706102954491     
   680.81116979389662     
   663.53636090695977     
   645.80915661150152     
   628.35589648405335     
   612.83862031339845     
   597.68854070320572     
   583.87589504873426     
   569.67777151964128     
   556.30112096768096     
   541.55397459417975     
   528.44862263668585     
   515.28872170337547     
   501.89016694697727     
   488.95317425148119     
   476.73068999405746     
   465.71606535256603     
   454.67878465492930     
   443.47322367159438     
   433.39472742662917     
   423.16566570236438     
   412.86150847268840     
   402.31628915687787     
   392.60556816824106     
   383.48087868182182     
   374.62623339198581     
   365.44896974711662     
   356.93083778506218     
   348.93364154907243     
   341.20824646717347     
   333.41484377647180     
   325.76597126213431     
   318.44779901649719     
   311.69227835393781     
   304.78498278327316     
   298.32741476618685     
   292.01092973835966     
   285.37137836253595     
   280.16594685962815     
   274.27348465867260     
   268.79311709246679     
   264.13031276236217     
   258.52464015630835     
   253.15754197623036     
   248.47362780979682     
   243.19352040044762     
   238.56695366626855     
   234.08957564720293     
   229.95278564757498     
   225.92667187250413     
   222.09054180522838     
   218.21351786538915     
   214.31731584148582     
   210.79271300495250     
   207.62907808018116     
   204.01992972731819     
   200.96523932867743     
   198.22773246442330     
   195.29780368161647     
   192.43419893291008     
   190.38521068606232     
   188.09264394037751     
   185.38541077218827     
   183.23133611212813     
   181.36651952345500     
   179.30745097475389     
   177.33055807261627     
   174.78975061533441     
   172.02500066178527     
   168.36711005750391     
   164.69804118058201     
   159.65006781401058     
   153.50551871960056     
   146.55998107868871     
   140.37051939798368     
   133.86687324601138     
   127.80922856015803     
   122.18866139176868     
   116.96165558340243     
   111.95991429353131     
   106.81672068439707     
   102.64965876343571     
   98.481552180611871     
   94.576262784992835     
   91.180649012508837     
   87.601486701356890     
   83.940529168790491     
   80.398266259890875     
   932.39158918500289     
   912.41016985479268     
   888.35575706288728     
   866.39652382268832     
   845.05595034464079     
   828.36681236469622     
   808.55716226369202     
   787.14679379137749     
   766.46741452285039     
   749.52794751539727     
   731.03461379883856     
   713.87113164903406     
   694.84372570788821     
   679.69728294375909     
   662.99391815561489     
   647.00401853732660     
   631.23865152957512     
   615.63413146505172     
   601.45589739583306     
   587.35764628275069     
   572.81811543584320     
   558.93896933238193     
   546.13171327221062     
   533.21575428974438     
   520.34556921450144     
   507.28994329436557     
   495.55397090531233     
   482.73359227289927     
   470.79593087527951     
   458.71094472522350     
   446.94564269993668     
   436.25149732976178     
   426.09929196274595     
   415.93050370098541     
   405.99701856689700     
   396.31569053727299     
   386.78051284114883     
   377.38540644312604     
   369.21060900239439     
   360.70185239793983     
   352.34353584272196     
   344.33180269457307     
   336.34997607177849     
   329.00313477838313     
   321.29403734931594     
   313.98958816033200     
   306.83801283235317     
   300.20044889540708     
   293.43294994591480     
   287.20835021925603     
   280.55221481171719     
   274.37426574680552     
   269.10512899456938     
   263.73189621558436     
   258.28017993431069     
   252.52695094805580     
   247.72799113722334     
   242.79690182498604     
   237.88648423512879     
   233.78696408963475     
   229.51291163179548     
   225.48895875182669     
   221.51136124725770     
   217.88146611897949     
   214.22313465615508     
   210.38910605000538     
   207.05079030987005     
   203.70656745638533     
   200.73962317237743     
   197.60426703527969     
   194.95085979057319     
   192.51910816108420     
   190.69966340854509     
   188.11872730554836     
   185.87783254152512     
   183.74468326432842     
   181.62739638844215     
   179.72414975706536     
   177.72531205525905     
   175.56479713899972     
   172.65096498715701     
   169.55305763027835     
   166.33296933697417     
   160.11034995701917     
   152.53521987421195     
   144.14925144929708     
   136.58990142597415     
   129.53737130159092     
   123.35675959168012     
   117.20653997477970     
   111.95700156963986     
   106.42607814924415     
   101.04358101926647     
   96.775632398497294     
   92.633195094284716     
   88.258422516540975     
   84.617059008328638     
   81.347023141686179     
   77.658587513669417     
   74.005626823346816     
   935.09211317874997     
   913.25804025311061     
   891.67378219369903     
   869.26646631137714     
   848.92617577142619     
   827.98175629536399     
   806.58964665635756     
   787.06254384332976     
   770.05771774579352     
   752.91278548921196     
   736.35670986753030     
   719.20035283693846     
   700.19901645593984     
   680.72361646116769     
   665.07770650737098     
   650.56459347385953     
   636.71687802390863     
   622.44641489945150     
   607.97783976022754     
   592.18961507058941     
   578.15998851802658     
   564.24449832806158     
   548.81573087357526     
   533.88976027696708     
   520.27941007025197     
   507.61011129124665     
   493.97235910193729     
   482.02825072397081     
   470.22292337448630     
   459.03364990984130     
   448.79304293721663     
   437.32478427071561     
   426.63956855949715     
   416.20972144599449     
   406.76437952976880     
   396.58418415381499     
   387.03429538756677     
   377.44652387159033     
   368.12827545839127     
   359.55008532334733     
   351.24892104410992     
   343.18855545121039     
   334.84372761366183     
   327.28288103270461     
   319.86465703666329     
   312.60282335730494     
   306.23504968386607     
   300.28555570009269     
   293.63719338445384     
   287.34096352071606     
   281.46432939889200     
   276.02531423338689     
   269.92623221311038     
   264.44884236054907     
   259.47350711848532     
   253.87396823088170     
   249.07695762716128     
   244.28244841850363     
   239.79099879780696     
   235.03798218306878     
   230.63859389319376     
   226.46443718724572     
   222.67018812698791     
   219.04109594862149     
   215.19716788693779     
   211.63154501776563     
   208.38141582265044     
   205.21001509137511     
   202.06010862084867     
   198.63552424996089     
   195.87377245474883     
   193.51444793517931     
   191.33238127403058     
   189.11852067781206     
   186.82284063857520     
   184.80619621846557     
   183.05097402270820     
   181.09195712965658     
   179.40712571853135     
   177.58057919257911     
   174.80071559626140     
   171.67834774162128     
   168.37771258802854     
   160.49798505017719     
   151.55487098337085     
   142.72535105855644     
   134.21279040053412     
   126.64345900998879     
   119.27693176007807     
   113.24865160983629     
   107.03626057969171     
   101.64341279319757     
   96.676278403194146     
   92.266337718875747     
   88.040270394101768     
   83.979029244284476     
   80.316175295471567     
   76.949769731758153     
   73.251694743271287     
   69.440171478679829     
   940.78912711205589     
   913.87024917015447     
   892.15400969203586     
   872.12054924625795     
   848.71517903682843     
   825.05571301388409     
   807.30260733252726     
   789.05448389791547     
   771.17726608842054     
   752.82085565590637     
   734.17261058329677     
   715.33701634951603     
   699.66799064966256     
   684.31144576218333     
   668.68867145032993     
   653.40975384430567     
   638.49774714432965     
   623.66433390070165     
   607.76067656584598     
   592.35367860391500     
   576.90272238391310     
   562.40434268538866     
   548.41704303377833     
   535.04133871652130     
   522.00618504825775     
   509.36509124673296     
   497.19673337360143     
   485.72402545653216     
   473.52035320557212     
   462.53678152056409     
   451.61131980481002     
   440.46669325584168     
   430.28378467517217     
   420.66677614447326     
   410.13807328118003     
   400.05351931979237     
   390.37595161187807     
   381.41484110477256     
   372.63723785149153     
   364.16006973444865     
   355.73920783030991     
   347.91263242408036     
   340.34196522523598     
   332.14056978500736     
   324.05932790778093     
   316.49745442444686     
   309.00125322532637     
   302.10295786867471     
   295.55453280706990     
   289.04466929504594     
   282.99394797965823     
   276.75503062120737     
   271.49596541987535     
   265.65294048684990     
   260.31836872964249     
   254.98116130348723     
   249.91902278352697     
   245.17165321194807     
   240.49372120904917     
   235.04583055541141     
   230.95366514021305     
   227.03014452406370     
   222.73639374026004     
   218.86094894237181     
   215.15406129067139     
   211.71539993502836     
   208.34087928098540     
   205.41280279842530     
   202.31300167486643     
   198.76084272134500     
   196.33809330811769     
   193.65318171716541     
   191.63621832984131     
   189.00080379095093     
   186.75081602433841     
   184.91847545809586     
   183.35411171944421     
   181.70445832953277     
   179.88651554363574     
   178.60945249555868     
   176.26464927563018     
   171.66928416977606     
   165.07710784074118     
   156.61368398235439     
   146.87423277826417     
   138.04052602956926     
   128.95891252796051     
   121.14240090975107     
   114.54874909874573     
   107.77574160868888     
   101.64440696997929     
   96.847772574117556     
   91.679695187839172     
   87.696819976127145     
   83.157620453313768     
   79.396221520527831     
   75.488483195364680     
   72.262131912266639     
   69.406257614424945     
   65.861957437729572     
   941.76874311744314     
   920.61799568998299     
   897.01851940512529     
   871.61525553117360     
   851.26951742929134     
   833.07036740583044     
   812.79804677006450     
   793.65270000319549     
   773.93279590622421     
   753.59372676795783     
   736.23994317638767     
   720.34994946584584     
   705.09084797756873     
   689.89363275220899     
   672.73140289556068     
   655.01999640117720     
   638.04116466880896     
   620.84051661996853     
   605.71099247225879     
   592.33461064659093     
   579.19595371029720     
   565.38139984944314     
   553.13888273170267     
   539.69275988420509     
   527.67193365223545     
   514.51454191501250     
   502.07962897723837     
   489.35797654683472     
   477.62146665541746     
   465.48330475574096     
   453.26946470679303     
   441.79542168377856     
   430.45334020514815     
   420.59912443984996     
   411.01162167416726     
   401.56468500024289     
   391.64716622035087     
   382.06957438866846     
   372.58460293463662     
   363.75315170838843     
   355.49791966626685     
   347.44072706114639     
   339.38399380210109     
   331.96225844062155     
   325.11022822934893     
   317.28040971478833     
   310.32901554572663     
   303.75119406001721     
   296.97668709910386     
   290.80324912637553     
   283.88836749526047     
   277.70663414203062     
   272.15180610525306     
   266.30534430098595     
   261.02678376698361     
   255.43200263662575     
   250.44003483820592     
   246.04168254190125     
   241.73277029669737     
   236.24838711142340     
   231.73353979200007     
   228.21797368046759     
   223.80629270187808     
   220.18396148414672     
   216.56591178979650     
   212.69462502143654     
   209.59416236114714     
   205.99415442455165     
   203.13287272547683     
   200.32152418019211     
   197.50350571769016     
   194.66644441426257     
   192.33424244000258     
   190.36141005571926     
   188.24022179009117     
   186.09135063339340     
   184.68948993409830     
   182.99989943035672     
   181.30303902654757     
   180.10457148665748     
   178.33259437927759     
   174.67027389604965     
   166.30778006440596     
   155.88358544676566     
   145.44660743109932     
   135.73302343468515     
   126.17058157210818     
   117.71136401691221     
   110.99350337257444     
   104.76810207459955     
   99.239084949131012     
   93.951665258016178     
   89.360849705808803     
   85.118087276970442     
   80.757982429520013     
   77.077381315807060     
   73.841759303687667     
   70.169423772403661     
   66.285493438933258     
   62.944172481994421     
   941.46308612311896     
   917.19002645510375     
   892.97551864975208     
   870.66167262354440     
   848.12726925279981     
   828.99309091356804     
   809.40934629952676     
   791.11630592763004     
   771.44479147225240     
   755.52333455727342     
   738.42862312073657     
   722.33505018124140     
   704.71203934841299     
   686.51252623920902     
   671.53736178303063     
   656.12357182610731     
   640.66074395170449     
   625.17888030251015     
   609.74678769736693     
   594.30086482492243     
   579.44888510643432     
   566.28410004457567     
   552.15232359675952     
   539.94734376530505     
   526.59848096173459     
   513.89761785786322     
   501.01588707438657     
   488.73101955119790     
   475.88473095179074     
   464.56197614631731     
   453.13148951008486     
   442.94455952230021     
   432.51430082844371     
   421.43233098758242     
   410.32088904950103     
   400.70401402789958     
   390.43592901188038     
   380.83960292143286     
   371.82425477451363     
   363.41653870768846     
   354.38173895048408     
   346.22601612715897     
   338.19071269256835     
   330.16190371968992     
   322.12831066037802     
   315.06426314734506     
   308.26025990125754     
   302.08786521276431     
   295.80497126213248     
   289.39751009506728     
   283.24965774361851     
   277.42982499037845     
   272.00899359590346     
   266.69094924249259     
   261.56852219087938     
   256.21778386342555     
   250.71882855709458     
   246.19435865764248     
   241.89492023367265     
   237.55469317904348     
   233.26266105929383     
   228.94177229819451     
   224.98015833828205     
   220.99706950745195     
   218.00006734150998     
   214.03461409382516     
   210.59944281636388     
   207.09263385259081     
   203.91522911503222     
   201.35930406852384     
   198.31075279009366     
   196.01725671347208     
   193.48382641186811     
   191.25268546567585     
   189.14050749222230     
   186.95806952172865     
   185.40156021786530     
   184.04198173372606     
   182.34728310139411     
   181.16938582603888     
   180.12184752716755     
   176.90652596271465     
   167.32423449344063     
   155.34787886352564     
   143.88758483118448     
   133.43253431796612     
   124.29016697835274     
   115.81077557045630     
   108.24923625827887     
   102.05411450395916     
   96.416169579963821     
   92.081548330745505     
   87.027072826046435     
   82.525450973316325     
   78.740355202668809     
   75.622638114025278     
   71.805021351726339     
   68.284098602655504     
   65.130757973400463     
   61.277901796239263     
   944.11318402411064     
   919.43977816421966     
   897.31148322915510     
   878.02855826990015     
   858.41444783713189     
   836.41883139386618     
   815.73162342833029     
   794.14331479234465     
   775.88840731914172     
   756.23642387368477     
   738.24859402867605     
   719.19210385582483     
   701.10373676191443     
   684.44184169851428     
   667.66558485426572     
   652.34574568113453     
   638.13647408095142     
   625.19717028739024     
   611.94842494704847     
   598.68305967440813     
   583.63604930492920     
   569.81551177302504     
   554.62762511628750     
   539.66746843576777     
   525.68026608312221     
   512.26317143805647     
   500.78000867434048     
   489.70380614184398     
   477.79009143039895     
   465.06416437065354     
   453.28299106593920     
   441.67251294771961     
   430.43086021287877     
   420.06231340045883     
   410.88661973053036     
   400.76050503310091     
   392.09617251998856     
   383.03667192790942     
   374.03906421915019     
   365.48903223216894     
   357.06678451554239     
   348.87772483442308     
   341.22472444320130     
   332.83340185922407     
   325.68693382685541     
   318.54225970843589     
   311.64378449513015     
   304.75238886108423     
   298.10767541190279     
   291.06522898201422     
   285.36342131557763     
   279.42254129543784     
   273.20044906281049     
   267.46831832785313     
   261.59320661035679     
   256.11072740874215     
   250.86402834695122     
   245.76723340681227     
   241.31469683538984     
   237.01388100413405     
   232.60321223809265     
   228.63118079154637     
   224.58537571895513     
   220.27430580980612     
   216.83775330345316     
   213.37032399582012     
   210.07023014626751     
   206.90155878783878     
   203.75276776380633     
   200.80550620672784     
   198.03630210531250     
   195.39550609901968     
   192.86717624852190     
   190.41461656407790     
   189.26394343939319     
   187.28456452924888     
   185.77144092948953     
   184.39582306551898     
   183.10448215494571     
   182.38348504327385     
   181.70073346317409     
   179.47506182823412     
   168.37185212058625     
   155.08170290651665     
   143.16550072415839     
   132.38648725380486     
   123.41408894346948     
   114.58329216936855     
   107.44301824689410     
   101.26773464220328     
   95.395796635495671     
   90.294017039983828     
   85.243679912685209     
   81.640844841159876     
   77.623166005588629     
   74.686517141111125     
   70.876724486911442     
   66.708282715550823     
   63.055786117634767     
   59.695764420855973     
   946.14943047721340     
   923.82029228858960     
   900.86902427023688     
   879.44025970678035     
   856.48592818506086     
   833.55508068152847     
   812.75046723473520     
   794.55591178443365     
   776.19587220021242     
   758.34897158060789     
   736.70151162170032     
   716.47170526591890     
   700.97888377094705     
   685.94256455740901     
   670.01814835167067     
   653.56459621994748     
   637.58286092566334     
   622.68542433707114     
   608.57193600329254     
   593.67642722941514     
   580.47763352839468     
   565.74794286286897     
   553.70454045083761     
   540.24204803124087     
   527.92234941265679     
   515.06381659108251     
   500.89749678071109     
   487.99698495978583     
   476.84229771693526     
   466.14255085035552     
   455.29861973231573     
   445.11946798061325     
   434.38436573760225     
   424.36835185527912     
   413.99186308657306     
   404.02240994031263     
   394.22853323317270     
   384.33167328029595     
   375.05999137579778     
   366.19625428755819     
   357.47682266940109     
   349.02221807620094     
   341.43144321675851     
   333.76162929256753     
   326.56813183777729     
   319.73300451778221     
   312.36642850843373     
   305.15052911639987     
   299.04284767532948     
   293.32832960366142     
   286.52894626941293     
   279.96838924235004     
   274.59239706648566     
   268.43070965180135     
   263.24919441443706     
   258.03463426896320     
   252.77143891179938     
   247.62453642141719     
   242.77297233104960     
   238.56321599537910     
   234.18118736618013     
   229.78755667770085     
   226.14741991054422     
   221.79413558314329     
   217.93271245463700     
   214.47002586602528     
   211.18577759689305     
   207.71136544037566     
   204.75173345873520     
   201.40130416587272     
   198.76262046380535     
   195.96775608385809     
   193.51082743811921     
   191.42187214771536     
   190.05879509162202     
   188.25287190775163     
   186.88625045032336     
   185.30735890576383     
   184.75318384011132     
   183.76966544260057     
   183.72705699133559     
   182.08724059158502     
   169.82066907212996     
   155.93484058571880     
   143.07660504573118     
   132.19745250504016     
   122.11001874165387     
   113.84355961995885     
   106.70621020296863     
   100.17187809461912     
   94.191996030938341     
   89.279227254921125     
   84.486934892949321     
   80.232787737004742     
   76.732002237493589     
   73.189393419067699     
   69.982594987668506     
   65.632081765738093     
   62.689315819643454     
   57.577279381117052     
   947.66559848846168     
   921.86146826946811     
   900.07133669337145     
   877.39936602796615     
   856.48363337878254     
   837.69297642048400     
   815.69051747195169     
   794.78001783907132     
   775.80313243238538     
   757.16820153826552     
   741.93884062386610     
   727.30430524871417     
   708.36192752248860     
   689.02476597275995     
   671.64828200442992     
   656.32189370625701     
   640.86566480725719     
   623.65798158059795     
   606.34392671656201     
   591.62315261644301     
   577.17941303733710     
   564.17527435783961     
   551.77856774049610     
   539.49445799040984     
   526.29446743359256     
   513.90475276242512     
   502.82506049020884     
   490.79058280080682     
   479.65067785003032     
   468.12543063608365     
   456.38909347568568     
   444.06742364553998     
   433.71338856690369     
   423.64377393917164     
   413.52188169227168     
   403.75739380971282     
   394.49358910125403     
   385.94031504959162     
   376.53544003396183     
   367.24644080149642     
   358.99285063537548     
   350.76925629181989     
   342.84688402420767     
   334.81845684953203     
   326.80965152854151     
   319.29915707059098     
   311.91903720144819     
   304.76595954449232     
   297.72083261345915     
   291.62354357461294     
   285.32109859593703     
   279.34860686692844     
   273.57611512724759     
   268.25950585901427     
   262.44908879338641     
   257.57236294851282     
   253.02112282712613     
   247.91239139162150     
   242.85469171070267     
   238.54338766118406     
   234.35976709509717     
   230.19931944126756     
   226.00170973576360     
   221.96598936025455     
   218.81028847965490     
   215.18156925943578     
   211.84276587055592     
   208.14377208924265     
   204.94183668326761     
   202.42927824894940     
   199.94565614474175     
   197.23319079515929     
   194.93003334529533     
   192.66966869521696     
   191.04359321522986     
   189.40017102249612     
   188.07993543088591     
   186.87588444125794     
   185.63377067988739     
   185.57688370342581     
   185.37094006020780     
   184.69506606864786     
   171.45921223065423     
   156.97379181563826     
   142.98639527667351     
   132.36962947568003     
   122.15192405986708     
   113.54794585354307     
   106.18360292602233     
   100.17710533944864     
   93.496752903022482     
   88.643849202844990     
   83.597988713539451     
   79.628449835444215     
   75.891694720389879     
   71.772853739362432     
   68.740199330256303     
   65.108778243643684     
   61.281648690650108     
   56.719281694340332     
   945.62386319957943     
   924.30269915157714     
   902.47681078606365     
   879.97041726369048     
   859.16362395314138     
   837.47730169604029     
   821.52850627456689     
   802.11429734870376     
   781.55791168835208     
   760.83888639101269     
   740.32001206971222     
   721.86370107659195     
   706.11774732723211     
   691.46168887311114     
   674.36767260513693     
   656.54879954192393     
   639.30132352172438     
   623.90104658962491     
   608.89967002966523     
   594.48481799157776     
   579.97928164532925     
   564.51240226286950     
   549.91826028176570     
   538.06986553229149     
   525.42913126982626     
   513.32346708444391     
   500.57318822836453     
   488.77859158430209     
   477.03687956148167     
   466.28928605947874     
   455.30172469071005     
   445.42577352462672     
   435.23855564389146     
   424.59494691051378     
   414.56353522987666     
   404.19127516652804     
   394.43259293537210     
   385.63654693200192     
   377.11978734706872     
   368.34020331791316     
   359.80739378644068     
   351.41285402043525     
   343.77999397025815     
   335.67345727490772     
   328.49141740411653     
   321.24680715203493     
   314.21263806415885     
   307.36039335731732     
   300.86219537608906     
   294.69745611239972     
   288.05388222641722     
   281.55619963428995     
   275.55528559939069     
   270.51077471269753     
   265.00763328658843     
   259.79758754954509     
   254.49374877356138     
   249.07090219436770     
   244.25873737127978     
   239.38873054478341     
   235.60319396916438     
   231.28254914934584     
   227.15678532896248     
   223.13928378728713     
   219.39504129974563     
   215.50303633659928     
   211.89843800001421     
   208.69861556810974     
   205.21968706584380     
   202.48541406392522     
   200.18258396563840     
   197.20719255215818     
   194.89252096991123     
   192.98257726004755     
   191.11157063250664     
   189.00041211046161     
   187.91549831384549     
   186.98271719246372     
   186.51592455209345     
   186.27142205156593     
   187.03060265441184     
   186.87453781363996     
   172.96327856192897     
   157.75463242242802     
   143.95242997403801     
   132.56573475822458     
   122.37009531849802     
   113.77255808824069     
   106.75499996825864     
   99.769378567463903     
   93.565767817656081     
   88.427421414578106     
   83.599020549611765     
   79.466961755266453     
   75.820410622068351     
   71.079919571014912     
   67.750054873420112     
   64.538925476068428     
   60.335825923488009     
   56.366490561904769     
   951.68605346226741     
   928.94253154646765     
   904.35334829409624     
   881.01797695417611     
   860.28392143808946     
   839.91368896960148     
   816.19427236378749     
   797.10616998173646     
   778.35594429425544     
   760.23165608680893     
   742.95302906016468     
   725.09815270707054     
   705.91896665057220     
   687.07139211822926     
   670.30531259683335     
   654.10098259969584     
   640.17134287295323     
   626.13217682314212     
   612.23536582029590     
   596.95281178357789     
   583.13126616642546     
   570.66601201363483     
   556.83775914836997     
   541.25402620767761     
   528.23279174248034     
   514.82416328219199     
   502.98744886296930     
   491.21518248581935     
   479.59082727085587     
   467.53250913229539     
   455.83087259315118     
   444.83699170475506     
   434.57403874124952     
   424.05510375717643     
   414.52634464588300     
   405.21014307778893     
   396.61261085939265     
   387.15266698558020     
   377.98259660682703     
   369.17507472074192     
   360.84008034316150     
   352.07872720660112     
   343.99829429334000     
   336.26454425806998     
   329.09495347996096     
   321.62339394150501     
   314.00372090499940     
   307.23604296744713     
   300.32294438377687     
   293.43536738602904     
   287.01849537729936     
   281.33496678401832     
   274.86548615353894     
   269.33024979687480     
   263.48768877910817     
   258.73414466125456     
   253.85728281166706     
   248.86857551195820     
   244.19814350887674     
   239.34125032663272     
   234.80293205575094     
   230.74643809944718     
   226.58273997872641     
   223.19205739014038     
   219.08621609798905     
   215.68214966519827     
   212.00795620130737     
   208.97711595759597     
   205.80037856489895     
   203.03242643753669     
   200.21976557429116     
   197.49487909206428     
   195.18743068759105     
   193.30457491760646     
   191.53427653017010     
   189.97379950442283     
   188.40372411546957     
   188.06636953466156     
   187.36880675608788     
   187.39918048182801     
   188.46788920769325     
   188.57261292939813     
   174.21717980144282     
   158.57957619186789     
   144.77485407294304     
   133.07481048728596     
   122.59442449261196     
   114.30771415156963     
   106.63189309130196     
   99.386247931064375     
   93.741004835771562     
   87.638533632414720     
   83.122674867766534     
   78.619904954728710     
   74.304320671152951     
   70.607639410730371     
   66.566014255671774     
   63.300059857101829     
   59.813686183192210     
   55.334877793679404     
   950.25811148750768     
   927.80389438005886     
   906.56834709362727     
   884.17124542208501     
   859.83489384778738     
   837.23159732265549     
   819.16612781963602     
   797.98772413907795     
   779.98151951580655     
   761.95421289780597     
   746.57751288578845     
   727.34208478537403     
   708.47880001481076     
   691.38772163853446     
   675.62344666993863     
   660.07534534700562     
   642.84632975271359     
   626.56962587061503     
   611.83849042604356     
   597.61768109144850     
   583.41274316001056     
   568.63756689377647     
   554.79800662101775     
   542.28954186619467     
   530.25063042225997     
   517.89201536608198     
   504.42132222493183     
   490.86736510187114     
   479.11691337199818     
   468.82344699913108     
   458.18302369821686     
   447.13186577829924     
   436.05020587411110     
   425.01690787960507     
   415.23495922489366     
   405.19843645819401     
   394.84772894610393     
   384.79474911961353     
   376.02930921073005     
   367.00195076436120     
   358.33919152780203     
   350.26537743707695     
   342.26019857121969     
   335.02889405857451     
   327.94392074725994     
   320.89562520845089     
   313.56648313482759     
   306.52606317292663     
   299.99352978441459     
   293.26671222440461     
   287.14356085831008     
   280.98953833431864     
   275.35127881543116     
   269.72831679599835     
   264.30544214811300     
   258.62131050119342     
   253.12812963410948     
   247.96212330194248     
   243.71385987274462     
   239.50401920818248     
   234.75422137654547     
   230.56230196229842     
   226.17630712002250     
   222.61190271819390     
   218.79370903127594     
   215.40774144654441     
   211.81435770817990     
   209.16516425917598     
   206.17174793600486     
   203.53665269585193     
   200.48997185540554     
   197.79299876735666     
   195.95426329984585     
   194.04503976509278     
   192.04302587046044     
   190.65705656779409     
   189.55144252211534     
   188.80258079922260     
   188.66009636857609     
   189.00851374406102     
   190.08617068216682     
   190.48985815940082     
   175.57469474153180     
   159.51281166405735     
   145.75445862676440     
   133.70639493207241     
   123.23120662314355     
   114.36412967660398     
   106.67704386586854     
   99.475403922508349     
   92.798746073980766     
   87.436833081185100     
   82.907272820241417     
   78.107716009287572     
   74.508594797766847     
   70.327345285400639     
   66.412602996478185     
   62.578921225494476     
   58.656239636317693     
   55.194248476817179     
   953.02204945797507     
   926.56354890661032     
   903.07170373356848     
   882.00253722489128     
   863.39583653443424     
   844.15751136668064     
   820.30849423253653     
   801.04008023331153     
   779.80089112392261     
   759.67870313838853     
   738.75319469738008     
   722.24110299590393     
   707.31144016077712     
   691.04442698798107     
   674.95818258649774     
   659.19808403420984     
   644.11952868899994     
   628.69379132885501     
   612.13940400960928     
   597.66392594592901     
   583.52109759747759     
   570.52958191257710     
   557.30511883444899     
   543.88381008984004     
   531.41605420910139     
   519.33797166653051     
   507.44257192738246     
   494.55684388467859     
   481.36189072133357     
   468.68676832177016     
   457.03791201543117     
   445.73245773026861     
   434.71134732142002     
   424.70816218034793     
   415.09240841688489     
   405.82134679545663     
   396.34874704434753     
   387.70322242948794     
   378.38754007598527     
   369.79781387972002     
   360.94704819913846     
   352.41078024084050     
   344.25548270469460     
   336.26189151415718     
   328.11298924071127     
   320.69298166798995     
   313.58479815648440     
   306.96800067221432     
   300.57750159501370     
   294.68822608634230     
   288.48735452625669     
   282.61459021744014     
   277.01623067859924     
   270.81220272365931     
   265.19659056992595     
   260.20709630251810     
   254.81614699005235     
   249.64845853584643     
   244.79543429154683     
   240.21252457609933     
   235.79042926581434     
   231.40163420698786     
   227.05124199429235     
   223.15163852962468     
   219.16383313653660     
   215.50686977328752     
   212.29903766253847     
   209.23695033386156     
   205.89640194861875     
   202.95407282236306     
   199.91767275108597     
   197.47501444932990     
   195.34868584257040     
   193.26417177874296     
   191.64718331552947     
   190.34745007448038     
   189.71646051100930     
   188.87713113241881     
   188.74846675638440     
   189.13612763500959     
   190.59590812758464     
   192.11315129640809     
   177.04526859850881     
   160.70504338344929     
   146.60366667738589     
   134.32710263544126     
   124.17068448092699     
   114.54386117800846     
   107.05457770694846     
   99.869293576012325     
   92.622528125094988     
   87.515300194717966     
   82.936318878750285     
   78.819300192647432     
   74.601031213172504     
   70.274492146289688     
   65.925304718010352     
   62.254064009116661     
   58.368944243378223     
   53.856868962192294     
   951.62212031837294     
   927.08382920445331     
   903.02487837992749     
   882.12628695780938     
   860.18854169487633     
   839.72973574666503     
   820.20161233183239     
   800.19030880670766     
   781.57516618550449     
   762.76591628220240     
   743.67143974871669     
   725.32482716523828     
   707.33352989372952     
   690.93674233130264     
   675.89795203656558     
   659.29002684469242     
   642.48318682797401     
   626.71060337964354     
   613.06078725933617     
   598.87488522064507     
   584.20142989554870     
   569.81114375776360     
   556.22950259093761     
   542.51702769670476     
   527.49073737507570     
   514.17503269617350     
   502.74545856747358     
   491.86639903763876     
   480.91130266029029     
   470.10563628602750     
   459.86492160654859     
   448.41430851511836     
   437.97744898913180     
   427.32519249560835     
   416.43064845644386     
   406.08286666640095     
   396.29516024086723     
   386.79179521774273     
   377.41156508014615     
   369.19502008050398     
   361.47182162279046     
   353.36324247366440     
   345.13660351925739     
   337.72339016200715     
   329.90307434239520     
   322.04483714847993     
   314.75775655454322     
   307.52489358322714     
   300.45898451880447     
   294.04746850578658     
   287.85214224163769     
   281.11057456433372     
   275.16255675932723     
   269.59532700018605     
   263.95708943316475     
   258.69506124243202     
   253.79453232719732     
   248.84999223807540     
   244.24304386338036     
   239.47818635999076     
   235.19275737601006     
   230.97771130154763     
   226.96257450970711     
   223.26635990969913     
   219.66292762799145     
   215.87355803236534     
   212.24112729666302     
   209.26660219238732     
   206.03126298767154     
   203.35529198622069     
   200.87111220511730     
   197.98834117315923     
   195.78208962715217     
   193.42644101106447     
   191.98625279185603     
   190.84758936485304     
   190.37896038590549     
   189.74646979002091     
   189.65236994172409     
   190.07134417626230     
   191.74234893582945     
   193.70257639524883     
   178.32354244525646     
   161.94852960350423     
   147.48196086950804     
   134.87222876878189     
   124.49815927098254     
   115.11651897894316     
   107.24831269333795     
   100.42110110662848     
   93.755825850514512     
   87.945406945834876     
   82.886076862887478     
   79.098488786775619     
   73.597737843389936     
   69.394679445823016     
   65.513215450840036     
   61.905329900513699     
   58.105209000258306     
   53.622725304439115     
   951.12578505432157     
   930.06768758805015     
   906.89177437967373     
   884.14185872721941     
   861.64593782328188     
   840.31166265706509     
   822.76868208325095     
   802.54609947712061     
   781.64007597418561     
   762.57258664965480     
   744.41517237492894     
   726.73721410284020     
   708.50501365904177     
   691.39790866019803     
   673.35671950956362     
   656.84338803690525     
   641.47465073546880     
   626.33156071269809     
   611.49762297459642     
   597.26392697758513     
   583.39235543113296     
   569.24815052495865     
   553.63942803022087     
   540.53255202001469     
   529.23654072259433     
   516.28022301631427     
   504.22784933222351     
   492.84776287302088     
   480.42234232311296     
   468.22675677924838     
   456.70054901487612     
   445.85898414960309     
   435.42867888030133     
   424.66832703758962     
   415.26632628813252     
   405.91475104073891     
   396.52755487422803     
   386.87338961959671     
   377.96951367189331     
   368.90201346059433     
   359.85674705378642     
   351.67863135989234     
   344.10438643477187     
   336.29701727463208     
   328.98801748383545     
   321.81864610836914     
   315.49504495504772     
   309.26311287791066     
   303.08052640962330     
   296.34540936473655     
   290.15819269074592     
   283.93680492951768     
   277.99982791070687     
   271.74281700625750     
   266.02316737743240     
   260.57090211135653     
   255.08218845772379     
   249.77906175521414     
   245.06607162571382     
   240.33207738207338     
   235.80655800145610     
   231.18797232651929     
   226.76533161813109     
   222.83639582976866     
   219.79402714078367     
   216.18303032099439     
   212.87257463927722     
   209.74257256758159     
   206.58479668968531     
   203.59063667212178     
   200.77362935790072     
   198.72536214191661     
   196.02027468335757     
   194.73765970261181     
   193.00572403107617     
   191.80947849322956     
   190.53565126371288     
   190.13343427918699     
   190.27738734842691     
   190.93080616253081     
   193.33297598164557     
   194.94101415741190     
   179.52456344733466     
   162.66927973520447     
   148.24372866373832     
   136.26556532721253     
   125.57625899971140     
   115.41409746176807     
   107.90601497667276     
   100.46564077692160     
   94.178466670577208     
   87.953715822011077     
   82.566237467681901     
   77.827168429164843     
   73.045502381231302     
   69.231493530409807     
   65.391476422635790     
   61.126497067081843     
   57.286444355488840     
   53.418789317788544     
   956.09108666565987     
   930.73201208752198     
   909.15546770715423     
   885.75440896348516     
   863.52497425574279     
   841.30038296049361     
   819.78719929942918     
   800.07235971908574     
   782.49840132126565     
   763.35134412656623     
   746.14816009005040     
   727.07354821196145     
   709.28235728971708     
   691.03887285257088     
   673.66692081497547     
   658.36557422654823     
   643.37906995697472     
   628.48200843005532     
   613.91577862697568     
   597.49834111447581     
   582.53994263605750     
   569.63608500343696     
   557.96536532140601     
   544.43803112096475     
   531.81197057728241     
   518.40073508033004     
   504.28062677670982     
   490.91436162505937     
   478.67049280812290     
   466.89322340694332     
   455.72869092000138     
   445.70872471695543     
   435.14826608423209     
   424.76858569832996     
   414.99525359685049     
   405.01819820729162     
   395.09341902285706     
   385.57487483643297     
   376.95599370901959     
   368.39254364840656     
   360.25810133722740     
   351.95735320651329     
   343.39681611067340     
   335.84628632924694     
   328.41515943810964     
   320.72873480134274     
   312.85600970455954     
   306.09865771746627     
   299.65634487595230     
   293.10404282267530     
   287.39477946851412     
   281.25726946984668     
   275.77340294425096     
   270.25517405975495     
   265.04179430679682     
   259.95336919490609     
   254.87491406390134     
   250.11818330287693     
   245.68775133399950     
   240.96769116371834     
   236.17839343923438     
   232.10069046621607     
   228.50460817102757     
   224.39320575444953     
   220.14362460048801     
   217.07195988368142     
   213.36325769805507     
   210.09152809991508     
   207.13399702849628     
   203.77512668291675     
   201.38858660325195     
   198.84122424629135     
   196.96186343559378     
   194.88909780367692     
   193.57349286070743     
   191.98541183596660     
   191.04568074002529     
   190.56257539642462     
   190.80586128152538     
   192.13432335606782     
   193.92714959171559     
   196.28122690111911     
   180.51717194652235     
   163.56718520613282     
   148.85561767467510     
   136.75372373739390     
   125.93589543383105     
   115.74755994420380     
   107.83259600546378     
   100.40769360889387     
   93.855711068659872     
   88.108500082412064     
   82.637927786866058     
   77.838217262657210     
   72.762879006733286     
   68.825494242712296     
   64.976408568876693     
   61.057984093947809     
   56.569842197367734     
   51.920185620860586     
   953.32827600226608     
   930.28714150656515     
   905.31755397054917     
   881.00960156174733     
   860.90637240221861     
   840.55755955745803     
   819.74604427568033     
   798.85607789854544     
   780.98667819781883     
   761.72559616834997     
   743.45529946491752     
   725.08160798335314     
   708.87260827544037     
   693.25546794156799     
   677.71888842213684     
   661.76819963970127     
   644.09686179912092     
   627.17984941336067     
   613.12470080187927     
   597.78541736502984     
   584.17951406426801     
   569.49796086708966     
   555.15770934555064     
   541.46396210081889     
   527.75443352416357     
   516.37019638782965     
   504.89869249744265     
   492.51818309268845     
   480.60588312355424     
   469.30613094102216     
   457.93058626364154     
   447.09108300241064     
   436.17283351360084     
   425.44220506512949     
   415.41852513972998     
   404.99508945858145     
   395.12549598073957     
   385.95716607359316     
   376.87927251665178     
   368.41781781125280     
   360.02824747191772     
   352.56042338015499     
   345.24700583094096     
   337.89602487743912     
   330.38876768754596     
   322.79740242016175     
   315.84150337418458     
   308.77756455208953     
   302.42535574005410     
   295.48220754570366     
   288.62493375885782     
   282.31880951539142     
   276.62927142624648     
   270.77633594957086     
   265.20373956319850     
   259.60187030641214     
   254.84454448722630     
   250.20268469215512     
   245.09340889257916     
   240.53600614441595     
   235.83355653785836     
   230.93464413638236     
   227.09126933285359     
   223.23800189431122     
   219.44208905046361     
   215.73934911357907     
   212.56707885250520     
   209.34830317965157     
   206.28697856295295     
   203.37496710374899     
   200.94495450309117     
   198.21628434999127     
   195.71445359701562     
   194.46486051107124     
   193.17958773378365     
   191.78086150585534     
   190.78096826129959     
   190.62605957301085     
   191.06177167176634     
   192.27149692501362     
   194.15165029428348     
   197.14349602016668     
   181.37149104956512     
   164.46916731595778     
   149.86312374592342     
   138.05919341752079     
   126.64018721444592     
   116.74821942454014     
   107.94260952359920     
   100.80037667504793     
   94.004157612299451     
   88.032191996226686     
   82.702796947461707     
   77.779825211230047     
   72.999874704450193     
   68.099004304828227     
   64.673426821632376     
   61.058297149268547     
   57.202094430163989     
   52.001712424673400     
   955.19548229769543     
   930.90607489280239     
   908.06672783090085     
   889.36081694537222     
   865.41614022125555     
   841.42231461795996     
   819.68484801692591     
   801.36459067074463     
   778.42712586018979     
   761.20748644551122     
   743.69498493131198     
   727.49388607662115     
   710.28396023866537     
   692.30434133860103     
   675.13242345072445     
   658.76339471163863     
   643.68653505039026     
   629.20158555461524     
   613.35581325334329     
   599.80874268608318     
   584.65727403443680     
   570.48264145536405     
   556.20439852815832     
   542.99520874358541     
   528.49841283624880     
   515.24878288008915     
   503.85640570096160     
   493.07316924284152     
   481.55635741710728     
   469.52688440339909     
   457.74009309997768     
   445.47442478982271     
   434.29848641816142     
   424.62380592364343     
   414.64465409614127     
   406.07804931944298     
   397.21952775007088     
   388.27019658652989     
   379.14278829564665     
   370.28120028812896     
   361.39323676435623     
   353.30767005214778     
   344.98544080214037     
   336.65479998107770     
   328.87745315329948     
   321.49360852560574     
   314.74126266960701     
   307.57987283121327     
   300.79649395522654     
   294.22436059954993     
   288.83719313641870     
   281.95419011404817     
   276.70585891572426     
   271.13369313713167     
   265.67509248219091     
   260.25474297424188     
   254.89502097908695     
   249.88970073981136     
   244.71565511303680     
   240.46999770261803     
   236.36388975482544     
   231.98144208859088     
   227.68980798181173     
   223.68468492834910     
   220.01457266364042     
   216.45874536228587     
   213.00153413898343     
   209.88815788213719     
   207.24535773196953     
   204.18902978808214     
   201.26042545390285     
   198.79709119855087     
   196.09639958358599     
   194.27339619144732     
   193.27192515460723     
   192.26488020917344     
   191.14242498611520     
   191.35441485779910     
   191.11817844529870     
   192.43054933852505     
   194.60937916844244     
   197.53739617070767     
   181.74504801539169     
   165.70553588048071     
   150.84473331503565     
   138.43020109417444     
   127.05828784389954     
   116.97644963699432     
   108.27304213496362     
   101.05671789907311     
   93.679977712561453     
   88.012510181190663     
   83.432381990927752     
   77.805037811513671     
   73.311955033831097     
   68.971031767917779     
   64.316931848197470     
   60.707765087467976     
   57.035992920402478     
   51.803459117329190     
   955.21072010761873     
   928.65275043230588     
   907.88903737164446     
   886.50000506609945     
   863.96616140755214     
   842.57183334343767     
   820.78960200098049     
   801.75928099004250     
   784.12136671104463     
   763.61085844947957     
   742.93041739664022     
   727.67191610970860     
   710.29416434704240     
   693.30641556428827     
   677.37406878262686     
   662.02647552252392     
   646.43696618063075     
   631.18704356561443     
   615.36260418480902     
   599.55116512883194     
   585.19810687437814     
   569.08105718689899     
   556.14175569946826     
   542.51237472411731     
   530.33940319863132     
   518.16077883643277     
   504.11743464163828     
   491.45113168739510     
   479.13567932354732     
   467.90664308955871     
   458.21536981548115     
   448.65243780891649     
   438.80698743327736     
   429.00976807807626     
   418.33756480823632     
   408.12937182727848     
   397.00425764504644     
   387.28213116876981     
   378.52641361601934     
   369.51388070466373     
   360.72275315173181     
   352.07057535803551     
   344.15106018275196     
   336.51181415969648     
   328.94480315672541     
   321.91293624247817     
   314.75210298415004     
   307.58272716206864     
   301.32672780190092     
   295.52510244114262     
   288.82417819048908     
   282.78080537605814     
   276.93075549635864     
   271.23698905625520     
   265.83864355139372     
   260.33731621878627     
   254.72318825346730     
   250.03663987625444     
   245.08893010188501     
   240.37094553019500     
   236.19110145891517     
   231.88119905637888     
   227.34402351552117     
   223.68878413856817     
   220.27649665554583     
   216.63418290477225     
   212.51528939620124     
   210.01607233002147     
   206.96501839792518     
   204.55286529843127     
   201.40187846988263     
   198.91810046939082     
   196.60004225468896     
   194.66847623659879     
   193.00649770242021     
   191.97271819844329     
   191.47458393817232     
   190.96226723032430     
   191.20820610419827     
   192.59825905469296     
   194.79512969854005     
   197.82772104693055     
   182.57993183899697     
   166.26644555047852     
   151.70504304443929     
   139.06082749671529     
   127.13899623415085     
   116.76492901918367     
   108.69352438770582     
   101.01033344734721     
   94.034500818487672     
   87.741103047258719     
   83.392629374803420     
   78.332557678864873     
   73.421400875462965     
   68.920136912750394     
   65.075111535163757     
   60.258089849927359     
   57.092984437854014     
   52.004325603938355     
   963.03317765311647     
   940.65094721344008     
   911.25978079369088     
   882.69754479751236     
   861.40468750047557     
   842.10583232477370     
   824.61123798054882     
   802.29094486985969     
   782.07204561042681     
   765.69457577220055     
   749.18243909063949     
   727.31956990672586     
   710.13834772266921     
   695.08467647498901     
   677.56325160016831     
   659.83128801229884     
   643.28510619985013     
   627.83133079926029     
   611.80831063650089     
   597.60983896502273     
   583.48402277398282     
   570.91576555202755     
   558.54464386357768     
   545.47592128393603     
   533.34481858199911     
   519.04377563348464     
   506.87562612029967     
   495.17376813917565     
   483.84218312079349     
   471.84441199962197     
   458.53268412460915     
   447.80788739494506     
   436.22846942215341     
   425.31037201346930     
   416.07068571665832     
   405.36220491043991     
   397.16671903617657     
   388.80046839673645     
   379.20711285935670     
   370.16967107356010     
   361.52377950003188     
   352.77687562453895     
   345.36010780945276     
   337.19698994931804     
   328.61159176927038     
   321.59717784518688     
   314.37877493018800     
   307.26127000147278     
   300.90061894416482     
   294.57956603152297     
   288.14912376705524     
   282.18367933489026     
   276.26974349528558     
   270.95723725561521     
   265.53136471159019     
   259.93602575187742     
   254.79533298659925     
   249.72592389290051     
   245.17331718524821     
   240.59615352378597     
   235.67877816475863     
   231.72061185446950     
   227.37730241411629     
   223.28480226619828     
   220.19539152443340     
   216.49784261475577     
   213.13686733932241     
   210.08196874590669     
   206.43189452335176     
   204.07530577844759     
   200.95219139203317     
   198.20043895335471     
   196.10737479368336     
   194.52284373937485     
   192.75202542821060     
   191.72740221750007     
   191.84828997186196     
   190.95086020168881     
   191.13428037152985     
   192.44205787815127     
   194.99722200073850     
   198.41125042883084     
   182.76042712534755     
   166.68663240878342     
   152.11750895353157     
   139.24118663886171     
   127.20544851787126     
   117.32649138538372     
   108.68143847313824     
   101.99346994565364     
   94.046857528121905     
   87.527534267639226     
   82.710706496379430     
   78.318616428784964     
   73.292497600701097     
   68.971103337637956     
   65.343758576940758     
   60.610256788457825     
   56.501422724635503     
   52.052789851110646     
   956.92124263434494     
   934.35824139780038     
   912.38438353877439     
   888.82429748407958     
   865.37522103002061     
   847.83765377564532     
   825.14227825547482     
   805.44718012762178     
   785.18403448552760     
   765.09834347639514     
   745.64513920251807     
   730.77948768784950     
   711.64770123360404     
   692.58085811017509     
   675.29857713230945     
   659.54998111182226     
   643.83363147092973     
   629.18351401038501     
   616.33551442526448     
   602.60270960507319     
   587.24162345036575     
   572.94493568652967     
   557.98559095224300     
   545.14720346962952     
   531.73978767794597     
   519.57928251534770     
   506.91660044422906     
   494.17284281583744     
   482.51606873018363     
   470.86292395818572     
   460.57340062540834     
   449.46663210236352     
   438.87157465726523     
   427.59811016688849     
   416.32214803999238     
   406.55891675545746     
   396.80887561503795     
   387.42494473763975     
   377.93868066788144     
   369.43020821099248     
   361.82027254569272     
   353.63924109706625     
   346.21707525473937     
   339.14623314738276     
   331.91063839098297     
   323.67044774857112     
   315.92332829342416     
   309.17999700773521     
   302.28865225188957     
   295.11840277129340     
   288.45593132759291     
   282.41033384193923     
   276.81249009968650     
   271.11711724239365     
   265.55972817827291     
   260.16178007537803     
   254.87620706232028     
   250.13238528180810     
   245.53309385804212     
   240.71111645434058     
   235.92483371271666     
   231.46747185603616     
   227.50883871138842     
   223.87965026579388     
   219.92202118226515     
   216.22269535744061     
   212.66681582589302     
   209.19723456873317     
   206.41048767971347     
   203.91948231367687     
   201.10535829076701     
   198.72450337188428     
   196.70205945960788     
   194.84959165852578     
   192.67702821662391     
   191.34070217330847     
   191.16213216921673     
   190.84696979885402     
   191.77781809407841     
   193.12268418978817     
   195.27553426034871     
   198.87596466640022     
   182.92053022052951     
   166.92227910629470     
   151.71201674641426     
   139.32424133967535     
   127.63595403443884     
   117.29136015082983     
   109.30192807799546     
   101.99633712406063     
   94.217378873076242     
   87.254336662543309     
   82.515769240463200     
   77.554384293176255     
   72.897308958606089     
   68.780634057977466     
   64.905716212085451     
   60.361583411368770     
   56.497146270848305     
   51.352134989102161     
   957.69009799788466     
   931.65021548656819     
   909.45333406629561     
   890.33809146948443     
   869.62512681145472     
   844.37064195424796     
   823.44218786855959     
   803.74391356550404     
   784.62918476965876     
   765.83697979863041     
   746.99796796956730     
   727.21498444738245     
   709.93229813508117     
   693.79242709955383     
   678.30770346707754     
   662.57517630330551     
   647.01862129668655     
   631.07142318738613     
   614.60725328778631     
   599.51529964976908     
   585.95617027687604     
   572.38133914049570     
   558.85003077277474     
   545.15601944047592     
   531.64717706262240     
   519.06723953619792     
   506.65664831022593     
   494.71398052677989     
   482.47704894851711     
   471.30547739551093     
   459.75955624075920     
   448.20527830474475     
   437.89996262172099     
   427.83451886389730     
   418.31528331507860     
   408.29446414409676     
   398.24832637051759     
   388.61872860497454     
   379.80444600534042     
   371.27041627092240     
   361.67460177348130     
   353.62312813408181     
   345.07752800292207     
   336.44751424746266     
   329.44953727638404     
   322.22170323800162     
   315.19930684400879     
   308.31275384108545     
   302.22993863313150     
   295.95353949612780     
   289.47168458979854     
   283.33312844349138     
   276.79833175520645     
   271.76454182903433     
   266.31305622954676     
   261.05799230939027     
   255.84351313266478     
   251.16824242849736     
   246.13588621499335     
   241.83323648542265     
   237.42330201138162     
   232.98124511201064     
   228.55000749651583     
   224.37831717442310     
   220.45552816896108     
   216.93564230045897     
   213.82847005292342     
   210.56635283231543     
   207.55698617691579     
   204.63203087390178     
   201.67246582325788     
   199.25073037577221     
   197.29032464484075     
   194.73826743941561     
   193.05787565824500     
   191.92409485453553     
   191.19757208747481     
   191.50673633523616     
   191.86415452946585     
   193.40313549405494     
   195.66625053796756     
   198.99351007770724     
   183.13838854836916     
   167.30331005280453     
   151.95135177344494     
   139.12855049025873     
   127.67339643833839     
   117.04765280313903     
   109.27326451158962     
   102.19073147110777     
   93.697095014015275     
   87.364616878180925     
   82.188317114727766     
   78.094829919975808     
   72.905091239408009     
   68.475078217539135     
   64.466404333935301     
   60.308000499223681     
   56.428926501268379     
   51.981962422651364     
