           1
        3200
           1
   909.29378494703860     
   865.81435965794833     
   835.13975562202131     
   812.60745674590567     
   793.92127700389119     
   779.25777435851910     
   758.13775005866137     
   740.50446510081940     
   724.18856616125902     
   709.37535093216695     
   693.80193422912555     
   677.23303412695805     
   663.23633457643200     
   649.60379594765573     
   634.05018888520169     
   619.39856535206411     
   606.03937831521398     
   592.16751027350665     
   577.44422267256277     
   564.28697348280502     
   550.85559601855527     
   535.44614421077119     
   523.27306444725718     
   511.30299470452434     
   499.41562182153973     
   487.22098534060819     
   476.14399391771536     
   465.71948109222774     
   454.51433218165698     
   443.78506264700309     
   433.42799078214375     
   423.02199684956003     
   412.73946032886613     
   403.82600935717744     
   393.48657217020599     
   384.23305375876112     
   375.11175782169084     
   366.66969187002053     
   358.05196426955877     
   349.37485718026858     
   341.74148973662318     
   334.26762221385468     
   326.70535062024038     
   319.49226884330608     
   312.20967775070966     
   304.82453359954906     
   297.41224219935077     
   290.59197602366874     
   283.49884329545972     
   277.30749156354489     
   271.41316231721709     
   265.64456198883749     
   260.06609346503353     
   254.29976958950152     
   248.76125435846154     
   243.22825078567729     
   238.21202087275361     
   233.57715131149655     
   228.87337740069705     
   224.17683007821611     
   219.76209264485016     
   215.38245389534711     
   211.05643694961924     
   206.89404629569734     
   202.71155140770267     
   198.53987018339953     
   194.33109323725807     
   190.35560095137566     
   186.57029196114433     
   182.88798245371780     
   179.36436148696441     
   175.88302030830775     
   172.49598682871317     
   169.16905199350646     
   165.95524619533427     
   162.73589872106055     
   159.46404802555929     
   156.32386283318712     
   153.26998093892902     
   150.34160473458047     
   147.48389126933247     
   144.67192333095664     
   141.91565195735694     
   139.23321852567051     
   136.49227668160825     
   133.90483275165369     
   131.45040162458554     
   128.98246869929363     
   126.54431967797596     
   124.20511799280148     
   121.87272903994936     
   119.62581512593279     
   117.32544704551694     
   115.08868428869155     
   112.98587026824515     
   110.92140322293399     
   108.93674454411688     
   106.95534530803923     
   104.95781559266065     
   103.00583993019630     
   929.57243222091995     
   902.63036863286266     
   869.51809619562016     
   843.92276744163530     
   818.41701935031836     
   796.91836555301313     
   776.17618184314506     
   759.75196921586280     
   739.95124299239365     
   722.04479759139269     
   706.84684457952198     
   691.13199311316976     
   673.91014529002905     
   658.29621507836691     
   642.81554840501542     
   628.08358783965423     
   613.09315271123705     
   599.32462841045344     
   584.45506654915016     
   570.81210278139554     
   556.06761571678305     
   545.30427443499309     
   533.03453074830009     
   520.05415126279888     
   508.34889790208820     
   496.26469724220141     
   484.74245135705075     
   474.34809639797049     
   462.57528578427883     
   450.38404019145713     
   439.85928546276028     
   429.29487108156394     
   418.15411053324664     
   407.50708512423574     
   398.86635436279482     
   390.47351742655940     
   381.77449228117689     
   372.83134623591582     
   363.30457532675257     
   354.39268645962841     
   345.34129105180341     
   336.60974612685499     
   328.90635096871239     
   321.73815694926378     
   314.41885171135903     
   307.63026990609444     
   300.89134336012455     
   294.72617222568920     
   288.20924888596221     
   281.87947237760608     
   275.81495424570022     
   269.91165476948373     
   263.72266299826288     
   257.81361277710914     
   252.09997581420151     
   246.62993642450363     
   241.38230084004272     
   236.08020532862571     
   230.78546697981437     
   225.60958814659159     
   220.82048505083037     
   216.38226470016684     
   211.79497951473016     
   207.62295686468229     
   203.34280955299749     
   199.34617350230877     
   195.39183445296015     
   191.26477062602208     
   187.49419001031771     
   183.85417312003776     
   180.05083368878911     
   176.36092787751642     
   172.85714537855543     
   169.55181121833448     
   166.19310008221657     
   163.02395572442111     
   159.89805389507646     
   156.84483392740745     
   153.77585331801390     
   150.99955927665758     
   148.08243467047765     
   145.26905058028981     
   142.46589722698093     
   139.76330515598113     
   137.19195748676140     
   134.51637122047998     
   131.91608433999048     
   129.57251092276348     
   127.14423380286729     
   124.73504517344008     
   122.43032248683031     
   120.15466093155135     
   117.96995179040894     
   115.81558284909714     
   113.65398922445085     
   111.50617867807750     
   109.43603552710303     
   107.39072305826232     
   105.45556465210636     
   103.57519359120001     
   925.38786455593913     
   908.86782761263021     
   888.74090676723461     
   862.19245412433941     
   838.19814774956808     
   814.71283493352962     
   790.43901254186153     
   773.09644539458509     
   754.47331932147063     
   736.22035092054898     
   718.64257228636609     
   701.06963406604689     
   685.16578075011989     
   670.26474170497568     
   653.34384347471496     
   637.32034642754570     
   621.23984004007025     
   607.43552203929573     
   594.47510518459853     
   581.02255545482672     
   568.62496906628166     
   555.33071133662099     
   542.94213474622097     
   529.53810778597199     
   516.07151864773550     
   503.23769159047538     
   490.40221356315863     
   476.45685189815237     
   464.92365841623479     
   453.89043858970354     
   443.30375669975797     
   432.00423092962626     
   422.03935379191699     
   411.89576825105945     
   402.13250995537669     
   392.80547787662738     
   382.39284323360670     
   373.19603170038999     
   364.75113757764899     
   356.25775072811985     
   347.63373456060077     
   339.52030006216404     
   331.86824255653437     
   323.56138212846440     
   315.90498069539569     
   308.61319104222207     
   302.01299995116739     
   295.12144300452167     
   288.47553956051775     
   281.83646549551747     
   275.32416651508453     
   269.42409675711235     
   263.66981298811805     
   257.89505229405501     
   252.44052154417722     
   247.14381134601439     
   241.65882543302322     
   236.75653922251064     
   231.79980357941236     
   226.85476587298643     
   222.34209572979029     
   217.67987814112135     
   213.27232904057962     
   208.83984641526044     
   204.57079845818146     
   200.34473946623845     
   196.34154140739685     
   192.50314032390531     
   188.69283970514704     
   184.90272575945070     
   181.22394878600096     
   177.74674688326729     
   174.31062777993412     
   170.81860425625814     
   167.32140596037704     
   164.09371414883350     
   160.97341918908205     
   157.90797607156179     
   154.84821285512731     
   151.79777405574228     
   148.77732595658159     
   145.90441874150417     
   143.16205944136496     
   140.55416222973207     
   137.89725977748088     
   135.29137163413080     
   132.78193175157523     
   130.18598684212577     
   127.72850186678791     
   125.29704101738906     
   122.88457039697715     
   120.57230425031671     
   118.32449165281369     
   116.14492571579397     
   113.98377004344150     
   111.87757820353590     
   109.76841208342158     
   107.71973345039686     
   105.74457501496074     
   103.81337247682823     
   932.37520855632897     
   912.50704089234932     
   893.50969289267664     
   876.79724234378750     
   855.06954448765441     
   831.61577520478613     
   809.84239228733031     
   787.90247987848898     
   767.11923135917357     
   747.34731479979712     
   728.96066646529914     
   711.79574436385315     
   694.72184605118707     
   677.61420884177073     
   661.62641119661714     
   647.88580416777518     
   631.14714257343780     
   617.94663236450685     
   602.85424617124079     
   587.88289576189777     
   571.86725903584829     
   557.80287306348191     
   543.63310535022674     
   529.67881277445088     
   516.56247640038794     
   503.95635193667238     
   492.10249035503921     
   479.72995114534194     
   468.21182523721018     
   456.32168896169986     
   444.71035531070009     
   434.06046449255865     
   423.44927201940186     
   413.39485101324976     
   403.24403309661056     
   393.58163179290182     
   383.77703509830303     
   374.47812024791006     
   365.27081334463219     
   356.52695649554414     
   348.82078277176913     
   340.91442537746292     
   332.68598192651251     
   325.08771085176681     
   317.60865349067421     
   310.77971777976302     
   303.61049025009174     
   296.91723333770869     
   290.08229158216506     
   283.28385436027861     
   277.35910187313112     
   271.49389887281188     
   265.31055677318841     
   259.60217093094576     
   253.78536704519121     
   248.28643930539010     
   243.05401790690905     
   237.43249262621802     
   232.30358820741199     
   227.31726206184521     
   222.67323687746506     
   218.04996209100372     
   213.34540356634105     
   208.55892797308201     
   204.33383112438869     
   200.12471364404354     
   196.02212273639952     
   192.05028755245831     
   188.10915736007237     
   184.33737527885927     
   180.74027303270748     
   177.14340180441735     
   173.53628337310607     
   170.22413373082890     
   167.03446797767990     
   163.85861772123371     
   160.72178359909265     
   157.59051714886382     
   154.52881841482207     
   151.58706398121137     
   148.72206344806565     
   145.91731180640664     
   143.13620753666839     
   140.31451859170159     
   137.57729752301913     
   134.93779994698218     
   132.39365726713240     
   129.88365404631222     
   127.40339154712429     
   125.01197947299745     
   122.67773641189741     
   120.42807573830738     
   118.19268602660722     
   116.00130387946821     
   113.90252786142504     
   111.84231985045847     
   109.75226911802491     
   107.77858510481630     
   105.75687787450597     
   103.84544333369760     
   942.74346021448150     
   921.68159855905105     
   900.89740754890363     
   882.69883071026106     
   865.92263356936223     
   843.74406511059533     
   820.35647282401465     
   798.57453124358801     
   777.67069397355647     
   757.43865427533706     
   737.88010131388205     
   719.74989372964967     
   701.38242657222827     
   685.43011591010088     
   667.73987274507977     
   651.23052641417655     
   635.42194518649148     
   618.33159081007273     
   603.06095532932898     
   589.71487510419558     
   574.25160254803632     
   560.45402956892133     
   547.60843665571940     
   532.72536537323776     
   519.98973560317529     
   506.74877102971936     
   494.41195637046610     
   482.63163470053735     
   470.59050561243890     
   459.15072934982328     
   448.91763063573262     
   437.73234453132807     
   427.79582900814461     
   417.74398703013333     
   407.59568855148137     
   396.98648593927874     
   387.37048202609037     
   378.14390660999135     
   369.90864438596395     
   360.92342166835869     
   351.54743350282558     
   343.20574857159329     
   335.25742361627636     
   327.56199474343106     
   320.01209580218489     
   312.26691367031475     
   304.66820734594864     
   296.99494254122271     
   289.48463015282084     
   283.16316714527557     
   276.97968932005318     
   270.59320957772360     
   264.96871608928984     
   258.98138981085543     
   253.20696813838930     
   247.85745690581933     
   242.71148642357457     
   237.88698985492533     
   232.78146313249522     
   227.94400278034772     
   222.84345833159182     
   218.17522519423082     
   213.65962789423983     
   209.36376282653907     
   205.25152513699402     
   201.14426707148317     
   196.89403454548577     
   192.85889613801967     
   188.99502941828814     
   185.25924762386742     
   181.46235157368787     
   177.84351015897201     
   174.20506513065575     
   170.80438250806532     
   167.39358111997439     
   164.04897141398638     
   160.94321895848324     
   157.76637859615983     
   154.62159810063136     
   151.60190428002318     
   148.65917531487531     
   145.85607251619365     
   143.08680999858956     
   140.36896784696808     
   137.69530642478844     
   135.08256500218602     
   132.52497733041753     
   130.04351324312776     
   127.62885282158331     
   125.16929539502198     
   122.86834243820567     
   120.57804108276699     
   118.30885435351732     
   116.15159875993460     
   113.96950426245110     
   111.80749788252319     
   109.77300312480612     
   107.74863531442485     
   105.80105617705036     
   103.84782608891037     
   944.13923187730313     
   924.84456138354528     
   905.67394144995410     
   885.40477224274866     
   864.46041418539278     
   846.66885538138149     
   829.50868128529407     
   810.94459226979211     
   787.20626049010627     
   767.48840619170846     
   748.26756879305412     
   731.36495648982441     
   711.56079005200934     
   692.47819216033633     
   675.61882693098573     
   659.22385568171262     
   641.76398660971313     
   625.65841534565266     
   609.64916264237479     
   595.91157377658237     
   582.45816535574522     
   567.46615314123278     
   551.90086721768193     
   538.20624182863128     
   526.23680748191919     
   513.90629987313366     
   500.85006725911649     
   488.24829163171887     
   476.54780903060134     
   465.04747310876957     
   452.79117061188407     
   442.08545613049648     
   431.55507919025831     
   420.88356221147041     
   409.99331614800928     
   399.95885430670762     
   390.04680137194572     
   380.40498875524861     
   370.68724700622590     
   361.62866754288967     
   352.93835931865630     
   344.46168931849240     
   336.29536207322900     
   327.77279942952248     
   319.92584518974468     
   312.75183942748498     
   305.83302587210818     
   298.44513218782720     
   291.89766425062101     
   285.59319764864034     
   278.76844504725892     
   272.59828135451937     
   266.56527374872690     
   260.47436952274506     
   254.75157067811946     
   249.04995624146980     
   243.40455148020621     
   238.04196888562433     
   233.05092678959446     
   228.07103509647271     
   223.17145845707506     
   218.70434976825314     
   214.21789158735092     
   209.73876088270600     
   205.42035270891247     
   201.10144464298276     
   196.93169902888113     
   193.05214634492899     
   189.19415831327723     
   185.60277535113659     
   181.98640888094863     
   178.24489749892712     
   174.70453850372013     
   171.32320678345036     
   168.03201824929442     
   164.69090989647896     
   161.47334517313732     
   158.26272081773578     
   155.32768976030488     
   152.35827099524857     
   149.43865490403653     
   146.51745334872825     
   143.65142321137839     
   140.95576730221788     
   138.26221763458705     
   135.64234884844856     
   133.09910494959144     
   130.63160863293325     
   128.15950812514012     
   125.78435608244109     
   123.40763549310603     
   121.06325204972964     
   118.78543389899434     
   116.55630737898684     
   114.36342009617132     
   112.24778389394119     
   110.13754786227929     
   108.06861544549352     
   106.06451828998814     
   104.12913994945617     
   946.73465149679464     
   925.23170829057551     
   904.00269716314961     
   886.32366643194973     
   868.79219976622778     
   847.53509912694176     
   830.95997599481564     
   814.74735923094238     
   795.72870785529426     
   773.41470946550430     
   754.01795626900025     
   734.42286086546596     
   715.87646824036699     
   699.05025640596182     
   683.65134039912061     
   665.28959080127038     
   647.14486332409683     
   631.56648428863912     
   615.86491299280465     
   599.60032637091410     
   583.52928999696724     
   569.60178021566878     
   555.60370821021786     
   542.52472736500818     
   530.10449454003037     
   517.20467084592076     
   503.87024140252691     
   491.08965180205701     
   479.28141036085896     
   466.43490019930925     
   455.02848184609650     
   443.59477264555261     
   432.14131082005940     
   420.91799798413456     
   410.41268597988039     
   399.88032960471935     
   390.12883969680558     
   380.77215409345212     
   371.24827056991222     
   361.69178190382104     
   352.88039796009059     
   344.31463948199928     
   335.63197300033312     
   327.82730602698251     
   320.49246147722033     
   312.76712208431098     
   305.69056943227633     
   298.61665338818125     
   291.99919640652251     
   284.72647095262261     
   278.51540772146859     
   271.87912800208466     
   265.50967991787138     
   259.37217354543316     
   253.71363766680162     
   248.23221890497086     
   243.19916011541548     
   237.81541442373583     
   232.39658899974989     
   227.44953732115982     
   222.92234915280119     
   218.18046174724216     
   213.58726676387596     
   209.14499733098808     
   204.94489313592823     
   200.69258161354455     
   196.72288343502817     
   192.75552079995103     
   188.89436196909071     
   185.15725098673289     
   181.49349972529473     
   177.78301575110885     
   174.17770820031865     
   170.60210707988824     
   167.09809927754890     
   163.86323354787442     
   160.74812534733354     
   157.67879471882841     
   154.56958415643504     
   151.55879671052205     
   148.57113679979736     
   145.74900604889589     
   143.03193083751597     
   140.26542558454094     
   137.62584701603032     
   135.00598013671996     
   132.49815307723929     
   130.07118607339712     
   127.64113505024397     
   125.22458017722870     
   122.92284137983458     
   120.67630723487572     
   118.38246325797471     
   116.16989391047336     
   114.03129360889109     
   111.91112042121236     
   109.83198757018860     
   107.82863386293585     
   105.83920387301887     
   103.89797961214501     
   951.71063755769114     
   932.06931422905109     
   912.61841962674976     
   894.64278840116708     
   876.46138993321279     
   857.79961693084419     
   839.63219705250617     
   817.25816235641719     
   795.90720883611561     
   778.18245418875551     
   760.39648168989379     
   742.21612876303368     
   723.77085078571690     
   704.96644178237750     
   686.07816483812564     
   666.97758264316246     
   650.99007890052530     
   636.03554687430710     
   621.45400627795289     
   607.08416818190267     
   592.71425012616487     
   577.41009705874535     
   561.61582497767176     
   546.84571478297437     
   532.74390526212983     
   518.61014315550028     
   504.47185615617263     
   491.79776327347810     
   479.54375982071571     
   467.22357616361057     
   455.08625378819249     
   442.41716205657781     
   430.91223798894111     
   420.39193238709078     
   409.42074202686763     
   399.05801996255877     
   388.92621001422231     
   379.53003512577124     
   370.31423016645266     
   361.53979207874579     
   353.15650772108080     
   344.20050322779787     
   335.57585197744709     
   327.48640116129769     
   319.93837520475040     
   312.68990067551158     
   305.58012901523966     
   298.04973784980371     
   290.97663421868691     
   284.55785975531097     
   278.01674482510265     
   271.92451625893784     
   265.72686488018769     
   260.07054619250408     
   254.33894597743654     
   248.91985667116637     
   243.23850421640148     
   238.22660778788705     
   233.15419061754000     
   228.05934855674340     
   223.05965928244706     
   218.46383711889030     
   213.89872186505775     
   209.41156577131423     
   204.76713072849211     
   200.40934581465370     
   196.17084139780144     
   192.16032791167567     
   188.38438897051674     
   184.60236894933411     
   180.88800294387204     
   177.31148955191537     
   173.89499754905174     
   170.64286183899580     
   167.39819879193723     
   164.09916193727997     
   160.79274807365596     
   157.69585286944013     
   154.76036912682764     
   151.81915261873621     
   148.86414778065102     
   146.00594306663115     
   143.20276941630465     
   140.51167715584006     
   137.79433257089511     
   135.16219895624303     
   132.49488974398892     
   129.92739682618097     
   127.47720875817828     
   125.06672203993446     
   122.70567031195030     
   120.34926353158266     
   118.07286408700953     
   115.87791027119702     
   113.70573299431285     
   111.57884715113663     
   109.57212324881604     
   107.54571003861976     
   105.58327259760691     
   103.63821170508916     
   953.56645945466494     
   936.06096449185770     
   918.12125016017683     
   900.41821340853016     
   880.20563647981567     
   860.41545541303663     
   839.57532339437887     
   818.84482131312518     
   799.73630593716132     
   782.58255432057035     
   767.72500352619136     
   747.60804098979804     
   727.39023888845486     
   709.31518398475555     
   689.81263666918608     
   672.57736280205529     
   655.89611386947536     
   640.15452797271610     
   622.33047894768822     
   606.24902999522328     
   589.45096006100755     
   575.93054405025987     
   562.49805550323094     
   546.65565514247828     
   532.19083037926714     
   518.40175859969327     
   504.82969582167937     
   491.65497325330909     
   479.89005516618352     
   467.77591988520726     
   455.37670653327126     
   443.53450173993411     
   432.79423289544502     
   422.01870602000361     
   411.70070197480891     
   401.01104091466112     
   389.89138835786844     
   379.96182007637231     
   370.16749300257084     
   361.26773048225164     
   351.90229429149929     
   343.34978965724815     
   335.26342255443518     
   327.51351297337334     
   319.62428118239598     
   312.17389522064855     
   304.65296697099501     
   297.43286482822515     
   290.53567613595101     
   283.82172100084517     
   277.52463311319832     
   271.11437197246556     
   265.17079387823912     
   259.22750853026469     
   253.37807234976088     
   248.00391459794926     
   242.62048812050659     
   237.27699362048492     
   232.08802104898149     
   226.94969183322365     
   222.22978126584616     
   217.72973972990997     
   213.32155963216132     
   208.90036138980665     
   204.65071517184933     
   200.47292916407324     
   196.38347069276915     
   192.51458676493962     
   188.54667046461856     
   184.50366169026867     
   180.62652578271687     
   177.07520795229530     
   173.74004618236827     
   170.24905906350759     
   167.00393282300257     
   163.71949876685744     
   160.44340022009303     
   157.31585853664808     
   154.19917616772096     
   151.07719635516580     
   148.15612894784599     
   145.30630313329067     
   142.54711055828886     
   139.79678361596660     
   137.08976179467220     
   134.50931141278647     
   131.99079969307894     
   129.51593702368859     
   127.08488497119309     
   124.66451046886465     
   122.27556693597555     
   120.00126434560255     
   117.78129557297407     
   115.58819402313233     
   113.45872945166067     
   111.34167356989832     
   109.27074069912979     
   107.27414055010168     
   105.32374662704538     
   103.34230195828044     
   965.64815648832905     
   944.90626668695700     
   924.70961245260901     
   905.01090836018034     
   882.41696284783939     
   862.27533564917940     
   843.87753799800407     
   823.48502922265789     
   803.51396178727441     
   785.93909245674740     
   767.11320375766991     
   747.72031995362227     
   729.37811769154212     
   712.59105269775591     
   695.77932750706566     
   676.42956899698686     
   658.98579861258122     
   641.92589669614790     
   624.55723678219442     
   609.13523177596949     
   594.16245700195236     
   577.17966248905327     
   562.56469785496438     
   549.15612030738657     
   536.46796429833091     
   521.75635406121251     
   506.75369884023769     
   493.70018104157720     
   479.92723188119294     
   467.01643885281214     
   455.72081185232429     
   444.11237879311079     
   432.93625358989453     
   421.79850294880981     
   410.48422899089189     
   400.30248198223461     
   390.44472445280542     
   380.45843329789130     
   370.63093873054385     
   362.00947053071036     
   353.26232333995478     
   344.15779950423871     
   335.35230104386471     
   327.22221222855933     
   319.16018643775845     
   311.49783670910062     
   304.13961287017736     
   297.49308992476711     
   290.53623058948182     
   283.80382478339618     
   277.00656218453656     
   271.08593862756783     
   265.05976618944567     
   258.86601829671730     
   252.67058420029736     
   246.96045323513442     
   241.23078750775562     
   235.98004056427084     
   230.84886223909226     
   225.98482298388404     
   221.19390052828919     
   216.39579976685047     
   211.66895767947844     
   207.26266371585677     
   202.99329163102300     
   198.76306370612275     
   194.94121108277216     
   190.84839114146234     
   186.85708726168480     
   183.31937208283074     
   179.49812035454269     
   175.97570656173377     
   172.54895342369284     
   169.13162706035260     
   165.80912010358776     
   162.49538268046911     
   159.29581718455748     
   156.13032095583910     
   153.10919347888165     
   150.22184397689699     
   147.33764128229038     
   144.52744588885542     
   141.73050602618082     
   138.95497393118666     
   136.37763517037843     
   133.76457244887121     
   131.24590155137415     
   128.81241581518222     
   126.37411695899320     
   124.02606210613084     
   121.79038712000931     
   119.49794907433973     
   117.27886322621328     
   115.07730750063922     
   112.92305088728443     
   110.85982968940877     
   108.85083631647208     
   106.84614493942431     
   104.91037418668029     
   103.00248059469365     
   968.85004875769812     
   949.25578720724434     
   928.07256425538469     
   902.80540673558050     
   884.76102958095021     
   865.65709067154319     
   844.81108923420402     
   826.28551701719721     
   807.55790736716904     
   787.84335304831461     
   769.76834012948757     
   750.33835234869161     
   734.90891312295003     
   718.07280669826059     
   700.74304250362252     
   681.85536680551149     
   663.69996799372836     
   646.98697247014923     
   630.61411675812133     
   613.11171762719664     
   597.14200137333523     
   581.39659603364873     
   564.97726743132591     
   549.08591937607366     
   534.84460684722103     
   520.08128172465501     
   506.51296000995916     
   494.41824944289186     
   481.92753241296276     
   469.57239717994412     
   457.18776045537959     
   444.49750264084389     
   432.91668590404674     
   421.29161387927303     
   409.97703578896466     
   399.09809405845095     
   388.39874441122259     
   379.24124091190311     
   369.51388736863117     
   359.66263227428493     
   350.50116569508015     
   341.86369147805294     
   333.76946021090578     
   326.27355086134486     
   317.74382183820029     
   309.95530263794484     
   302.77024261813597     
   295.66749306098723     
   288.70987731144851     
   282.26434099456634     
   276.26780928502001     
   269.56357513385831     
   263.63150881330336     
   258.21962968499827     
   252.72465037493168     
   247.64711701564502     
   242.39812830552987     
   236.89572368668800     
   231.66482334046634     
   226.73075273700590     
   222.03681149023015     
   217.33597027774582     
   212.75169182364516     
   207.97303807752317     
   203.74280636752545     
   199.33808892660568     
   195.19424481011700     
   191.40966382028245     
   187.65797132562653     
   183.81395310394760     
   180.12692446360285     
   176.47879726340673     
   172.90058826042170     
   169.40624697073270     
   166.00205386862189     
   162.71574560895533     
   159.45393903805584     
   156.49361040497121     
   153.38457012421912     
   150.37415254374253     
   147.49214527512697     
   144.67265677094213     
   141.92412199445087     
   139.17265577307521     
   136.50225528318484     
   133.93481770667825     
   131.34323531274157     
   128.77075898516443     
   126.30123055120667     
   123.92521795767482     
   121.57293068933934     
   119.34023044614311     
   117.13345006629669     
   114.96046873330971     
   112.81330646127748     
   110.67801635445511     
   108.54875636118267     
   106.53426826890752     
   104.56597745001910     
   102.61652079696830     
   971.62894463596922     
   949.95511388514171     
   931.08370268481292     
   910.36631895981941     
   891.05640587086600     
   871.22920419393211     
   850.48362719078295     
   827.21103899862442     
   808.75476081574561     
   792.96640940473662     
   773.74201316060874     
   755.24828905370009     
   735.71488882510198     
   715.82470673951912     
   696.68986329672566     
   679.77770603385579     
   661.92878741887341     
   646.41222709315957     
   629.50554699615793     
   612.77714708509666     
   596.44056288345485     
   579.64020948087966     
   564.14120443041043     
   550.54279030211205     
   534.72772061247497     
   519.79474575962729     
   506.05404365130761     
   492.43629349923094     
   480.37274229486155     
   468.21695588122873     
   454.70573451284508     
   443.95243586615260     
   431.68956889861585     
   420.08030120286844     
   409.43191794694138     
   398.65334844926815     
   388.37505390088069     
   378.67984237376038     
   368.87844414959369     
   359.75518727030646     
   350.87126575446359     
   342.46688936755663     
   334.27373058520561     
   325.84991118241720     
   317.88223774105188     
   310.36912651162430     
   302.43145662428668     
   294.94562529831182     
   287.77963771021120     
   281.13420653391063     
   274.27340490351173     
   268.01413266197090     
   261.91558031075652     
   256.28850619118509     
   250.54115590409981     
   244.89150187593020     
   239.16783969932430     
   233.95393939017731     
   229.36068164309057     
   224.47833188139106     
   219.66781020241166     
   215.03321177554938     
   210.65187830753084     
   206.38917409652390     
   202.18077032156157     
   198.29458271877678     
   194.31386808063348     
   190.19646809630461     
   186.24596693378874     
   182.58707732057911     
   178.92202048982224     
   175.46382771392683     
   171.98802553673161     
   168.50596521076739     
   165.19803667883414     
   161.84206699423629     
   158.70800871013739     
   155.64688080264523     
   152.69272524574001     
   149.82677207170320     
   146.98893786412671     
   144.14883433509496     
   141.46897809942635     
   138.72992689670374     
   136.10425086068028     
   133.51479765312018     
   130.91197663983783     
   128.47003975467186     
   126.04939753181451     
   123.65769493076272     
   121.30860628609919     
   118.95955987376243     
   116.69677133516943     
   114.55435177777713     
   112.45380422508056     
   110.44669695177426     
   108.42119948875521     
   106.43579517594925     
   104.46377140760018     
   102.55378129518942     
   974.24435945719074     
   954.35439382919299     
   935.62190444798398     
   913.88777784765125     
   896.38548869144358     
   874.97256895336432     
   851.52100800409994     
   829.68134946188218     
   812.11443899955350     
   791.51566587622074     
   772.11441624949566     
   752.21654927122290     
   734.04220908251784     
   713.52576919334376     
   696.76418072768888     
   677.56427959888822     
   660.13577164030471     
   642.74858187810912     
   626.68585467809226     
   611.06885673961688     
   595.79152380000141     
   580.54641129291531     
   564.39812041108542     
   548.88408620802318     
   533.42650443964681     
   520.02839556117135     
   506.37369506615653     
   492.77435455683133     
   478.76951382431741     
   464.58217028885764     
   452.70898205483616     
   439.61141491915100     
   427.92577522979434     
   417.63164826017959     
   407.02826682169490     
   396.13458908707992     
   386.03301105663655     
   376.16300755641686     
   366.61762092859851     
   357.34088415212227     
   347.98928363271648     
   339.23266915590682     
   331.15705672488338     
   322.77524023760134     
   314.62781405872340     
   307.63227012609946     
   300.70612546371717     
   293.90490793800143     
   287.12521148137569     
   280.57450598826136     
   274.35264867109839     
   268.28568542984482     
   261.87506775272249     
   256.40032939011240     
   250.32625890482041     
   244.61753865829635     
   239.34324473058925     
   233.95374457429796     
   228.84502674635820     
   223.91234543596369     
   218.99118102970698     
   214.20261552817195     
   209.60596101188662     
   205.15762996300674     
   200.88311306249702     
   196.63450686905841     
   192.51957161592651     
   188.38244270640317     
   184.56463905620151     
   180.95377686286878     
   177.34429608932896     
   173.88314513505190     
   170.39753269044905     
   167.19459943805685     
   163.96955573877742     
   160.72645606503966     
   157.60324353686090     
   154.52017037661128     
   151.59842152440902     
   148.58902517041122     
   145.67180189101327     
   142.98108735333193     
   140.31364598764736     
   137.54280009957196     
   134.87342917922271     
   132.38841811515067     
   129.89031517445684     
   127.41418066994878     
   125.05256890635670     
   122.70434235695907     
   120.39512820559789     
   118.18383298082748     
   116.02200815480079     
   113.80086743800715     
   111.65747070013745     
   109.54393509007974     
   107.49970330792740     
   105.54179599221460     
   103.59749679192727     
   101.73776759827824     
   977.29760897337951     
   957.84881238186483     
   937.68873678251475     
   916.07306581271507     
   892.90542006214287     
   872.68243395193576     
   855.05474739433726     
   836.44225746539041     
   816.55357343689036     
   797.87126904489514     
   773.81740620427991     
   752.28487171317317     
   734.05564690103108     
   716.02114046879660     
   696.93985281098890     
   680.22327237316813     
   663.02408531632841     
   646.47982758701255     
   627.23786425481762     
   610.62741636927240     
   594.48262597997848     
   578.75702529790851     
   561.85291625088462     
   546.62581242553881     
   532.70818557456664     
   518.50915023115931     
   502.95034694832515     
   487.80122692560462     
   475.32774878887278     
   463.08205551678157     
   450.30711456987331     
   438.02961692487395     
   426.74410950518006     
   415.22345394164336     
   404.53100824883040     
   392.87671291373164     
   382.49186731285903     
   373.88549058953822     
   365.07771901193087     
   355.91177202489786     
   346.83347859710187     
   338.11107025699283     
   329.62848418745261     
   321.95386177754193     
   314.36597548459895     
   307.15991696151406     
   299.97227062348691     
   292.77111111880936     
   285.59673099755986     
   278.99098246193824     
   272.10646110101345     
   265.86144701883040     
   259.96683202422395     
   254.08731340896782     
   248.72604663874938     
   243.29478040877802     
   237.81730362985968     
   232.66455937763808     
   227.69153620079933     
   223.00663233325386     
   218.23461655796174     
   213.58032666150993     
   209.50438445694746     
   205.29594947729305     
   201.11228579530135     
   196.79017097344069     
   192.93035434237871     
   189.13929999866249     
   185.43466038064062     
   181.54843962555668     
   177.97605199979174     
   174.39538842651177     
   170.94690299513721     
   167.43349051888265     
   164.10622548271220     
   160.81595942289687     
   157.63003075476385     
   154.59211217929771     
   151.37620383717842     
   148.41324371082541     
   145.58629868510855     
   142.69587000919387     
   139.94185904261167     
   137.31695012166455     
   134.71031490484401     
   132.09170450922201     
   129.69054028268479     
   127.19525853429258     
   124.73095729913777     
   122.46696311670905     
   120.21330683991772     
   118.01403161244119     
   115.73827182326039     
   113.56439457419378     
   111.42484545952641     
   109.40997568442458     
   107.44765309481738     
   105.43034677591433     
   103.49945608391803     
   101.54968342213252     
   978.34206294014723     
   958.61650661150111     
   938.38456385114023     
   916.71524942580140     
   897.35765446963808     
   877.15609478621855     
   855.26761538009646     
   836.26061864180031     
   816.13925690309213     
   792.84525022308867     
   775.04634179399477     
   754.07578927135967     
   734.67936514789096     
   715.55164731586842     
   696.33159053246322     
   677.45141307532140     
   657.99168650304364     
   641.20984024832137     
   623.96419322993097     
   607.39557053015039     
   591.09893826596544     
   574.80690497228522     
   560.06515235505390     
   546.01066062738903     
   530.84727686506562     
   516.82314019370631     
   502.10067462547431     
   487.23836548918916     
   474.07986332519408     
   460.48205386321462     
   447.52979806485740     
   435.38796962618898     
   423.96868229024011     
   413.55588685120244     
   402.52369159667029     
   392.42841432492298     
   383.07769117342843     
   373.26526124440841     
   363.07797364938114     
   353.87219232132924     
   345.21168356713986     
   337.35478828431212     
   328.80831919975424     
   320.37772574173971     
   312.53266527473158     
   304.70107349768148     
   297.56299769709540     
   290.68228727874958     
   283.70783001514189     
   277.17808862665123     
   270.94344755136376     
   265.20713730500711     
   259.19383643238274     
   253.57376268473956     
   247.58095148039527     
   241.94382842565932     
   236.44463871601204     
   231.41770767458340     
   226.30109586982346     
   221.68526076615137     
   216.78595127055638     
   212.15960702117707     
   207.62921345149846     
   203.22343229287347     
   198.86642169848955     
   195.05093635429904     
   190.92818544205619     
   187.18877696547256     
   183.26958840792901     
   179.57249783703861     
   176.02216878981463     
   172.77389515518357     
   169.13629321586399     
   165.79139628648340     
   162.59199112242439     
   159.34004608756618     
   156.22051313053072     
   153.15816028197739     
   150.25091696518555     
   147.31987007124965     
   144.43130266231537     
   141.62099981006716     
   138.91409856325998     
   136.18861221355456     
   133.51810712034668     
   131.02954394578106     
   128.59473824646312     
   126.27218484663774     
   123.96904327226649     
   121.53304519146525     
   119.21583675626835     
   116.91893439589387     
   114.75563387967910     
   112.66596296156249     
   110.57012712084456     
   108.50975421995173     
   106.50283048171497     
   104.55468523195321     
   102.68429214914534     
   100.79190109226353     
   987.30468209219339     
   963.77188631246599     
   941.47221586544322     
   924.47275719779293     
   904.46077039758768     
   883.61500513699070     
   860.86329833951265     
   835.64747302695446     
   813.97588438178855     
   794.99633012995207     
   772.34180047995983     
   752.27902067440220     
   734.57037617993501     
   712.85302671391923     
   691.96280632105731     
   673.02003082949750     
   654.44669901888255     
   636.76493661170662     
   618.49405725329007     
   600.88695252657578     
   584.17502224958082     
   567.98450668036890     
   552.03281010414662     
   535.58731578133563     
   521.22935885971219     
   507.51946640035385     
   494.22659491644919     
   481.64369353755251     
   469.53931171343527     
   458.05485945313961     
   445.95275850047256     
   434.55238261787423     
   423.06446573166193     
   411.32394921019738     
   400.33692375889484     
   389.38987500795702     
   379.92846781060950     
   369.17937481509597     
   360.16989789115587     
   351.04678825297094     
   342.50215022965051     
   333.98028236006587     
   325.41260681461415     
   317.13776296680453     
   309.35618633526008     
   302.30376130020954     
   294.61322475083068     
   287.51072629317838     
   280.90919149909655     
   274.26059898836070     
   268.34372137377557     
   262.25804159660976     
   256.59121345907090     
   250.83620443656804     
   245.28485034025920     
   239.98078249463438     
   234.52095958378024     
   229.60048853225027     
   224.47219710944952     
   219.36745510987595     
   214.77846805267882     
   210.74750752710708     
   206.31954792034253     
   201.76037941545690     
   197.55928886676921     
   193.44700667524700     
   189.39345020607936     
   185.67756568186223     
   181.76470852324920     
   178.00312071978919     
   174.40833636280971     
   170.74918834322654     
   167.37207433744859     
   164.06308179866971     
   160.72220769990497     
   157.48346011284431     
   154.36141074612277     
   151.41014838851865     
   148.34028004947891     
   145.44262044039033     
   142.61677406130508     
   139.92757080813453     
   137.13974133406185     
   134.49658811532171     
   131.91987389419526     
   129.43825574800255     
   126.99223873436122     
   124.54863234741572     
   122.14313363184448     
   119.87169888393740     
   117.56794447391486     
   115.34650453009043     
   113.21639512493566     
   111.14993169863227     
   109.09624748205559     
   107.03824567556615     
   105.06322738088211     
   103.10940668109104     
   101.19348182516413     
   99.272358001637656     
   990.48066583174909     
   969.23168436990579     
   947.28314317256070     
   928.65015104885106     
   906.09223430320708     
   881.47925081316623     
   859.36411953616471     
   838.79509086102416     
   816.06367109050620     
   793.74609213283770     
   772.64633645268566     
   752.25778454325075     
   730.40804074581661     
   708.79679824500340     
   688.54356797496280     
   666.55012653639915     
   648.20661150466549     
   629.43456536690019     
   611.05562884758365     
   594.11419231848959     
   578.58012897819015     
   561.67727324936504     
   546.75883902433475     
   531.97522023207534     
   517.84998480185959     
   503.59411366014280     
   489.76851943241411     
   476.44497801021743     
   463.59453579380545     
   450.70083044055872     
   438.36395721753547     
   426.98619883286540     
   415.36153417604766     
   404.81276791374347     
   394.12941069996788     
   383.73340548410283     
   374.63725079001955     
   366.11757270661963     
   356.45215632896134     
   347.18735701051935     
   337.91564745016353     
   330.20576986053140     
   321.34196733463557     
   313.30029968073995     
   306.48277081559047     
   299.63852717167737     
   292.55235817487306     
   285.78279124114033     
   279.01205157424931     
   272.63743668668576     
   266.20913506454156     
   260.04631411692003     
   254.02990380091768     
   248.04497182448085     
   242.33449992382413     
   236.86594414032919     
   231.81936794930178     
   226.74193793079883     
   221.59139018603690     
   216.84620995643357     
   212.12106995850169     
   207.46935832851483     
   202.91930309633796     
   198.85290674397146     
   194.65691076939848     
   190.66939550613668     
   186.95076950648382     
   183.11437285606223     
   179.42595188055330     
   175.89703254007108     
   172.20850103563359     
   168.85454738733623     
   165.46782376859986     
   162.14448095746394     
   158.97008665759103     
   155.82033323806755     
   152.80291036689607     
   149.79031179832006     
   146.90342784704168     
   144.08319903109955     
   141.42827813195143     
   138.70969270245564     
   136.10463178004946     
   133.49573629993000     
   130.96004267444954     
   128.43638599842012     
   125.96921747158127     
   123.61581899216576     
   121.19682313384591     
   118.80989342455237     
   116.57306345929132     
   114.42307206484793     
   112.30136960364337     
   110.20785314792789     
   108.16176004949389     
   106.12345558429725     
   104.09817341100387     
   102.14130102588797     
   100.28323806023464     
   98.485833316071066     
   990.39223988666163     
   972.48762302471891     
   950.45599720152472     
   929.49039152910973     
   904.75502992997554     
   884.86554846771787     
   860.89606529866637     
   835.33885102913064     
   814.62091855877657     
   792.94166673278494     
   768.40615063460484     
   745.90155830085882     
   723.63081951543825     
   702.00273517003393     
   682.63462792338362     
   662.39027183722465     
   642.73028120105255     
   624.91517165879532     
   606.65197648389312     
   588.79792238516291     
   572.17434994591429     
   556.00682282544881     
   540.22484943351139     
   524.92497743017634     
   509.74406751046536     
   494.67003607872834     
   480.70130799038549     
   468.74726175456783     
   457.46838911941654     
   444.10012668189160     
   432.40534069589080     
   420.78323639323582     
   409.31857666383110     
   398.08467177366310     
   388.81743348210540     
   378.94864897812528     
   369.14949729925456     
   358.93187523207297     
   349.01281734474526     
   340.58447660006311     
   331.58952409026824     
   323.14594872710961     
   315.31037184337816     
   307.77617619382318     
   300.98053716589999     
   293.86831904159220     
   287.28079470459630     
   279.64809462766596     
   273.30656659119114     
   266.39572175299315     
   259.66301178528926     
   253.41511659542422     
   248.38075733613437     
   242.89115810506343     
   237.20717355318294     
   232.02358810993596     
   227.05026364680742     
   222.60176456718028     
   217.66668195925399     
   213.46746227359512     
   209.17129204197772     
   204.85452508288307     
   200.43734790341028     
   196.11252999254930     
   192.08474005139274     
   188.23348212548743     
   184.55764451712523     
   180.83918240546112     
   177.13819045583102     
   173.66810660872545     
   169.97823513289416     
   166.30094957627387     
   163.05992930777759     
   159.69330766871352     
   156.53415344912651     
   153.50116537716974     
   150.52535410409405     
   147.61454795468259     
   144.64961372246830     
   141.93047295730278     
   139.15331276347288     
   136.51538536907745     
   133.87811279423255     
   131.30313613058428     
   128.76263689322442     
   126.24672906799785     
   123.84741185223625     
   121.52257716725703     
   119.22701286190231     
   116.92249340348650     
   114.86503149578483     
   112.74040856404150     
   110.64120842260648     
   108.59663217676678     
   106.57717689065358     
   104.57179037714154     
   102.69466040501473     
   100.86771795046172     
   99.023982291373414     
   97.216147714731932     
   998.92202226296445     
   980.63233619284506     
   957.09998359598694     
   930.61564728680992     
   910.23990809219788     
   887.26053448933794     
   862.14516345898051     
   838.39882003507546     
   813.77316314885695     
   788.01423764979370     
   765.82423857907372     
   743.16911969967816     
   720.72157648144560     
   699.18621319982185     
   678.58319524585227     
   657.78298791990130     
   638.80409317793703     
   620.96912173028852     
   601.37153618227819     
   584.68368131736827     
   567.05909088381918     
   549.60412634767476     
   533.19120833948136     
   519.23803849092508     
   502.30555124259496     
   488.72195838199707     
   475.36227820352951     
   460.50821127356426     
   446.39780334523903     
   434.13470755957610     
   423.32711691808572     
   411.53532242994470     
   401.50420449682252     
   391.24699632080558     
   381.23148830798033     
   371.18118153820569     
   361.85519725495539     
   352.82566698730079     
   343.94399538150856     
   335.85102560973530     
   327.47405600123705     
   320.00101163916287     
   312.31876311339431     
   305.14657069284101     
   297.65914681799700     
   290.32633001149071     
   283.00586426526274     
   275.86352890752443     
   270.30550503647862     
   264.09613527606575     
   258.72169429629656     
   252.17817929753630     
   246.12055645636542     
   240.59669000536570     
   234.91285251823319     
   229.54447427076676     
   224.76491285871174     
   219.61378465666820     
   215.25962071896194     
   210.87294649564797     
   206.05312951782452     
   201.90401351058716     
   197.84484770509323     
   193.49739040264413     
   189.49065413095278     
   185.80254985767252     
   181.91853576242420     
   177.77669039155995     
   174.11105964042662     
   170.36668788939409     
   167.18965556705319     
   163.78319238321828     
   160.48591204924210     
   157.46778090669076     
   154.54952461631774     
   151.39284108421677     
   148.39151699439790     
   145.54566778447199     
   142.73142579220496     
   139.93719125809469     
   137.20291135015654     
   134.54392518193157     
   132.00507615816494     
   129.48712834948495     
   126.92740795734356     
   124.41755405239654     
   122.02199019399619     
   119.70693809261991     
   117.44120579502038     
   115.24744978546413     
   113.06367958861044     
   110.88223583467575     
   108.81961855580967     
   106.74663784794063     
   104.70210672065353     
   102.84098611652063     
   100.98100682400872     
   99.086024939281572     
   97.268351435363044     
   95.513392957625953     
   998.33725196457772     
   982.49377257035781     
   961.33129488926511     
   939.89248489821603     
   915.07107648031786     
   886.96882157087191     
   861.42687660270758     
   835.03903715314709     
   807.94414601291101     
   782.22485200902656     
   758.56678062002197     
   735.65418848850891     
   711.51840100032075     
   689.54486348681212     
   670.65982423449179     
   649.03551006244084     
   628.82713520721290     
   610.72231751255106     
   592.46465749770664     
   575.37290538786544     
   557.16923487552299     
   540.54244948658345     
   524.94986664224996     
   511.58206055061805     
   496.62537964546630     
   482.74680495490577     
   469.78133261606058     
   458.14307018138288     
   445.00625096986977     
   433.72676904879376     
   421.45469475304049     
   410.95233172667952     
   399.04155918251479     
   388.11157852023143     
   377.95368840056409     
   367.04176441206300     
   357.92749706004969     
   348.29256439893300     
   339.53085806906671     
   330.94750496341368     
   322.65876430769765     
   314.89613257426794     
   307.39582598878678     
   300.85113865109935     
   293.85282334930099     
   286.34553733051285     
   279.50989946062271     
   273.87675108472365     
   267.69167030539711     
   261.81416762163195     
   255.64553044516032     
   250.03083657803109     
   244.24438333123717     
   238.56741388266755     
   233.29919623879385     
   228.35053697997421     
   223.54244016578048     
   218.29307251448463     
   213.32954089635624     
   208.68735582834623     
   204.15372241493063     
   200.00508317735898     
   195.40905444094523     
   191.45641375518389     
   187.62141532133336     
   183.76970864465616     
   180.03656116292501     
   176.58915582600881     
   172.78368874276856     
   169.15594313168305     
   165.72509821206037     
   162.35174074261062     
   159.15364791621613     
   156.18833052846932     
   152.89649324508105     
   149.85750250941467     
   146.95516575053642     
   144.12287406127865     
   141.23606352991519     
   138.46425680931756     
   135.81897003456004     
   133.22821001493381     
   130.67646073936757     
   128.07981282042900     
   125.58538426944588     
   123.26984215255838     
   121.08389992658650     
   118.88477008361532     
   116.62383304049246     
   114.47511649854596     
   112.33051096364051     
   110.20600471570128     
   108.13548920546160     
   106.12021239293715     
   104.09322772586653     
   102.12514575172932     
   100.27128399102754     
   98.351214312170896     
   96.515777022966375     
   94.715492295559670     
   1006.5307519679075     
   988.90786246265645     
   967.04232451910821     
   942.03100735766429     
   915.47902763344962     
   888.07305900815231     
   857.84724364380804     
   827.29559621723809     
   800.61653523976111     
   772.44867109832660     
   746.10621827351360     
   723.11402333958040     
   699.43919378196915     
   675.72409610437046     
   653.15522802102350     
   632.48793771347687     
   614.68810910203399     
   597.63715740135490     
   579.53669993548669     
   564.67846878259638     
   549.01736113862160     
   533.74111973242577     
   517.95873617342897     
   504.25142527259555     
   489.74377068142348     
   477.77826167565536     
   464.07876704343488     
   451.85422583935485     
   437.98943074128556     
   424.56769739240599     
   412.63516488703561     
   402.98849442954281     
   392.16764957282646     
   381.39979758886830     
   371.71352266009842     
   361.50478152188424     
   352.95422517338602     
   343.73604358179364     
   335.70562786828850     
   327.45968423941747     
   318.11403802283382     
   309.87492778189761     
   302.25734485421970     
   294.00292536616814     
   287.09389853641744     
   279.64783120504455     
   272.37356002895245     
   265.63888690315855     
   259.44528158814052     
   253.45687764628963     
   247.80205825760780     
   241.62130748316238     
   236.41004982752787     
   231.76506477328559     
   226.90805472221177     
   222.05476952757590     
   217.30479798550377     
   212.81849577214069     
   208.19846753801443     
   203.93464715985209     
   199.51753929187862     
   195.64797651978449     
   191.34684768992392     
   187.44725527438973     
   183.46684542398719     
   179.76021197596569     
   176.05134710234944     
   172.29347257253599     
   168.88582627365966     
   165.61618999210461     
   162.33868660509418     
   159.08292198101833     
   156.02131560326069     
   152.92785833859259     
   149.82711574069779     
   147.09735702604226     
   144.30168124187594     
   141.45011922761233     
   138.74762152947261     
   136.10907547918976     
   133.50035594528521     
   130.99921186748853     
   128.42103377486208     
   125.93833606127278     
   123.52029755223961     
   121.17236461662536     
   118.88397638625040     
   116.65249452524114     
   114.47498396926542     
   112.33615951850774     
   110.24723416702837     
   108.24150711210214     
   106.21926872527503     
   104.25730498650451     
   102.39020227228866     
   100.47931595540220     
   98.566049448995614     
   96.784137262249743     
   95.067499359782516     
   93.313421173489587     
   1011.2891812813978     
   992.51209183271123     
   966.00296110124941     
   941.90828217870899     
   912.06084638341770     
   879.50323971125249     
   849.72094457528715     
   820.79364631312660     
   793.25999134286553     
   767.30915525916555     
   741.87550733483522     
   714.03409164357083     
   689.20307088289144     
   669.49542638323260     
   644.94976397912114     
   624.17772692053040     
   605.07363605576063     
   585.63664850684711     
   569.15126084234498     
   552.56580606580872     
   536.69158259819744     
   520.60267921631691     
   507.32733480651098     
   493.49572004882526     
   478.97179599754867     
   463.99305299611586     
   449.91246529808700     
   438.10477752337931     
   426.56677852219417     
   415.20684689989412     
   404.68497407947518     
   393.01673105143567     
   381.74884620580491     
   371.82863271997485     
   361.62617908358305     
   352.54899403995415     
   343.28328526015071     
   333.92018682534854     
   325.47262230337270     
   317.12963339767481     
   309.59726915655477     
   303.01813834415179     
   295.37200268144807     
   288.29223770789235     
   280.65124423856042     
   273.85343361382104     
   267.29866797515149     
   260.92359389353578     
   254.92318836856805     
   249.31730528621532     
   243.23149657160280     
   238.31147814169032     
   232.85975053773967     
   227.16760299302223     
   221.51339234697610     
   216.90862760493704     
   212.08789830474660     
   207.40777515241589     
   203.02968052668371     
   199.13120801191275     
   194.67550055682588     
   190.68684134611001     
   186.85981727525848     
   183.21478346355045     
   179.42268292600841     
   175.67097215369921     
   172.04027330797811     
   168.59675634537379     
   165.03539701082963     
   161.45395212563096     
   158.22866192921620     
   155.30544797301457     
   152.22808914493137     
   149.26182086015385     
   146.26497661455997     
   143.38227304530665     
   140.53581761948087     
   137.81038132030676     
   135.19910805627839     
   132.41407291007351     
   129.83950669254722     
   127.31125571296003     
   124.96452972445306     
   122.55164758802758     
   120.33665267593344     
   118.06432699296980     
   115.87391526820163     
   113.60056782194349     
   111.48888878563835     
   109.30151222998110     
   107.18097416319458     
   105.30362886887899     
   103.28976962404805     
   101.39727607676079     
   99.543741763436898     
   97.685848560201222     
   95.932409731894495     
   94.170757067005709     
   92.501018354169091     
   90.887757895285034     
   1020.0544900200231     
   996.92981859237989     
   968.49191096648292     
   937.44005580468991     
   906.29936502865280     
   875.55257343092330     
   846.00513885332634     
   813.22421545878080     
   782.26870218358420     
   752.26460707261151     
   724.72516033729448     
   700.82232713366955     
   676.80894570678493     
   651.46795588041266     
   632.33744669017665     
   612.54548849048956     
   592.63648017326659     
   573.04939256905982     
   555.08418888848064     
   537.95470418229331     
   520.10386139156992     
   505.33130123666615     
   491.82094455655982     
   476.64247600612009     
   464.03149992448516     
   450.67744520056522     
   438.28643969856216     
   426.31581245920415     
   415.58967204585366     
   403.65001879201401     
   393.59651685129563     
   382.89423271446378     
   373.48730991252097     
   363.21119146665268     
   353.82068314246135     
   344.48625011034881     
   336.24648617286181     
   327.41162472740683     
   316.94187030735259     
   308.31566440254221     
   299.88814573122920     
   292.80145505854239     
   286.39690434668012     
   278.72426649637686     
   271.34822237000492     
   265.05020980999450     
   259.22827051603230     
   253.10338906723780     
   246.85083314192715     
   241.71649492317297     
   235.93993472882181     
   229.81409697863182     
   224.98305418687880     
   219.98667686808034     
   215.30808073971369     
   211.20544038677727     
   205.91965524782006     
   201.67266663308990     
   197.08665703814376     
   192.86791550002175     
   188.30815052345909     
   184.30809476178155     
   180.61505779552016     
   177.09201170009504     
   173.73007417925064     
   170.17108892760544     
   166.55347609873198     
   163.52613983800040     
   160.09746272012390     
   156.86449578482478     
   153.73853255115836     
   151.00122570909738     
   147.92376450635777     
   145.11365256577122     
   142.48286880213902     
   139.75689692083773     
   137.13601721890450     
   134.53795547594254     
   131.83619246040030     
   129.28819299121886     
   126.71251202609851     
   124.20925431960219     
   122.01549404597776     
   119.57040956848765     
   117.25916925037913     
   115.13536775670882     
   113.02630604763573     
   110.93022530496381     
   108.74050166747303     
   106.68537417110291     
   104.74790166320179     
   102.85607291573371     
   100.83985584337961     
   99.156840103202597     
   97.251769825269832     
   95.407885453539691     
   93.667175765942631     
   91.946788508798420     
   90.279579671648946     
   88.685108075301514     
   1025.6836498887242     
   997.61169915911501     
   966.47587262347270     
   934.82615067276072     
   902.51941901549822     
   865.27735415653535     
   830.08708915175725     
   795.85480089669772     
   764.90016595790189     
   737.24417791965902     
   708.77851662628245     
   682.75842222695155     
   658.73965082145764     
   637.90434990858785     
   617.16727856981231     
   594.99194616208695     
   574.07374392663792     
   557.88481950011465     
   541.62691216386293     
   524.09494984120602     
   508.30892727834583     
   491.33009331865571     
   474.80950400252914     
   459.34267433250744     
   446.79423913002893     
   435.06632084818341     
   422.47147208729837     
   411.78015853186105     
   400.29857978854585     
   389.73569423300330     
   376.67929583151368     
   367.80299229404523     
   356.93622767705915     
   348.41705568871714     
   339.87941555018023     
   330.60269974698917     
   322.65643929769635     
   314.98066737249019     
   307.08814418097541     
   299.83443314621115     
   292.76469103020850     
   285.93981545232083     
   277.92652165756198     
   271.50533197251696     
   264.05774376895283     
   257.72360971504480     
   251.16820720466993     
   246.06157346231859     
   240.77606003227834     
   234.67793580306673     
   228.76417500106896     
   223.18358899315069     
   218.50617622217510     
   214.29065480909281     
   209.10646703644082     
   204.71802873387944     
   200.29274602524288     
   195.87295177491674     
   192.01814608537978     
   188.05709255454471     
   183.59764021093824     
   179.53540793046403     
   175.82415503792589     
   172.43967394534809     
   168.46612323254598     
   165.32437220850636     
   161.91937253941458     
   158.63465901448859     
   155.70524820478241     
   152.52292296414356     
   149.27031500057240     
   146.13827852798966     
   142.99796332793321     
   140.23976004727857     
   137.50075470704465     
   135.24144800706694     
   132.66087251927678     
   130.07632078653464     
   127.80382038492959     
   125.40210540794533     
   123.08898309539815     
   120.80582936966579     
   118.47884611166243     
   116.30471510490054     
   114.09174090531542     
   111.94100165884356     
   109.87956292567935     
   107.73262574908961     
   105.60762066660081     
   103.84570354958959     
   101.87861405081993     
   100.04559643637921     
   98.076075862867881     
   96.174373426413567     
   94.450924119657131     
   92.741932338168866     
   91.062468912421636     
   89.442931779169967     
   87.823480593486394     
   86.219965438064960     
   1024.2707582511746     
   998.79271372157541     
   961.81581322797615     
   926.71359759307870     
   890.34996662903734     
   853.93094414236555     
   816.87236474782014     
   780.63252831178045     
   749.65798181856849     
   719.32409765560624     
   693.76536274892612     
   669.21313334134243     
   644.45243687562061     
   622.01309035545114     
   600.57937832767357     
   579.44885565270783     
   563.16865068525237     
   543.65895695514610     
   524.19265262816896     
   508.50345724794511     
   493.43121792250065     
   477.39838773510417     
   460.01152054537658     
   447.80790807451342     
   434.94653522657597     
   421.96239925335254     
   410.31830329343245     
   396.74252425929399     
   385.28211284998230     
   375.34931501973875     
   363.50773030553847     
   355.96269116119475     
   347.79594662671968     
   338.16408537536535     
   328.35069675093769     
   317.98221430367380     
   310.32526005786286     
   300.26964815244617     
   293.20841702270172     
   286.34171059452336     
   278.96726972808727     
   273.35894752349981     
   268.43132945994455     
   261.40647263049675     
   257.08824085719107     
   251.85053238609541     
   244.80460047390699     
   238.89801902948452     
   233.75879083102240     
   227.64770567120817     
   222.50666675146380     
   217.70025772896784     
   212.41269217988227     
   207.60406293488765     
   202.43607998905935     
   198.52359405288399     
   193.83632508663510     
   189.71176829035625     
   185.58851463353983     
   182.35598896853247     
   178.45516565579337     
   174.31743444697273     
   171.01314509048166     
   167.34437142049993     
   164.26590669783150     
   160.74860218243734     
   157.64719757387539     
   154.17139292408353     
   151.38134460835053     
   148.33674709226409     
   145.16279466324582     
   142.65212754288589     
   139.62972435971056     
   136.89621797112653     
   134.45258204586872     
   131.51560504576540     
   129.01489998202359     
   126.46449410019952     
   124.06513358898749     
   121.73880025463571     
   119.29971539895672     
   116.94419630346619     
   114.58603907058443     
   112.43168951508125     
   110.27173214712435     
   108.28775735480237     
   106.20613258368226     
   104.21395443853181     
   102.31176472378991     
   100.46897201326661     
   98.713216415784345     
   96.949483290504517     
   95.186493672187552     
   93.453057930200913     
   91.785235934064644     
   90.100231414888427     
   88.540510035311513     
   86.898016166743915     
   85.337157226298871     
   83.718510262716762     
   1037.3669405800476     
   1005.4060510664646     
   963.97522704387757     
   920.21199766971517     
   876.15699378484373     
   836.14182313624701     
   799.96507036408298     
   764.73787169474497     
   733.22066595560636     
   703.21104444964885     
   674.81435083528481     
   649.11095743744909     
   623.03845890526304     
   603.32653074024165     
   583.12655586070400     
   564.88776287014150     
   545.90105794939620     
   528.63905907778474     
   508.83630597873520     
   494.35936056374419     
   478.72440904316358     
   461.68296602666214     
   444.09000229314080     
   430.81891147847443     
   417.41743637688484     
   405.61815487046340     
   395.24820492094852     
   384.94284266716824     
   372.62574306867407     
   364.19671722708131     
   353.89134605828565     
   343.59025970319874     
   333.66224319491545     
   326.23200849946988     
   317.87481467918599     
   309.34402481784281     
   301.53419087458360     
   295.13170864771070     
   288.29346082544271     
   279.48237104316303     
   272.10009042585779     
   265.70580383078266     
   259.95768007654590     
   252.62053706935490     
   246.21767776211101     
   240.22318946169884     
   234.39722331467715     
   229.33229388892340     
   224.10090760451993     
   217.50004789899293     
   213.40346754178142     
   209.19324177014909     
   205.09730760374896     
   200.21676673279848     
   196.71021492104970     
   192.62107603105090     
   188.15717894781974     
   184.39312934699575     
   180.64787821865633     
   176.98572398918225     
   173.73598074744945     
   169.66790325303393     
   166.56304977860242     
   163.28584526158403     
   159.64906033642822     
   156.63385440348009     
   153.07337230141528     
   150.13696283397093     
   146.96735544795837     
   143.83008080550530     
   141.09516606206782     
   138.41386077339010     
   136.02473074106965     
   133.53499150097534     
   130.81051100287391     
   128.18400442764460     
   125.63310076823545     
   123.31353219291292     
   120.82390560986150     
   118.41114743622690     
   115.84246056201960     
   113.72243406423689     
   111.73293237032139     
   109.63578310612991     
   107.84934280902553     
   105.77390225824692     
   103.72067605352120     
   101.63419647151713     
   99.800327596214984     
   97.947124570790720     
   96.197068243942297     
   94.319057644376073     
   92.638902317027842     
   91.011043891586326     
   89.375295692567178     
   87.790806309919333     
   86.132817595531662     
   84.671871858900431     
   83.216885117874369     
   81.656213060624410     
   1044.3743177408307     
   1011.3435033380051     
   962.89290010948775     
   916.82523682535566     
   869.07831913790517     
   822.13233722653854     
   785.80824111413926     
   750.78294180680825     
   714.35915650884829     
   685.61727620358499     
   656.51119213165805     
   635.38080640830503     
   610.18692495392418     
   585.55052342472095     
   565.02525542282035     
   543.81821491287724     
   529.11444767795672     
   507.75687337596344     
   492.58450029637237     
   479.20128917351354     
   459.55522550568281     
   444.05336623268431     
   435.77021364993936     
   420.52575250150568     
   407.16119990376365     
   396.64088667137128     
   383.51167774789076     
   369.57640910002232     
   358.79431791012308     
   348.18613609667148     
   338.65837999910644     
   328.44501738306798     
   319.87889525902062     
   310.31527263318065     
   302.62407327087431     
   295.86888498477555     
   290.68053728329932     
   282.20921662906096     
   275.19126455240519     
   268.76983968921974     
   263.10298108239760     
   256.95386909241711     
   250.50692558981208     
   244.56312910693217     
   240.10558470391709     
   234.32158849110715     
   229.26279334075531     
   223.42501451941763     
   219.25634655690578     
   214.31007536548779     
   209.00957743971748     
   204.34492551382991     
   200.62497587834972     
   195.51778692399205     
   191.28688697985604     
   186.51390136098235     
   182.61675140606530     
   178.10101259856233     
   174.68910789759792     
   170.93660342404581     
   167.14278798480041     
   163.33650517286523     
   160.29645300862154     
   157.04268927777883     
   154.03576110081173     
   150.69628368153573     
   147.64136286664061     
   144.88647854458182     
   141.87889533606869     
   139.03026052286003     
   136.51687506945288     
   133.89424639383782     
   131.46918424256069     
   128.63126074700506     
   125.83996300459205     
   123.78192882043706     
   121.61779175952707     
   119.37489069767034     
   116.79629122070266     
   114.78777070431474     
   112.62975225788456     
   110.31443918885626     
   108.34376592049541     
   105.97557743066621     
   104.11398765309070     
   102.34221496360850     
   100.44433146476635     
   98.733325387679528     
   97.100578293877604     
   95.277707621431162     
   93.474056125877823     
   91.671315862699245     
   90.024500028810763     
   88.367679303871057     
   86.854741865548831     
   85.315911719727055     
   83.844245712176345     
   82.293714568593032     
   80.939232247012882     
   79.539449601863836     
   1052.0413199332140     
   1011.2974699689928     
   961.85944235107468     
   909.55692119739797     
   858.77781208359124     
   813.94582088423329     
   773.47531915417846     
   739.02717993038959     
   704.71059424080829     
   670.96240683015935     
   642.46798915778936     
   616.63976891957873     
   591.93422293961135     
   569.60488567466882     
   548.36353490724832     
   528.62892878243895     
   511.29372054588890     
   493.81042746791064     
   476.37128912070739     
   458.98124228046998     
   444.71952736349181     
   431.77468790815595     
   416.38566396639993     
   401.80731615144157     
   390.82600193319871     
   381.19100743485933     
   368.83718297804512     
   358.95888900299906     
   347.66228935695051     
   337.54465283812783     
   328.20007442927533     
   318.74566732727112     
   310.25241334310653     
   303.91392448472266     
   297.82788260620327     
   289.32274300442407     
   280.96094839287514     
   273.22316447754480     
   265.40350968552053     
   258.61191793410489     
   250.80015215664758     
   246.53451167923589     
   240.50315524062526     
   234.95972417704851     
   229.16310823231447     
   224.00506505982636     
   219.60144523761255     
   214.26070635206943     
   209.78839711967237     
   205.30043877614926     
   201.26015670045285     
   196.45475554724663     
   192.82103868818751     
   188.24859188350786     
   184.55200385726010     
   180.81260240560917     
   176.23115679917763     
   172.82487918385294     
   169.14831702391825     
   165.96935135679314     
   162.13685071998250     
   159.49642503644841     
   156.11594743051569     
   152.99210180312065     
   149.70166114331590     
   147.43834695852468     
   144.59822976056560     
   141.68385957579517     
   138.88756117300741     
   136.16338225476693     
   133.73140116561780     
   131.28397505896027     
   128.78221930329644     
   126.02943331099107     
   123.53703458986969     
   120.89689623088213     
   118.64484059055800     
   116.31069665426770     
   114.09520257130242     
   111.98606918651537     
   109.59488451874955     
   107.50432225090813     
   105.65561831603497     
   103.82979739695882     
   101.91600418199640     
   99.858252147015577     
   98.064193994823654     
   96.154781443996256     
   94.295838070727598     
   92.657698387203311     
   91.020868379698413     
   89.477797388300118     
   87.715706894656932     
   86.333258719713456     
   84.597295213729524     
   83.108919764839740     
   81.544877526568072     
   80.140752737384531     
   78.778342989686749     
   77.432160306186887     
   1058.5727743184709     
   1011.5975231246439     
   958.69011606729055     
   903.16905339143193     
   847.06824897047250     
   804.69107133320631     
   759.97119809459741     
   723.20820098570732     
   687.30856727320838     
   655.02342209647895     
   631.68512351410413     
   603.80951174941833     
   578.90646815754883     
   555.95027310480918     
   535.97939428468362     
   518.40324618915429     
   499.04209809554425     
   475.05513806466672     
   463.51411730251442     
   450.95594877551957     
   438.13644397157975     
   420.52612074219883     
   406.66312393780180     
   390.47610548026125     
   382.08559164092753     
   370.91139387231954     
   358.80094193019619     
   347.20067104161194     
   337.09786205247752     
   328.74451408927393     
   317.28280595319359     
   310.96132765734615     
   300.80714387278965     
   294.22248964889872     
   284.80361750637701     
   276.21103690460910     
   268.91338322652609     
   263.03069035151611     
   256.13280545634410     
   249.36420015450409     
   242.62359629620556     
   237.40751219283996     
   230.91744299744272     
   226.59002503747550     
   220.51675928467748     
   214.91575491444536     
   212.15787557820150     
   206.37581589853440     
   201.30022484894130     
   196.67236799870088     
   192.12020493231427     
   188.92054640510312     
   184.97134099229285     
   180.69009434796359     
   176.42718874486678     
   172.58743533170349     
   168.99988886167296     
   166.40658031954604     
   163.13690128394757     
   160.61491616090024     
   157.87122787340530     
   154.40989663675654     
   150.98254789058862     
   148.07828793998968     
   144.71771051503782     
   141.79987104916714     
   139.04631123634414     
   136.31583544572166     
   133.93240219810650     
   131.21026402587057     
   129.20653984884748     
   126.67663564973384     
   123.92850569091237     
   121.38044835030227     
   119.17687749620420     
   117.04786396308910     
   114.90002073543681     
   112.87042908015042     
   110.14132845522769     
   108.01936055828412     
   106.13747892996885     
   104.24568637949955     
   102.39800972946161     
   100.52562681771346     
   98.796901839479148     
   96.978169586938932     
   94.933291470536915     
   93.552710787909177     
   91.511776314263585     
   89.813085645200132     
   88.184900267443538     
   86.717790697484560     
   85.386462364161133     
   83.784762393342220     
   82.305533474168627     
   80.909052817166454     
   79.425499200707591     
   78.053967020595437     
   76.729566245557024     
   75.322560576129007     
   1064.4057847580468     
   1015.7337800907720     
   955.88717268042512     
   897.16869903420945     
   844.16395757412215     
   799.11803377793876     
   756.81365343439620     
   715.53951598246863     
   679.88793347049489     
   646.47765790047538     
   622.16173724101634     
   597.23141171275336     
   573.37103595147335     
   548.73530950860675     
   523.57075564269246     
   505.95903995295299     
   488.22817535518163     
   470.90393300414098     
   451.10729597403952     
   437.08459996298416     
   424.48747462416645     
   410.91129952025472     
   396.11864314641429     
   385.30730733356040     
   372.49314192726195     
   363.45059635587859     
   351.18072564822245     
   339.77705321971433     
   330.70185302606649     
   321.00137571501716     
   313.39625013654546     
   304.33551346344825     
   298.53107443645075     
   287.86894236250225     
   280.15260691809397     
   271.55468156924178     
   264.25327128784721     
   255.89611025099447     
   252.15146871403124     
   246.36904283151580     
   239.49106701247354     
   234.55038866340630     
   227.98700120976886     
   222.27643095961557     
   217.83355259041141     
   211.74543806855337     
   207.44217105383748     
   202.75938426785189     
   198.96877156933124     
   193.02072935407332     
   187.36427122315331     
   184.96087580504081     
   179.67403761673694     
   176.03038176888512     
   172.38941967039750     
   169.70824823408549     
   165.71315489802760     
   161.29495864244177     
   158.82743845141499     
   155.81403660432235     
   152.23995416754454     
   149.62412745812404     
   146.74541233440618     
   143.77482256580896     
   140.81650519171012     
   137.71349387941592     
   135.33959454118090     
   132.17825074822738     
   129.06001349026835     
   126.00139713331961     
   123.32299198085499     
   120.74267819290438     
   118.61724630181116     
   116.64720266156493     
   114.98067756681181     
   112.58466158340636     
   110.44384863598290     
   108.44664876463239     
   106.46605185573490     
   104.98574930995446     
   103.03236673209520     
   100.85407263062272     
   99.235971700479467     
   97.097076464920036     
   95.636529497540337     
   93.825717985815757     
   92.439240649039945     
   90.958488237349258     
   89.386867366291582     
   87.806403788721511     
   86.393928411230434     
   84.944146414091804     
   83.519544144575207     
   82.063087727017773     
   80.561463964111340     
   79.202544600749889     
   77.738388185505727     
   76.315712440378178     
   74.860129570076481     
   73.443017451128782     
   1069.5046683123680     
   1018.1648506855020     
   954.44212393283703     
   893.05127211455067     
   841.43172588174286     
   793.64641583271350     
   751.67915506112627     
   707.85122389091350     
   672.50340524964622     
   641.64119100322023     
   607.29160667262477     
   585.31469730753292     
   561.59907389599937     
   537.28706167412508     
   511.86420138270540     
   496.89577209422902     
   479.00312083543332     
   461.51603414237422     
   444.04470463165813     
   431.07594274251346     
   412.33011672141549     
   399.07769004338917     
   385.75062916106924     
   376.09396988987214     
   367.61431755163596     
   359.84134126393297     
   347.19099972004801     
   333.37943193031413     
   325.37833932892744     
   317.07150476439688     
   308.59690720030966     
   297.24177415374913     
   287.99886969606132     
   281.52023474626287     
   275.33861456372881     
   267.58805049442060     
   261.54408586879606     
   255.97651948741003     
   250.23085442107870     
   243.68551042635576     
   236.72776415701489     
   233.77788208168499     
   226.31028803119040     
   219.58884783048100     
   214.99739051524892     
   208.78137252077062     
   204.63517385614955     
   200.18337412557207     
   195.67772753384213     
   191.98255395722236     
   187.87490078668603     
   182.96569126327199     
   177.54746795871088     
   174.03659400157241     
   170.49814821599526     
   166.32070581553285     
   163.65805085063545     
   159.97651781882072     
   157.19609101544859     
   153.16650307297598     
   150.38427698194033     
   146.31560485516255     
   143.13101421709271     
   141.16685517701168     
   138.56905804643247     
   135.29372697429736     
   132.32360374652171     
   130.43249696928322     
   128.05290017174619     
   125.71647031845274     
   123.64637392129937     
   121.00813790384862     
   118.75302196760916     
   116.69608205520170     
   114.42424085022623     
   112.33780838087385     
   110.72827280420748     
   108.62996194548637     
   106.36925906649589     
   103.74112482296644     
   102.31768956106546     
   100.21412614649532     
   98.157230792764750     
   96.574816428410685     
   94.496813948728942     
   92.825716412006813     
   91.110533627291559     
   89.346879160832103     
   88.003286030216074     
   86.387825712642524     
   84.814161587084641     
   83.302949232659870     
   81.598129068554641     
   80.212217801826398     
   78.678862262098122     
   77.306041126106507     
   75.909681150006890     
   74.518828619968843     
   73.059002652031594     
   71.637172013703207     
   1070.4458353880650     
   1020.0528262842736     
   951.87531412745011     
   893.06547934631067     
   835.81584915078145     
   786.41086989750136     
   743.01905207389018     
   706.23609848925628     
   674.36838590682248     
   637.76961462807708     
   603.58707316054938     
   581.87590404579612     
   558.58170601599511     
   534.99998765326052     
   515.97319500021138     
   495.49937046036115     
   479.26350708966334     
   459.03939620730785     
   445.64317220867008     
   427.81282032707264     
   410.58686361650769     
   395.32381965002998     
   381.67079134039608     
   370.53428536766927     
   360.02604349415168     
   350.04669152209050     
   337.78880467271961     
   330.28104044807918     
   320.12208179849409     
   312.21494499489074     
   304.76180819255518     
   296.84109509205217     
   288.39377638943796     
   281.19432793131369     
   274.41190294348473     
   264.58010195977857     
   258.98587634577336     
   251.91361428982364     
   247.22308373038558     
   240.47818472858526     
   233.69845273126128     
   226.98708201618405     
   222.06181882503824     
   215.28236651441659     
   212.37370554248000     
   206.77930221815870     
   200.90137980525205     
   197.43296625395817     
   194.07480754758393     
   189.10013533412754     
   186.39563881553346     
   181.61598566656386     
   177.91295732928080     
   173.53430403395333     
   170.16008433538423     
   167.32574695096324     
   163.77009160094056     
   159.83051166026070     
   157.05398080113787     
   152.79716825398592     
   149.91964284452382     
   146.94061865389705     
   144.35296904003786     
   141.55049618414887     
   138.37015717225475     
   136.28937719956483     
   133.02700455308002     
   130.64225411871672     
   127.72397368844926     
   125.03864549555018     
   122.52816435298212     
   120.04236412841226     
   118.04276735625956     
   115.78950618216903     
   113.70474648412986     
   111.06719037194927     
   109.04028786578498     
   106.94605743777184     
   105.12419563218857     
   103.35853151874009     
   101.39914931930129     
   99.847192648292008     
   98.022649977072433     
   96.193649760412427     
   94.115063537921614     
   92.450029992345804     
   90.657834946507450     
   88.896805404406308     
   87.234618851480832     
   85.751095217811255     
   84.152243765820103     
   82.609400208393239     
   80.971050387208294     
   79.555084168418347     
   78.286150836043049     
   77.200279728244894     
   75.939951725519393     
   74.493626067739470     
   73.257430012251021     
   72.036862718018398     
