           1
        3200
           1
   941.86480900219055     
   895.01487156619419     
   863.80773815275984     
   837.60306650294956     
   816.63713767929141     
   798.60011993979651     
   779.03101006848442     
   762.11299859041810     
   745.46687032313014     
   726.49770454071302     
   708.93332577116712     
   692.68510414061438     
   676.93934437269195     
   660.60051264031949     
   645.32922129082704     
   629.98979942520396     
   617.42230867951764     
   602.26455210161748     
   587.94758144371747     
   572.78044248419167     
   558.38949825826967     
   544.97381532549423     
   531.90467096271254     
   517.85591804721105     
   502.53797752506404     
   489.77666979820788     
   477.48131239396275     
   466.18470089985846     
   454.43901502340202     
   441.86983393081607     
   431.76126468953044     
   421.82445275340103     
   410.91478074012093     
   401.30953403563575     
   392.45330402947656     
   383.75340638615910     
   375.62399003485604     
   367.24025262498810     
   358.42325779636315     
   350.03470359855044     
   342.03193211137784     
   333.86433463247124     
   326.54498981871029     
   319.46168071867891     
   311.36357503641608     
   304.20795329437539     
   297.10026006201736     
   289.74987598607629     
   283.28973491989416     
   277.36151519353967     
   270.95648951731130     
   265.03222409477337     
   259.76339874839266     
   254.27772683922967     
   248.90451845682509     
   243.58490165498336     
   238.30980874805297     
   233.00771306656372     
   228.02657867974753     
   223.06027215873411     
   218.42334409343067     
   213.79887481900877     
   209.36855801799550     
   205.10025718243196     
   200.77467851588190     
   196.77498424837978     
   192.60626055278027     
   188.82936678162159     
   185.12397627527608     
   181.14077335068663     
   177.47041116726524     
   173.94715714079925     
   170.68318690958125     
   167.33753039913867     
   164.08094557794033     
   160.88462879150410     
   157.71307219071377     
   154.81243295783244     
   151.82113996111079     
   148.96755570358593     
   146.04191333706072     
   143.20790505423469     
   140.50259133876557     
   137.77595211536402     
   135.07654857713626     
   132.52345426343649     
   130.02851315834570     
   127.55873215490668     
   125.18180727732815     
   122.79727236518585     
   120.45391664711669     
   118.12596277160392     
   115.92685446060774     
   113.78659736677859     
   111.64196561384765     
   109.58656545400463     
   107.55769254679271     
   105.60081940566121     
   103.67423203331505     
   101.75007822387525     
   960.84257666020926     
   936.58927375296014     
   903.84974962299032     
   871.38260532530433     
   843.84134239596835     
   820.10853156441112     
   799.91669768697875     
   781.54781368258750     
   760.04186637098928     
   738.73538976262785     
   721.53724866633365     
   707.92688106497474     
   690.61574795759964     
   673.21897018301092     
   656.35163649134893     
   641.49269832936488     
   626.70963239438493     
   609.95998767017272     
   593.11690144794863     
   578.90775455672201     
   563.02825732276767     
   549.13854790538278     
   535.61025630804420     
   520.82017470631547     
   509.83737494985525     
   497.70607515165716     
   485.95105120039756     
   474.38249623654377     
   462.14143007335133     
   451.67385584272938     
   442.43703189288652     
   431.25528842139937     
   421.12852354689863     
   410.06313925619395     
   400.92306718901546     
   390.60848931855628     
   381.02423935755257     
   371.69068892376708     
   362.88827611330026     
   354.17598330222228     
   345.82876567894050     
   337.72037043454208     
   329.83714160347722     
   322.07561548482749     
   314.97099187590624     
   307.00812909114899     
   300.01862456660723     
   293.00552206971719     
   286.70207707854894     
   280.43408505905717     
   273.71770970105058     
   267.84722944353302     
   261.78056179914711     
   255.94122303543836     
   250.03071191167504     
   244.41831996073671     
   238.91275387424457     
   233.83471473496917     
   228.70786563647317     
   223.62728371899618     
   218.65107972199255     
   214.05887839442735     
   209.90554278678746     
   205.57602510542529     
   201.56153221259120     
   197.37753370208370     
   193.33820763180276     
   189.46567575501064     
   185.81294696403813     
   182.14150228669845     
   178.26460857667783     
   174.73423748989649     
   171.21181044731392     
   167.83259008473220     
   164.64199529973587     
   161.52079183582305     
   158.32290249716186     
   155.19289997207989     
   152.16393644787792     
   149.23732502470367     
   146.38580452694242     
   143.56379087436073     
   140.81183379792628     
   138.17966733714172     
   135.57757981356423     
   133.01401032820331     
   130.44424638611912     
   127.95488099517721     
   125.50517207146852     
   123.13885586831952     
   120.88089185104781     
   118.63387546086503     
   116.40975671578047     
   114.25338176881458     
   112.11675758827951     
   109.98014828929537     
   107.94755647179517     
   105.94346463547183     
   104.05949931113270     
   102.17324168305568     
   966.97087910918367     
   943.79661102688976     
   921.31223293390269     
   895.71281415524845     
   866.65325071183065     
   843.42237518266495     
   819.14719285684453     
   797.87401329227419     
   774.77304554724844     
   756.19850986834319     
   737.95767775073773     
   719.28539530368482     
   699.73769068122681     
   683.11066900319065     
   666.34431039640708     
   648.88612302817523     
   630.54800085266345     
   614.88455022596565     
   600.82540305886278     
   584.92854301841305     
   570.47996657478632     
   556.59350378945703     
   543.74533318213423     
   530.13944631853633     
   517.27640010869288     
   505.13719123715333     
   492.40860635863976     
   479.91272426643479     
   468.23270543468590     
   457.66492443403979     
   445.11709686699930     
   434.41441788578788     
   424.42660070694535     
   413.59455898909698     
   404.15513851662945     
   395.08026378902383     
   385.80703316894778     
   376.38190321414078     
   366.53593947682344     
   356.99176592591562     
   348.14363277332689     
   339.66157180879782     
   330.90468702161377     
   322.65246423938447     
   314.35692783454050     
   306.71160089100994     
   299.58082579177187     
   293.21441342158585     
   286.31850699820188     
   280.04362017336427     
   273.60814506996934     
   266.97568605786176     
   261.08484819284496     
   255.22059779263682     
   249.42886110483408     
   244.01324120452273     
   239.03166850417560     
   233.69998613625856     
   228.72050061196700     
   223.97954691655553     
   219.56270430469039     
   214.95004422530829     
   210.36897786633787     
   205.89596769455909     
   201.44054859789765     
   197.36943646552166     
   193.25579298692816     
   189.24040664283555     
   185.19558138856638     
   181.49409542263533     
   178.05248856141961     
   174.66818765072665     
   171.15844082558834     
   167.70762396024188     
   164.29560440729512     
   161.01377885556607     
   157.99971755522512     
   154.74666907571813     
   151.60576644496123     
   148.70387878822177     
   145.79382134997837     
   142.98706141157973     
   140.25888424551917     
   137.53566155185536     
   134.85639303517615     
   132.26872810557799     
   129.81561281303013     
   127.32078726945562     
   124.98309281417352     
   122.67750691983088     
   120.35012992888966     
   118.11565091180145     
   115.88647609732385     
   113.69966723339486     
   111.56168105820305     
   109.56809789051049     
   107.54780551953863     
   105.59648658668058     
   103.62866166082952     
   101.66908195472264     
   971.12814389005450     
   949.18051587000900     
   928.55904455184282     
   906.70676674472134     
   881.01847605502212     
   858.53355139484893     
   835.54919196294929     
   811.77155311152364     
   788.46736262131094     
   769.48930002848169     
   750.20790308139715     
   727.88958313516650     
   709.22902027963551     
   687.45415764039524     
   669.95077240937280     
   653.60126208444660     
   638.64152858825400     
   621.97886209861406     
   607.58942365849452     
   591.90233783191900     
   577.04609209511625     
   561.78626525667164     
   548.79784351976002     
   534.92587295291480     
   521.52287059823391     
   509.11662858871290     
   495.58232962720967     
   483.57559128684204     
   471.39329938731368     
   459.40416630614556     
   448.47302034956226     
   436.54884067122794     
   424.38526977887670     
   413.83146765753759     
   403.52825488616526     
   393.85788081508065     
   383.52581572807827     
   373.82387934028259     
   364.68943069472959     
   355.90544469666008     
   347.41290933270051     
   339.37192565722330     
   331.00555882251848     
   322.58166540243548     
   315.74115130410377     
   308.62843887923475     
   301.22112493681919     
   293.90338760978426     
   286.69951650486774     
   280.21733434897038     
   273.56394222991082     
   267.12795064211321     
   261.39681999731283     
   255.23949776304531     
   249.46131379033787     
   244.07286039081737     
   238.54799968550756     
   233.37752475108761     
   228.36053110496536     
   223.83909420852473     
   219.10066544638778     
   214.39462299100273     
   209.80312083772165     
   205.53524717653565     
   201.39412435639400     
   197.19013813300603     
   192.97765105939345     
   188.94151696520515     
   185.18721612565884     
   181.28744662694106     
   177.66247364663587     
   173.99237309144610     
   170.64709193770165     
   167.40489622817876     
   164.29163103999284     
   161.01565925853663     
   157.84424121917698     
   154.76144165102946     
   151.71466814401583     
   148.79596965721532     
   145.96162125085482     
   143.18421247000691     
   140.46864544770298     
   137.75821794998132     
   135.10086481040446     
   132.53022381879583     
   130.01010586131289     
   127.54463040702188     
   125.10570065243081     
   122.66992402534106     
   120.29743121310443     
   118.02576742679089     
   115.82072938088025     
   113.68191077305544     
   111.58751653373352     
   109.55126622704316     
   107.50679490903634     
   105.51328542399027     
   103.55851615384439     
   101.66342158979144     
   975.00368388596780     
   952.31964581432123     
   930.45371177890650     
   907.28835531598952     
   891.16494006408209     
   868.36312253658548     
   845.95055496950749     
   821.34112511698822     
   797.96949722462318     
   778.69469021817656     
   755.01846795847223     
   734.11957041010692     
   715.32327873804707     
   698.29954891993930     
   681.80870220814086     
   663.49574198712003     
   646.73994454804233     
   629.63266310839515     
   613.68541855153887     
   597.85169773404061     
   583.47696087405018     
   570.76866376622445     
   555.52688011844953     
   540.32835647296451     
   526.09583179991535     
   512.12442600160750     
   499.64417525216550     
   487.62403252019271     
   475.39707736670039     
   462.80599741489419     
   450.84405546424318     
   438.82539848311148     
   428.36050388761925     
   417.15905577535500     
   406.14935318170319     
   395.53726493133155     
   384.83069574693468     
   375.15245992927953     
   365.90297069557664     
   356.48474341348776     
   347.29324763485317     
   338.07851614941592     
   329.42584539890680     
   321.54505770716293     
   313.37145789228924     
   306.14731377936130     
   298.30410648112161     
   291.36359589364719     
   284.43144544834297     
   277.59979013983207     
   270.77131572391187     
   264.70261274249924     
   259.48303468032327     
   253.44172933850223     
   248.16594265494427     
   242.65042492943422     
   237.41830410271510     
   232.15579800101088     
   227.09824913140909     
   222.00713491600294     
   217.15821294309768     
   212.63572682804030     
   208.22338071285665     
   203.70115111355176     
   199.29281204830306     
   194.97774717365976     
   190.88040555054923     
   186.96093174034769     
   183.00802197874910     
   179.50834119050950     
   176.03432337251115     
   172.63760530614238     
   169.09312160473604     
   165.52377028777062     
   162.20646191559103     
   158.99553736843029     
   155.83224253368400     
   152.75056575028142     
   149.77144969001139     
   146.85789420696759     
   143.94646132113289     
   141.19542703725861     
   138.46347716694058     
   135.86667642969513     
   133.32707251063502     
   130.76329704150680     
   128.26214079083999     
   125.84699832358945     
   123.55720885000478     
   121.20684782056577     
   118.92911690721769     
   116.75860234211387     
   114.57745005721571     
   112.46470602373873     
   110.37000961018262     
   108.27730553633695     
   106.24738362522979     
   104.27883731559746     
   102.31981822063982     
   100.43065121978924     
   978.71320080509304     
   952.97767770105293     
   931.93112547882606     
   912.12842435412131     
   891.49723316627910     
   872.06841159330997     
   853.83558389685902     
   831.30793132236022     
   809.89732504230892     
   787.33771768666929     
   764.59319446265374     
   747.52079557159618     
   729.51072416043689     
   708.32766273820744     
   689.64172940819356     
   670.79663282490503     
   653.06905016789403     
   636.42501092627037     
   619.74990492406596     
   604.63447562412568     
   587.78882036636332     
   571.54586048249655     
   556.65754547500046     
   541.90053068022792     
   528.05251951206697     
   515.60030329547283     
   503.52822079445804     
   489.67129284944986     
   475.60940264000885     
   463.80618858609427     
   450.62247050624592     
   438.89512052162399     
   426.67655852463452     
   415.86531497040232     
   404.78698534991281     
   393.45438400097680     
   383.11020345408031     
   372.63038912339806     
   362.70980895130327     
   354.16441528728421     
   345.96565073201918     
   337.24652382811121     
   329.11922175734622     
   320.24084016683173     
   312.15169021136109     
   305.00982550687513     
   298.19787750884552     
   291.15706141157614     
   284.39328435092040     
   277.97356174989278     
   271.72104034846689     
   265.68240935930771     
   259.51002130579229     
   253.37876258411163     
   247.67481967197187     
   242.19724400972618     
   236.69273946746509     
   231.38227563251465     
   226.43542599178386     
   221.61000278557088     
   216.77680370064135     
   212.22409143753595     
   207.55940739609895     
   203.29339044996991     
   199.24583430934740     
   195.45950475514360     
   191.40069319709644     
   187.53072072389955     
   183.62132930314522     
   180.06061359187842     
   176.45063126691190     
   172.80240706934677     
   169.53740157802844     
   166.26308457557241     
   162.95318968937499     
   159.77992264892035     
   156.70229096225182     
   153.64527771798407     
   150.69963753627269     
   147.87635605667379     
   144.99925808514183     
   142.09404054684092     
   139.47174312570331     
   136.80515208432166     
   134.15750036361078     
   131.58893843842802     
   129.05521304890979     
   126.66869053747710     
   124.32425917881622     
   121.95822671344781     
   119.67776434458432     
   117.40058167299733     
   115.18596583495935     
   113.04464883119002     
   110.92288237590732     
   108.89506879392457     
   106.87439643128181     
   104.93033761109979     
   103.00904403398010     
   101.09360356861626     
   982.76454906818753     
   962.38642269379579     
   937.97879399226099     
   917.95053420730414     
   898.96780573389344     
   877.30951672651622     
   855.83881497663231     
   835.45005446359050     
   813.80565180293752     
   791.54536142752909     
   770.82820246207939     
   750.83366649837831     
   729.40296231108266     
   711.23568782634766     
   691.78538516880440     
   676.10277575720977     
   657.14061872933246     
   640.97386048333942     
   623.10401426599299     
   606.99704588057602     
   592.04063868092248     
   576.19633588996942     
   561.52705537677127     
   546.53455945149858     
   531.37761382849396     
   515.84034067122332     
   501.36510314306253     
   486.80844958118468     
   474.09290406930131     
   461.42106615976763     
   449.61061358254437     
   438.11528035217714     
   426.19210516005705     
   414.74495318386187     
   404.64665012835439     
   394.52776527096557     
   383.81830956966434     
   374.23792053192392     
   364.90565921115717     
   355.36311338040935     
   346.58739322975271     
   337.60460050416748     
   329.69854175710242     
   322.08040468816671     
   314.69236843672826     
   306.35100621657449     
   298.83104851104105     
   291.45192971887604     
   285.10930748635286     
   278.74996204726529     
   271.82702031149375     
   265.24400291158048     
   259.43637477034093     
   253.57662212023399     
   247.96638485948773     
   242.35090241401392     
   236.58246372211693     
   231.50317465245112     
   226.39799883059220     
   221.70665697755561     
   217.17119586482357     
   212.50161147207882     
   207.93682610935113     
   203.72743554875723     
   199.33960316747925     
   195.12667075197828     
   191.05356578115760     
   187.35301265916698     
   183.80361108519472     
   180.05033247499031     
   176.40246428066976     
   172.69741929542158     
   169.20319212257311     
   165.84465842915475     
   162.62114987250092     
   159.43968687815362     
   156.26660971534778     
   153.27708365697649     
   150.30096598422492     
   147.32746023712613     
   144.60610921268585     
   141.97715165535959     
   139.27553708990666     
   136.54586648560155     
   133.96844133054938     
   131.54562561640216     
   129.09222785595580     
   126.62932579301469     
   124.18919065761257     
   121.83722742088639     
   119.58376072695283     
   117.32196038843855     
   115.14933738168608     
   112.93706614688926     
   110.80160181936105     
   108.74779976565858     
   106.73693256960074     
   104.70454635255828     
   102.81189928422931     
   100.91517545404452     
   990.92913235646233     
   966.09918197956836     
   945.63875507376099     
   922.04390291938898     
   902.25244242965789     
   883.02334939194077     
   860.10806002892787     
   837.93684776644557     
   818.86778853591454     
   798.43558254444235     
   780.57733252881826     
   757.53348906407723     
   738.38715039558929     
   717.80913403996385     
   697.32246341643963     
   678.84187110331970     
   660.80828781222522     
   643.22868076590248     
   627.65332679123378     
   610.71058546789777     
   592.86840638035687     
   575.49554745984051     
   559.34627003929722     
   544.31364093672937     
   530.61363304215661     
   516.02187031600420     
   501.72700515549047     
   488.69654629015884     
   476.04842799774224     
   463.19513681977588     
   450.10346067820780     
   437.69445272410917     
   426.13673068416199     
   414.65148498811106     
   403.74443612855305     
   392.81292470791823     
   382.62317771544792     
   373.00986166417238     
   363.03866205133897     
   354.27636258044100     
   345.72633733540601     
   336.91361110991454     
   328.54982506054614     
   319.99876807123570     
   311.82905613185329     
   304.68786677770504     
   297.16635751600006     
   290.34372435716830     
   283.37904983138407     
   276.66561218350893     
   270.55017249756099     
   264.06988686428770     
   257.49257214389496     
   251.85469064524995     
   245.91182025081883     
   240.51516856506851     
   235.19265634669671     
   230.14492803692659     
   225.49177443865051     
   220.61102623493630     
   216.27352389748143     
   211.28710505806538     
   206.94376138735021     
   202.51055599333699     
   198.47854939639441     
   194.26858109023789     
   190.32695477126953     
   186.33231585923215     
   182.51280478646129     
   178.72598566851048     
   175.03673189597856     
   171.62346875967859     
   168.22736449297525     
   164.84061336690993     
   161.59568834533991     
   158.37759942073197     
   155.44665884015296     
   152.35538537045795     
   149.28180608991272     
   146.37758775588208     
   143.63620803909447     
   140.81512472944092     
   138.06846737130945     
   135.41952482829069     
   132.81880478237963     
   130.15233200454270     
   127.59495201413256     
   125.20835285387041     
   122.85917635417772     
   120.47854512782997     
   118.23956436685738     
   116.04073456628697     
   113.82872317531611     
   111.67618487141513     
   109.54488557086952     
   107.46195725780714     
   105.51472175062892     
   103.55607508581635     
   101.55285270681287     
   99.689000726244828     
   996.25675221469749     
   971.02244835593660     
   948.75227747191298     
   928.35254257516294     
   906.09985889670770     
   881.95804167562153     
   861.74903866882119     
   841.32522420358623     
   822.13065628818435     
   801.33257732300251     
   778.81210905884200     
   757.73216956093370     
   740.00603924412621     
   719.77111475362733     
   701.76366030804388     
   683.79143171502938     
   666.26489561112544     
   646.58080186118968     
   627.39405567502808     
   609.12243149564392     
   591.56822300810495     
   576.79164047125846     
   560.64360618316800     
   545.77767085964513     
   529.15967601184934     
   514.26969080023298     
   499.64047877413594     
   485.76910462415867     
   470.88604314664207     
   457.74489118112859     
   445.42987280261400     
   433.07536514695630     
   422.18189896184458     
   410.86264660143269     
   399.53200908601394     
   388.88509807462242     
   378.18454362650164     
   368.72726026795192     
   359.19327703555643     
   349.82649184497569     
   340.24498430605706     
   331.45738432071249     
   323.17621027345217     
   315.49796898213617     
   307.80640945760899     
   300.21251713881242     
   292.75784928036819     
   286.27910083664318     
   279.74971680678055     
   273.25747528320068     
   266.83732863700129     
   260.72703201590696     
   255.17418091721891     
   249.73658290352023     
   244.62668834385136     
   239.28179656417214     
   234.09292729388687     
   229.14127007606481     
   224.01563304039701     
   219.15622018527756     
   214.17727464239275     
   209.90073456756778     
   205.51873153415028     
   201.24660147966398     
   197.14475370460232     
   192.97972980241428     
   188.97725602653105     
   185.10496165803002     
   181.41739912226461     
   177.99351721589784     
   174.42149958031837     
   170.93462599087380     
   167.49452355197005     
   164.24743597673037     
   160.88773387178844     
   157.76089291400186     
   154.69053414648775     
   151.52726012376280     
   148.57965939782773     
   145.68068518148254     
   142.90072140766031     
   140.22713435838074     
   137.43922369620958     
   134.76893589918012     
   132.27745326662827     
   129.85785849456440     
   127.38998188998491     
   125.05107465697974     
   122.59314447521498     
   120.28438422875780     
   118.08020668676073     
   115.86334260557531     
   113.63988857555236     
   111.54397802053988     
   109.44464629080787     
   107.44319458467459     
   105.50868789360463     
   103.52188082661570     
   101.57573783336620     
   99.704953496954062     
   1001.0017669288935     
   974.82984404415242     
   953.66033408784006     
   930.38695091759587     
   908.52119131390964     
   888.09873277914653     
   866.46182753674850     
   845.03230354244920     
   821.09050229621607     
   801.11605346933732     
   781.31712572881645     
   760.54538618757647     
   741.60456192667232     
   721.90794361511303     
   701.66970243561923     
   682.19748993603275     
   663.04548979931292     
   645.92717711713362     
   628.89829805628472     
   611.33112592154464     
   593.15153182940799     
   575.81634167368077     
   559.35619621483602     
   542.99782386888978     
   526.94790637033429     
   510.57437151150270     
   496.46570926657080     
   484.16991719006728     
   469.22429235810819     
   456.05111769970523     
   443.97915781228454     
   432.01151922625911     
   419.70205931520155     
   407.87107606620816     
   397.92395598004589     
   387.73529001664542     
   377.95849752241463     
   368.55652640694234     
   359.19340693733102     
   350.59058522534718     
   341.29911882896084     
   333.07599240797526     
   324.96052652164599     
   316.38180220009849     
   309.16556664502605     
   301.79350165742784     
   295.05679950313964     
   287.97773353861203     
   281.18246023358034     
   274.31270729509635     
   268.12195233745575     
   261.75452410054254     
   255.83130523273559     
   249.80247583426745     
   244.10339737390757     
   238.52521385942114     
   233.11927250252552     
   228.23735184406661     
   223.61402627268939     
   218.99398269999540     
   214.37361083019684     
   209.66938258975162     
   205.18126053784673     
   200.97973856147473     
   196.89408973166789     
   192.80653888000907     
   188.95384969931166     
   185.18393877733237     
   181.34686851874960     
   177.55630133291865     
   173.93900764517778     
   170.41630149383727     
   167.07317803404646     
   163.64736154092560     
   160.44217144875526     
   157.40684483998538     
   154.36078552851401     
   151.42793683270298     
   148.35353448136703     
   145.34988661725311     
   142.53636551927551     
   139.75983154027568     
   136.92933692248866     
   134.32525922439575     
   131.85565846302299     
   129.27357073934627     
   126.84723820010313     
   124.50244783360878     
   122.07547245121016     
   119.72355520452163     
   117.44063605778135     
   115.20831185085650     
   113.00209760440089     
   110.90479418632584     
   108.80807847160069     
   106.75212821100988     
   104.74367978330378     
   102.78559759927232     
   100.93032877496742     
   99.030155353413946     
   1007.1028027020444     
   979.85171220974212     
   958.02831711147337     
   936.67606928712678     
   913.02482933053398     
   891.35078086008491     
   869.46558922645511     
   846.02550395095341     
   824.44456216389131     
   802.79068065445745     
   782.65847166911522     
   761.92943142473121     
   740.58246062174726     
   721.05160770840052     
   701.35417199807966     
   680.38264522827228     
   661.59227096833729     
   642.00409889803973     
   623.13717143510632     
   603.83170077571390     
   585.98511108773698     
   569.31237767122968     
   552.24754542961682     
   537.07167568581076     
   521.11568111633528     
   506.86982895601318     
   493.03354686128750     
   477.76446947014051     
   464.31731783660899     
   452.86032113473266     
   440.32480138125300     
   428.11321327067566     
   416.42557873487686     
   404.77417577383147     
   393.90064315075017     
   385.02823099794659     
   374.40209765689917     
   365.12952331957240     
   355.93727863900460     
   346.90108575108206     
   338.18681301333669     
   330.12081819313306     
   322.25979757261649     
   314.48244178361205     
   306.37815542749706     
   299.26883360635935     
   292.34521344029565     
   285.59883078227887     
   278.86204876833671     
   272.56289375389372     
   266.85620084726190     
   260.74709398878520     
   255.11816287956526     
   249.34326505467843     
   243.91816125481279     
   238.40221019735196     
   233.44748715470811     
   228.76979856084597     
   223.86636867388478     
   218.95710178268797     
   214.07847001092486     
   209.64709686895017     
   205.11555227831684     
   200.83733767364322     
   196.51625715717847     
   192.51686725277304     
   188.60275573844262     
   184.67225222130935     
   180.69127656627128     
   177.10998664929193     
   173.60762839709713     
   170.34210858772971     
   166.97272564704781     
   163.65063454584777     
   160.39547648883902     
   157.16525006650619     
   153.93643227355045     
   151.04615213444072     
   148.09863337904258     
   145.15143807919975     
   142.36117584023322     
   139.50400823757465     
   136.87496602039823     
   134.17797012904265     
   131.65356485621413     
   128.96681927208584     
   126.48908718998985     
   124.00190563855344     
   121.64182804905425     
   119.29139386415068     
   117.09231234416293     
   114.95324027006021     
   112.83937044944838     
   110.65245567569742     
   108.56638313718689     
   106.52540993038158     
   104.58107556921016     
   102.65346957160529     
   100.70679791940073     
   98.841426426615840     
   1013.8617729285647     
   986.20812573836429     
   966.68549966003775     
   944.25186830254768     
   919.97491220365418     
   895.88643352266240     
   872.02761684295058     
   848.10068694747270     
   824.94939444787030     
   804.82800878748822     
   781.08550370386024     
   757.99124155994537     
   739.51033647865802     
   719.32387656042067     
   697.82720801837581     
   678.14326861909353     
   658.38403004571740     
   638.94673054691771     
   618.76073975335021     
   600.08204058933075     
   582.85360053199781     
   565.25639140015596     
   549.17346655343067     
   533.10638225921616     
   518.47688651081921     
   503.83914508834232     
   490.26267812123518     
   476.96242320194335     
   462.97732478522084     
   451.76686359448206     
   439.71308301711213     
   427.79951938183643     
   417.07460875535764     
   405.65327264322332     
   395.43584857185226     
   384.74164642213748     
   373.63162764655368     
   363.83772828367779     
   354.85958900681527     
   346.04718695563889     
   337.19094347505484     
   328.50989411811321     
   320.33075557267478     
   313.31449142882229     
   305.90715795214174     
   298.97934288738554     
   291.39557843298707     
   284.37834951595158     
   277.69864246800290     
   271.26832121143900     
   265.21724365772832     
   259.16025059702088     
   252.96143673838367     
   247.32605124781250     
   241.92064206256444     
   236.40822278386594     
   231.21953899487477     
   226.13132116862948     
   221.19721232058367     
   216.58346347819315     
   211.75007266886496     
   207.27360253733332     
   202.90908446674132     
   198.81962103386178     
   194.70038286950307     
   190.64580056845344     
   186.59807991519739     
   182.87148956355631     
   179.19046370112244     
   175.45446778530555     
   172.05366463643901     
   168.34435270635856     
   165.05707097494673     
   161.72237159359256     
   158.43496975096727     
   155.30590367236877     
   152.29513183373902     
   149.36302778492802     
   146.58448610993435     
   143.61975850966596     
   140.96224068599545     
   138.20492760593805     
   135.47267957410543     
   132.83877754653727     
   130.33318222035524     
   127.89367896136493     
   125.39544426717168     
   122.93480452942612     
   120.58369553426519     
   118.28670561740103     
   115.94944458162664     
   113.73506230759841     
   111.54094396688220     
   109.49546586565918     
   107.44922740540372     
   105.39503882983836     
   103.39775564607687     
   101.42875793343907     
   99.517525748297658     
   97.664922683130101     
   1013.9795124299309     
   992.45697364410751     
   970.46406453599866     
   948.94799878302501     
   925.45601382742393     
   897.71278677558507     
   873.32257600385128     
   849.10813577599026     
   825.31430542994360     
   801.50765467677002     
   778.57542468889528     
   754.90187713944761     
   732.35316535883862     
   710.33279212436832     
   688.17953594799906     
   668.43770455433582     
   649.89746662796279     
   630.04755829040448     
   612.36301485714250     
   593.60971127203038     
   576.22374815878425     
   559.36409037701696     
   543.26341059378274     
   528.48485526011052     
   514.15262166430398     
   499.68902042771157     
   484.67964173861503     
   471.10984628205625     
   459.00766139867903     
   446.71051697437525     
   434.87883918272394     
   422.86903983709931     
   412.24550953976654     
   402.27649399003712     
   391.55451569618407     
   381.17752483278070     
   371.22827973880561     
   361.70925198840348     
   352.96088430601560     
   344.37537430784397     
   335.64945548289535     
   327.71091081522968     
   318.78530247594460     
   311.29621003410170     
   303.02071877663673     
   295.87875224599350     
   288.97707572838897     
   282.43685367283433     
   276.24649466129978     
   269.71215618039736     
   263.36789706082010     
   257.26579197763226     
   251.45132143303292     
   245.94868957991864     
   240.51051728972212     
   235.13389441981695     
   229.72916066596935     
   224.97781202741510     
   220.01317605264688     
   215.25249925153196     
   210.49643693309906     
   205.89595822858894     
   201.43621159676542     
   197.22937485014228     
   193.00824833083047     
   188.94024359699125     
   185.25139478746232     
   181.43262880827012     
   177.57839019369899     
   174.06722749284870     
   170.38779533036393     
   166.83181214296329     
   163.50808927432661     
   160.18399870935758     
   156.95284245941679     
   153.84174953121249     
   150.73377477364167     
   147.90830638000682     
   144.86856226916248     
   141.98192420164082     
   139.35953445085693     
   136.33263053595175     
   133.77386603232830     
   131.18641231404303     
   128.76325007833759     
   126.26702361156603     
   123.74810601535026     
   121.30951235149278     
   118.88410777484414     
   116.67559876503572     
   114.42140119227142     
   112.20545068619604     
   110.09447475299146     
   107.99582584872294     
   105.94171139856928     
   103.98429197124830     
   102.05286523305125     
   100.17947661584175     
   98.312354188381178     
   96.442333812430974     
   1020.2726097268213     
   997.39532887595851     
   975.34010114574403     
   952.54376857714487     
   927.36140966472897     
   901.92510110342914     
   877.67988156378078     
   852.25118577725607     
   823.32337921671865     
   799.75922354156751     
   773.52788575500904     
   749.56399389435569     
   726.47323404653150     
   704.17353734397864     
   682.66751248833145     
   661.22877400200514     
   641.92072843165806     
   623.88466361195538     
   603.75602318113283     
   587.44450869001753     
   569.05825399722528     
   553.86348757740438     
   538.32161689657744     
   523.47520619808324     
   507.30262509379457     
   493.25668408274902     
   479.53503043476144     
   466.49668872355176     
   454.20094857470008     
   442.88086011360457     
   430.27322775535845     
   419.15205240280972     
   408.80142034075158     
   396.68766046270952     
   385.19213319754539     
   375.64391838997489     
   366.67931051715567     
   358.09564307328270     
   349.81046212827965     
   340.47240601213099     
   331.95864492760211     
   323.58162471835305     
   315.62139688995251     
   307.93421505436334     
   300.73513996154554     
   293.23062611178966     
   285.52869801335862     
   279.11824895227551     
   271.98477918940534     
   265.53667195943643     
   259.55220698737651     
   253.63816983905278     
   247.94676856141359     
   241.40635376748568     
   235.74531484787721     
   230.73006535665326     
   225.59182371202050     
   220.64015982033601     
   215.90047413721214     
   211.29968554967184     
   206.67022953558703     
   202.03168474180023     
   197.94369396086694     
   193.84600253380933     
   189.90281143872673     
   185.96381125345022     
   182.21204450070510     
   178.20188321173464     
   174.33426712591137     
   170.61445469269574     
   167.18710645890104     
   163.61872962943198     
   160.35353133066408     
   157.27607974139977     
   153.81867581210903     
   150.39227272091276     
   147.25863363365835     
   144.38973715504761     
   141.58753226355972     
   138.86629386384186     
   136.23111336371801     
   133.62891865178690     
   130.91732191785121     
   128.21546143951531     
   125.71485672967822     
   123.31271445802055     
   120.94360412986492     
   118.54616514684014     
   116.29561977230485     
   114.02965724215123     
   111.73807556181782     
   109.57345741558285     
   107.49189194926768     
   105.38290966175568     
   103.36944623831965     
   101.38559654026268     
   99.489699584550124     
   97.665001275274321     
   95.836362797146379     
   94.057491229719446     
   1024.4097342743426     
   1002.2655278607976     
   979.36299455798235     
   955.94857138810266     
   930.81206186548229     
   901.45901382434988     
   873.52676768940842     
   847.47655442506868     
   821.18562714518157     
   795.95139383316928     
   768.12451042872658     
   743.70284764885082     
   719.11217651488789     
   696.40819928536087     
   674.01731031540623     
   651.99607902390528     
   632.66385066832333     
   612.81083808317567     
   596.28405114862949     
   579.09289677084394     
   563.28086621617206     
   548.05393799811259     
   533.13439108329567     
   519.94200179513086     
   503.96613041639864     
   491.06631776070776     
   478.18800921633095     
   465.30730134209790     
   452.65223540924961     
   439.34132463734318     
   426.65466415626008     
   414.52675556230298     
   402.45873548873311     
   391.99746868019906     
   381.67674471158148     
   371.73480856382241     
   362.05717356798948     
   353.09290167196667     
   343.57775783324564     
   334.92158644729130     
   326.67490347548824     
   318.56269390127835     
   309.58313554476331     
   301.64509850794661     
   294.26619278500016     
   286.92862883381144     
   280.34652708523248     
   273.58163988633123     
   266.96051236248672     
   260.54439661492802     
   254.71623091617917     
   249.37556693900814     
   243.74795244365063     
   238.55393236681306     
   233.33529948694169     
   228.18437027511237     
   223.09993820474941     
   217.85438810791558     
   212.93600753657978     
   208.34656339893886     
   203.80549427130950     
   199.75892810687458     
   195.12662972241822     
   191.09063793344708     
   186.65662132840419     
   182.68567343711894     
   178.69190856267090     
   175.09513257934532     
   171.37753902871583     
   168.14005415488165     
   164.58561208896117     
   161.01814374745155     
   157.68254951039600     
   154.57534139234789     
   151.57823719116993     
   148.54364737742341     
   145.61710699889014     
   142.48309307784154     
   139.64248531579000     
   136.81999327211952     
   134.17424504951350     
   131.27645093410734     
   128.73370979348294     
   126.26932409222437     
   123.77707703569396     
   121.29880151371626     
   118.96439625397645     
   116.56829830640143     
   114.34512991480518     
   112.31872740975207     
   110.13183899380549     
   108.10371631101403     
   106.04029807715429     
   104.02826676432733     
   102.11923106137755     
   100.16816778303810     
   98.287428442404519     
   96.369588218947541     
   94.497796806860222     
   92.656152562515786     
   1033.6440233398328     
   1007.0004234212186     
   984.54477562822103     
   960.41428492866146     
   930.48630013579975     
   900.54109827319132     
   872.55059249526039     
   842.15566695372377     
   814.78054495224876     
   787.09798401064540     
   758.99459460532125     
   732.45634776195516     
   705.57117662141320     
   682.38178320591066     
   663.27649520170473     
   644.33950709393946     
   624.86294357437157     
   607.64638855384453     
   590.17364749378362     
   572.68989136100458     
   555.72550016780019     
   538.84032887800140     
   523.59473058456342     
   509.77293968415842     
   496.13863522124427     
   481.88143461358743     
   468.05991199712923     
   456.14812882433478     
   442.51546383501545     
   431.58741206114405     
   421.33276631647470     
   410.36025240771619     
   399.74545333250217     
   389.38672010359056     
   378.45130153989311     
   369.09575488397923     
   358.38458202629971     
   348.12514114945179     
   339.26015196660683     
   329.41689479072841     
   321.13236995222871     
   313.63613185500594     
   304.73479091956744     
   297.57085563593887     
   289.95667205657406     
   283.01023531768385     
   275.98116999469693     
   269.23917832636198     
   262.01239861334983     
   255.90377419141549     
   250.33129016432281     
   244.30081155531627     
   238.28606584002949     
   232.85954094251485     
   227.25867260062347     
   221.78619461488077     
   216.78241057735701     
   211.93006570003018     
   206.80816019006573     
   202.40260571521441     
   198.71546954502270     
   194.17831500179048     
   189.97382073046521     
   186.05269590245939     
   182.05444241070396     
   178.27038842427629     
   174.44495867275330     
   170.59623739481526     
   166.87541965393984     
   163.39410702072385     
   160.05437602893122     
   156.56853779452791     
   153.17138329996027     
   149.94773377722606     
   147.18888711604816     
   143.90667633010989     
   141.06125667073744     
   138.42326876055634     
   135.30347798822817     
   132.55930895174930     
   129.97327839290250     
   127.37301489389802     
   124.71316283666903     
   122.22765750618407     
   119.80133896466940     
   117.32582913454556     
   114.87958991540540     
   112.50308931745781     
   110.42315862584414     
   108.35895301019106     
   106.22423605964460     
   104.15738152175123     
   102.22658082194684     
   100.29002922386198     
   98.326391787175609     
   96.438073465111245     
   94.669137282370912     
   92.869069398015682     
   91.073066734644144     
   89.361599540333501     
   1036.1615378307038     
   1018.6617146875053     
   994.35768173391989     
   966.62207927104146     
   932.65278431787442     
   900.45909865506621     
   866.96792668073044     
   833.17752875020562     
   802.69939272338593     
   774.23077529377849     
   745.91022888613668     
   721.10743591360188     
   698.78299543914454     
   675.60926451797025     
   653.74268294088574     
   631.70946930736454     
   613.89474253722767     
   595.32665550506852     
   578.22398655354550     
   560.55618011955983     
   544.67820342600385     
   529.86706742514252     
   515.94072331313419     
   500.27891258198156     
   487.19564576672445     
   474.03603550798005     
   460.69601397217554     
   446.63850694797469     
   434.63996201969371     
   423.32075759513083     
   411.43726144608411     
   400.55936693784247     
   388.90858017479530     
   378.00853910279062     
   366.95071413910023     
   357.32262366316530     
   349.14939997316321     
   340.54292065614322     
   331.49839665767473     
   323.23314057734376     
   314.26668521725071     
   306.29269494774132     
   297.61833330658180     
   290.23908513559661     
   282.80094169565018     
   275.84841399269681     
   268.40908649695831     
   261.08774351338786     
   254.70871897186692     
   249.05592152192008     
   242.82590948761583     
   236.99420062791143     
   231.55314350382918     
   225.83362380442446     
   220.72547553978572     
   215.92208478428842     
   210.97553292191085     
   205.80702769376398     
   200.87170188680349     
   196.46173965277171     
   192.18605187484934     
   187.68083166367231     
   183.44909159716838     
   179.41319980470143     
   175.46945228892804     
   171.52807596318686     
   167.83336510807760     
   163.80120503547900     
   160.74687003181856     
   156.98446795994047     
   153.51734407445417     
   150.46733557893441     
   147.57857046882043     
   144.53660701986277     
   141.60630591144707     
   138.63783972574001     
   135.70286129445466     
   133.03143842636700     
   130.00532768235186     
   127.40126971209939     
   124.75487636871352     
   122.37252233498454     
   119.96869720327982     
   117.37195738844426     
   115.09245209986020     
   112.82064940989412     
   110.64943784666043     
   108.44986810946818     
   106.42848926225315     
   104.35351299351113     
   102.37410438717694     
   100.32024935155772     
   98.301305136446572     
   96.454630282110955     
   94.488129590323553     
   92.686079732585426     
   90.987214842106653     
   89.189535572825363     
   87.541312977361741     
   85.965287470329798     
   1042.5689614290109     
   1020.6059444458999     
   997.26402139702793     
   964.12557395038675     
   923.82280482256397     
   889.25067789162733     
   852.94791785530174     
   817.37256337899521     
   784.20767451056281     
   757.02932416042313     
   728.38353235401758     
   702.74474544987515     
   677.84338305949620     
   657.69521718377507     
   637.15601835208940     
   617.38696121894372     
   598.62581328196961     
   580.87110462056398     
   563.13365447506931     
   547.83140679616929     
   531.37940527177739     
   516.88288264784433     
   502.02539235430692     
   486.46893252224919     
   472.37710481370902     
   458.99725203320304     
   446.71406157099176     
   435.72952990684257     
   423.10880790469190     
   410.23297437360065     
   397.70888644829984     
   386.07803190199820     
   375.73182219359990     
   365.03369864723328     
   355.31483801083021     
   347.13179163708355     
   338.07907870662666     
   328.91350452219899     
   320.93812522942358     
   312.22890847036660     
   303.03457750170190     
   294.91024054447360     
   287.04448694907262     
   279.84285312100417     
   273.42155301603577     
   266.11083320070173     
   258.95543856436836     
   252.03020488231954     
   246.27711802808008     
   239.54235460096834     
   233.52633854762905     
   227.85733980408565     
   222.34027446341065     
   217.53969476264817     
   211.97102107137621     
   207.14441023967538     
   202.46848227849378     
   197.72344185259064     
   192.50867499347362     
   188.01220209476656     
   184.13091070845823     
   179.65485463046713     
   175.68080261095309     
   172.07228104446258     
   168.16368957086297     
   164.26943606042855     
   160.53071647166726     
   156.73036381907036     
   153.66469410946240     
   150.36443241103015     
   147.40520318696744     
   144.33029758751553     
   141.47177666982310     
   138.30085157447692     
   135.29185447710626     
   132.60747138851411     
   130.16795537961514     
   127.51183306982870     
   124.77593437332493     
   122.36289435836221     
   120.11543559564319     
   117.71187911475343     
   115.56430486819929     
   113.25429514582299     
   111.07515660670293     
   108.89210669350835     
   106.65721489695285     
   104.47084407490102     
   102.34093577847574     
   100.08849739876345     
   98.223401197331881     
   96.453702277304075     
   94.682155010620335     
   92.771726420834554     
   90.875248473435590     
   89.176208124987539     
   87.633594109970730     
   85.905687616594236     
   84.317460214998249     
   82.642695376663767     
   1052.4713365224975     
   1026.8052506550741     
   994.62795665130284     
   959.70306561837560     
   916.88433809051480     
   877.04513423334379     
   836.14718244648986     
   797.91552076780431     
   765.49930182160813     
   736.03466335975850     
   711.19998106661478     
   685.51682883492174     
   662.83551126748830     
   643.56448825868790     
   623.57109044710205     
   600.11200506657565     
   580.94308293241511     
   565.49818060682674     
   545.73041657200338     
   528.50927619494155     
   512.24103830374634     
   494.62967946465932     
   482.09346110631623     
   469.87670466456370     
   456.06676176023109     
   443.40335327190456     
   430.29701687694376     
   417.31109935187840     
   405.48021207994350     
   393.33455685330352     
   381.68462041138940     
   371.23209123811000     
   361.13088165851775     
   350.96485376381918     
   340.19180513872902     
   330.91388444956715     
   322.07624890693268     
   313.33993571651939     
   305.38487329744015     
   296.13445746578020     
   288.48430956161326     
   281.95244209898146     
   274.76154833618773     
   267.07422849737372     
   259.42985556453738     
   253.16021978269140     
   247.02706941910355     
   240.36619914346869     
   234.02228074460695     
   228.43653082173847     
   223.09458277953149     
   217.49548278130959     
   213.18235232072436     
   207.76700730458327     
   203.63603139377307     
   199.01233651089342     
   194.02458654729435     
   189.36920520212843     
   184.61915820363316     
   179.97826796056106     
   175.93195306521852     
   171.46027391162247     
   167.70758979628667     
   163.65015374807453     
   160.42870849583562     
   156.80596181382251     
   153.81919268302062     
   149.98896988381620     
   146.64093160439108     
   143.28373518398487     
   140.09105323016752     
   136.95705165920168     
   133.49655256484940     
   130.71111910851587     
   127.93239181159001     
   125.27652975589926     
   122.78929351220049     
   120.16363228190149     
   118.02662585509739     
   115.63447503109300     
   113.09379832577986     
   110.65131829656252     
   108.49223766539397     
   106.15739455691634     
   104.02529689979605     
   102.10815224559119     
   99.907057616466076     
   98.195661201434206     
   96.054657584248929     
   94.153632526966575     
   92.269940872241264     
   90.575493922036699     
   88.905728857134733     
   87.307545040331789     
   85.493325613267032     
   83.766270186009649     
   82.323910319915427     
   80.639000564270432     
   79.014606140369850     
   77.581729867437474     
   1061.5174920296970     
   1037.4535011584528     
   1001.4790633230085     
   952.37345655548324     
   902.76277577402993     
   857.59431277602232     
   815.74553056527122     
   775.03601613843921     
   744.50438931003316     
   716.08320951687995     
   689.08866763767423     
   663.15281972444200     
   639.66999616645842     
   618.07349451851076     
   599.80685200699952     
   580.50949625961584     
   560.66672145866050     
   541.39477191707726     
   524.87581002496120     
   507.16064946448512     
   491.67653557956157     
   476.69252543964581     
   460.07694575938513     
   447.26198526358553     
   435.15851883575084     
   419.78628091831916     
   407.51410772223755     
   396.51729748651110     
   387.03112055443665     
   374.10587625331971     
   361.30174388750510     
   350.89870270753983     
   338.92492267157058     
   329.68723695019389     
   320.91339408828185     
   311.61875147245809     
   302.82932478752025     
   294.71592947782551     
   287.68096285898332     
   279.53066046364512     
   271.35662229719122     
   264.76061767106648     
   256.91873094988551     
   249.15537370948607     
   244.05320596837694     
   237.50573488350850     
   230.65334071392030     
   225.26999646161067     
   219.65915241803157     
   214.62173140347960     
   209.73070369273120     
   204.69471602640834     
   200.42364722254314     
   194.30340061260992     
   189.42203894721251     
   185.11615901970038     
   180.95735076685639     
   176.81766821146061     
   172.96078152963241     
   169.29948592189146     
   165.26509298303668     
   161.03688972318980     
   157.61760792715165     
   153.59261411690727     
   150.24312458124658     
   147.07712004011813     
   144.13673147860342     
   140.93789741653995     
   137.90579836353473     
   134.87603938901444     
   132.02456854444557     
   129.04927096614455     
   126.05752000439017     
   123.84351220082414     
   121.10822506885009     
   118.56031053231654     
   115.95752807187694     
   113.53270625840722     
   110.84012651238476     
   108.19770513203196     
   106.39397770767167     
   104.53786305083102     
   102.36634617315653     
   100.64590169605603     
   98.445961105428239     
   96.480491544682423     
   94.473369931617441     
   92.491683682631418     
   90.812201354256388     
   89.128177578314123     
   87.468113118862959     
   85.739789048706811     
   83.959066961754900     
   82.528534799834716     
   80.969899646074936     
   79.358408598886399     
   77.890886439462463     
   76.497854746145407     
   75.029092328663964     
   73.679691475882123     
   1076.6027285850660     
   1045.2644783569303     
   996.10367576265435     
   935.58467228878931     
   878.73315582098974     
   830.42885035826657     
   787.78626125312985     
   749.49298807248226     
   716.76508482044915     
   687.17176289542465     
   660.32040500734786     
   637.06030923785897     
   614.01073074847181     
   588.64743326604753     
   567.67359207906225     
   552.86936846070216     
   535.98677317512079     
   517.94378147415944     
   498.49310705898120     
   483.26936639227699     
   466.71453128034733     
   450.03143434739360     
   435.44151470713473     
   425.20661296072262     
   410.71743131894300     
   397.19009729922720     
   382.50289561982771     
   370.70972093457783     
   357.97503412699871     
   348.14004339915090     
   338.11516187090928     
   327.20145819182977     
   318.93708175552536     
   308.61498701000210     
   299.86475208142286     
   292.12901097122494     
   282.61261263033197     
   275.06247876097706     
   268.52758779094029     
   260.47337646227754     
   254.34898028617357     
   245.74917612286094     
   239.44534894971929     
   231.57353536947156     
   226.17304008541279     
   220.90277383483181     
   214.72324417410530     
   209.47526845140678     
   204.36541035150222     
   199.05640006799143     
   194.24869562450186     
   188.10565238454680     
   184.03399152328763     
   179.86695704608007     
   175.99816056679606     
   171.54611836119756     
   166.76965861513787     
   163.01668656136260     
   159.20693233626537     
   155.73617117807163     
   152.04061342732945     
   149.43144993376444     
   145.49772547457391     
   141.68413862349948     
   138.36058158647373     
   135.01920203514274     
   131.70352657939191     
   129.40991148339157     
   127.77042422479174     
   124.88505952873528     
   122.04650495805571     
   119.25610411399546     
   116.65547625331493     
   114.56193621617312     
   111.93084961074003     
   109.19245751821038     
   107.08341971340458     
   104.97105509017916     
   102.66634027257984     
   100.66299193008180     
   98.674983221966272     
   96.594348827097008     
   94.375654247995996     
   92.744868936233843     
   90.999862726446381     
   89.238622798681376     
   87.818756687813789     
   86.247262963114366     
   84.537070722869743     
   82.906972250753640     
   81.199739707784147     
   79.716639791381425     
   78.166921698259841     
   76.609890416117821     
   75.203491000615983     
   74.015047131926906     
   72.729972465037619     
   71.359855559941636     
   69.795343002306112     
   68.435091582855918     
   1090.3210445616683     
   1048.1433538015629     
   980.58958947139877     
   915.85647576105782     
   854.74079408765135     
   798.24588081695924     
   758.17305335541857     
   717.34780109919393     
   682.10305485533797     
   650.73602004532268     
   630.86109340823123     
   602.23567937145094     
   576.82698396145520     
   554.13615463556903     
   537.44646386707393     
   518.58907309337292     
   498.73453705561565     
   483.11279788469710     
   466.18157613953622     
   452.91985791085011     
   437.02142408466585     
   421.44733815285707     
   407.41862561082024     
   392.58390914222167     
   379.87013669514454     
   368.55529141362649     
   355.08000271544290     
   343.77372116660342     
   332.95107256609606     
   322.38921436273989     
   314.45478457746839     
   303.96325553343240     
   295.48866733245023     
   285.84834578909357     
   278.87609049441772     
   269.22723077087505     
   259.50148591246881     
   251.68560423998719     
   246.62857094149751     
   241.10967533479814     
   234.36821921209469     
   225.16071259296407     
   221.02484039082046     
   215.73063126541297     
   209.75251406352797     
   204.52296906496736     
   198.25943082720514     
   191.96543306500436     
   186.86971552725973     
   182.96019767677456     
   178.74014035432290     
   173.69680906634557     
   170.31789046234584     
   164.97405357161506     
   162.03019093704827     
   158.33620868130359     
   153.94709119809730     
   150.97887770697923     
   146.36300582181997     
   142.85609242104900     
   139.56623097237627     
   135.54025509451662     
   133.17400643468790     
   130.16977844599512     
   126.49995046369263     
   123.93083766033487     
   120.90897086032749     
   118.99201490766187     
   117.47869401288389     
   114.92079689425199     
   112.42355229026951     
   109.45553152449413     
   107.10807848328709     
   104.42070053351063     
   103.01593346309787     
   100.19062060663359     
   98.345000727095083     
   96.676413788818493     
   94.545266087731136     
   92.628675608277646     
   91.155997080474080     
   89.155512942060881     
   87.467668379028112     
   85.736003208162273     
   84.174478268826419     
   82.813370925436189     
   81.196908378757357     
   79.479030356181184     
   78.070987509455961     
   76.832251355022265     
   75.601298245497588     
   74.621580618717331     
   73.169301318236336     
   71.562960336560664     
   70.422777526176546     
   69.321536457709215     
   68.051726556986750     
   66.608722019930923     
   65.343031226749531     
   64.158421427972954     
   1107.9170982194551     
   1049.1668238093380     
   969.15843755323488     
   886.74381186522010     
   824.77112585524901     
   767.03216312287168     
   724.50934561365705     
   684.48770945071146     
   645.42398283034493     
   616.05833347781368     
   590.82008018304612     
   565.46903791634486     
   544.86197663612234     
   521.90821939879311     
   503.49691606124333     
   484.76903134013764     
   467.55437474305666     
   447.19097024661511     
   433.40198244309727     
   418.49962491528618     
   404.74753174991383     
   389.03480718139861     
   377.59389085643124     
   364.89655354668736     
   352.94330175687838     
   342.92259939442062     
   327.83305682302785     
   318.94464232802125     
   304.78327023787438     
   294.65241391982084     
   287.14834175890155     
   279.06885574055269     
   271.98088810439600     
   263.91296969072874     
   255.54419973097069     
   250.08110256091990     
   241.11606522039489     
   234.28470337572480     
   229.55804655715377     
   223.50881632520588     
   216.15565882449826     
   212.21489809578364     
   206.34507101766832     
   201.20746898157174     
   196.33540678102105     
   188.79829924027683     
   183.24668576840037     
   176.31065420606021     
   172.30643417460811     
   169.89642081895471     
   164.96808415848949     
   161.13174748738970     
   156.72048527637801     
   153.42922920010255     
   149.79849182842906     
   147.41333163584321     
   143.07161879385745     
   138.55343586795422     
   134.77978629868340     
   132.99250122441578     
   128.56953665053243     
   126.03321699998729     
   121.88055647361963     
   120.33594360931319     
   116.88502866323901     
   114.43858433421462     
   111.78504408625865     
   110.11356759548548     
   107.76334486181595     
   106.44125121328722     
   103.39572418519619     
   101.53057256083626     
   98.838380886354628     
   96.199497617769154     
   94.699770993340650     
   92.782612351591652     
   90.145132517432032     
   88.831103101952152     
   87.374891954882926     
   84.764852375297565     
   83.083432433858619     
   81.368649971961432     
   79.954047120949184     
   78.498769761080339     
   77.334424542014403     
   76.005250575903389     
   74.349120208738114     
   73.166916282665539     
   71.610351885155097     
   69.835378496315869     
   69.346284109110329     
   68.102202686090209     
   66.631651041632423     
   65.337629264471332     
   64.170305709822827     
   63.080759925207914     
   61.572436057274373     
   61.080048977566847     
   60.023977787514688     
   58.960784579774618     
   1123.7833353943001     
   1047.8684156385182     
   954.26419084639588     
   866.80519854083036     
   796.57204751406016     
   741.80807776050710     
   693.45049944486425     
   649.44921634906677     
   612.80813795005918     
   580.83963294468685     
   555.57645540814156     
   530.75958426956095     
   510.00092589510444     
   491.72808641375423     
   474.69235150315512     
   453.97759620269466     
   437.60966966415481     
   419.71012125846244     
   402.19846278240635     
   388.68928132977629     
   374.27510138062502     
   363.47908058523802     
   350.52046526754918     
   338.74379753475000     
   332.03432686905205     
   318.03864830589953     
   305.92689541786478     
   297.26193668060387     
   286.97144988970501     
   276.26812606450932     
   270.69309591058476     
   261.05646546206162     
   253.66846712717609     
   243.75628576717958     
   232.86834967649764     
   232.58526574474519     
   224.41010252485842     
   219.33094901664063     
   210.82954997658950     
   207.18574301058612     
   200.18256396287705     
   194.05522400262242     
   191.59376680380024     
   188.27411098517919     
   181.74171987022007     
   177.26903001456691     
   171.72089401789694     
   167.34160220715174     
   163.04210834426652     
   158.80884085947912     
   154.46423402482492     
   152.03978686922417     
   147.70224056981706     
   145.50033293685311     
   142.78731022258086     
   137.62810171539027     
   131.81553639173373     
   128.75261372443180     
   126.59772055530971     
   124.38414352527184     
   121.22488374489663     
   117.88924972202261     
   115.56348817056617     
   114.51769916903635     
   111.48542511081719     
   109.31858201148262     
   105.70346388968788     
   103.68469105013197     
   101.70222658339682     
   97.815638851718489     
   98.554265561860575     
   94.573696651626648     
   93.804649661133794     
   91.040037840692904     
   88.209030081610408     
   87.221793664916760     
   84.215490233910273     
   84.033664258443125     
   82.323485470742796     
   78.877979460292451     
   77.938999368029414     
   75.766599952394728     
   73.835328980274767     
   72.855947232481228     
   71.670536382782089     
   71.813515651380797     
   69.373988401149703     
   68.541320868330445     
   67.060411605715714     
   65.397570984225041     
   63.652987326015833     
   62.454597952944262     
   62.619743787232963     
   61.456419367796748     
   59.886526608334066     
   59.358750069112787     
   58.255984856952146     
   56.493335956479569     
   55.622120162967192     
   54.918456758561838     
   1142.7893082113064     
   1047.1612697607407     
   939.18123415268724     
   848.60240381919039     
   776.43679799179404     
   711.61652239760497     
   669.70139567492993     
   622.86663077365949     
   587.20418176700628     
   554.76335580810132     
   530.10835556068446     
   503.75487258825086     
   483.61854377019722     
   467.34848645669933     
   450.46009473090788     
   430.55029933420047     
   410.06897747290350     
   399.33560406451193     
   381.93900924307854     
   365.85026432128541     
   356.00281716609658     
   341.60520456436780     
   334.30396036807571     
   325.81720688156861     
   313.42787695844845     
   301.71363412997255     
   289.37629600212892     
   279.75060162091484     
   268.84553543522316     
   263.64650383007773     
   256.08973895979545     
   250.55230664167709     
   240.80113844485408     
   229.82350863755789     
   219.21618613253781     
   214.92257917008905     
   211.96376219306160     
   204.94416641620811     
   198.89737493984239     
   198.14209920411068     
   191.37336994153628     
   183.40100251466961     
   179.77400264368748     
   176.93649412172701     
   167.37324552229290     
   165.82182677711521     
   162.93771402623995     
   158.60900175983954     
   154.73103001135945     
   149.43555432073765     
   147.10126740880889     
   140.55947552131693     
   135.25509835357212     
   133.37771964580563     
   132.69750883652875     
   130.01494422538985     
   129.17772450168769     
   126.95656897065039     
   121.89879717891195     
   118.98925523369373     
   114.61360495756003     
   111.79444536612573     
   109.57679141664678     
   107.32569353129550     
   104.73020458182322     
   102.61553526383449     
   102.33662057732261     
   99.725632060025617     
   97.269972662545001     
   94.527167021343416     
   94.097361704953400     
   91.346369475042422     
   88.661055724170467     
   86.628002776513796     
   84.142938627099397     
   83.764507873779763     
   81.988653215020804     
   80.230733960147319     
   77.586935460962920     
   77.184388786457049     
   74.903864023638235     
   73.237086243550891     
   72.133137538221419     
   70.423734996770506     
   67.617089408316218     
   67.923388853735844     
   65.484177219045421     
   64.723356118448123     
   64.357616145780426     
   63.111870820057078     
   61.760970384984248     
   60.443007102373983     
   59.518292760597852     
   57.802937771912895     
   57.151068891149755     
   55.984588573859860     
   55.182938681465203     
   54.526771492437121     
   54.029374479442815     
   53.252624608276356     
   1164.5149019132450     
   1054.3984441570724     
   941.02466824249768     
   840.94307646440802     
   762.81374875180529     
   700.29356888416544     
   653.40119521735983     
   609.21831137909169     
   571.40650239755678     
   539.19130025350978     
   514.29726541044136     
   489.12139049046709     
   463.44586030305231     
   443.84502588873789     
   431.56270248820346     
   414.11989362343274     
   394.02266556863646     
   387.28101022842930     
   365.13602563039115     
   351.84672703865931     
   343.06170036591988     
   332.57648801978792     
   317.79702371469966     
   309.65614134491886     
   300.67409452028505     
   296.80906846067393     
   277.66373950918626     
   268.63545369127405     
   260.54615571120240     
   255.44502613955376     
   248.78775035023421     
   240.52799173268613     
   230.99319581506364     
   221.09784125389172     
   213.66020818680917     
   210.33579090520433     
   203.33061768665036     
   198.64304160865353     
   190.05266405375318     
   189.35334152167337     
   182.51285389175905     
   178.39522435994454     
   174.55687608496885     
   169.56890374896977     
   161.84967235460459     
   160.71362359763631     
   156.43584561949262     
   153.09404131526185     
   147.13974099938227     
   142.45892438033667     
   140.02038939127948     
   138.26707981571414     
   132.33724603118378     
   128.68971853584793     
   129.13011895508069     
   125.20871539515869     
   124.55387704988053     
   121.20233884799597     
   118.85946560004550     
   116.48020503876506     
   110.49285968307683     
   107.84531009451229     
   104.26509915161574     
   103.16726038488666     
   101.59846832666285     
   100.19730830525573     
   96.225467154747491     
   94.414665753127125     
   92.601427334788582     
   90.208241297869847     
   89.153827826335032     
   87.329779846213569     
   86.014301756423279     
   83.843894753660692     
   81.358695017729204     
   79.990515361822787     
   79.051728382726608     
   78.162165952150275     
   76.052231966107627     
   73.858355102420717     
   72.499854719666004     
   71.362749907688297     
   69.485813914497641     
   67.988624450788876     
   66.321257412690031     
   65.474856587653775     
   64.552893735819538     
   62.542497233233895     
   61.779806652364918     
   60.832803330592149     
   58.633728911079828     
   57.945246502785821     
   57.430738687981460     
   55.883674320249803     
   55.994499458384638     
   55.187950400424356     
   54.011055011094278     
   52.780532480178465     
   51.076886917821369     
   50.594954038373274     
   1190.3887365223975     
   1063.6387277436511     
   944.01690215541896     
   841.90965575340113     
   759.74732825402600     
   692.49838063171410     
   644.66949357784165     
   603.85705426666254     
   561.01721661536635     
   520.87457131673227     
   502.32394999308957     
   476.75763611072318     
   455.60396370412695     
   437.10990873852791     
   426.05865187495351     
   404.80265714638642     
   385.20464420486780     
   381.72289999872430     
   363.35641996846465     
   352.31788887618012     
   336.38301945896092     
   327.64794546010160     
   314.31674383757360     
   302.00528325880447     
   294.70649941985965     
   287.35157783449188     
   278.61929673960594     
   264.84591057126505     
   256.95727606233015     
   251.26647072598593     
   240.52302195811711     
   234.34620219750650     
   226.20421221169357     
   217.49435773914021     
   208.36416661734103     
   205.12607035416633     
   199.17769071084160     
   196.10448501586637     
   189.81675825991465     
   186.54142339522474     
   178.79486023288018     
   175.55662178536971     
   170.54678115709186     
   167.33640244278371     
   160.75553270219530     
   157.33339489519321     
   152.71596021058525     
   150.08028614246243     
   145.86691381930694     
   139.98131538683054     
   139.07213230372668     
   135.15765161144682     
   130.48775068151281     
   128.09884854026424     
   127.49864741322324     
   122.76024452599604     
   118.49717225635055     
   117.87479862226633     
   114.44846314870193     
   113.27925445473656     
   107.88885996913604     
   107.15681961430727     
   102.53917387601783     
   102.09248934268930     
   99.143026225880817     
   98.797509700122973     
   93.955345387274889     
   92.202661447501725     
   92.612856109876262     
   89.564999721846362     
   88.312962712143005     
   86.809772669564126     
   84.659357665734774     
   81.278558892323048     
   79.485423146237139     
   78.423289150055410     
   76.816553591418213     
   75.647999408874867     
   74.405483914492450     
   71.855342153449612     
   70.465416124097828     
   69.169854221585666     
   68.781939025232461     
   67.566054774401834     
   64.965916733932787     
   64.151926712455690     
   62.899811398910238     
   60.822885635353046     
   59.913133216218853     
   59.391662217802903     
   57.936906272499989     
   56.794422940680590     
   56.252474237938095     
   55.706597447880675     
   54.344311005712989     
   53.319762924266882     
   53.136525155234565     
   51.599709114561875     
   50.109308320263388     
   49.435101020653335     
   1207.9045968562732     
   1077.2618589514734     
   951.21404578625550     
   848.12482856202359     
   763.59537732893398     
   692.08530205284569     
   640.15599643556277     
   598.31073132513598     
   553.50529383686137     
   522.93681548459563     
   501.37097846108026     
   471.61847880568604     
   452.92035740301105     
   428.85013117155381     
   419.09777665734157     
   401.55246316080161     
   383.32564660467654     
   379.83270608374835     
   358.15261324386535     
   344.78513073794920     
   334.40830725402486     
   325.58608628761164     
   314.78172755254730     
   301.05378701100955     
   291.35604104922641     
   279.53832396417255     
   276.64821730091785     
   267.39143912364204     
   254.32093932333527     
   245.84733406980541     
   236.16837218083515     
   230.84950922925353     
   222.61488562885080     
   215.58500004939029     
   205.53030371296154     
   199.58482675717715     
   197.20000916747082     
   191.85780199600725     
   184.50015633068324     
   182.80640921159971     
   177.81948437111041     
   169.28619710693832     
   170.81554056412944     
   163.78525363420408     
   160.65951449434203     
   156.18135207411598     
   150.71213625330628     
   148.68824912258387     
   143.61043834234283     
   138.31479913175053     
   138.92412246300867     
   133.61481435351826     
   128.19074533959275     
   128.08164498353585     
   124.00209434456907     
   120.07575825154261     
   116.98644228631449     
   117.55553683543201     
   112.99550839514404     
   111.35441068067448     
   107.62696976525243     
   103.37338598719967     
   101.69648306913540     
   101.62966407634154     
   97.839597348959728     
   97.882190231298281     
   94.375910819312651     
   91.272126614761305     
   90.104535694218441     
   88.865826864769360     
   87.436536265137207     
   85.172140502733313     
   82.982135565821380     
   80.218259949747619     
   78.186463471098975     
   77.607487387743063     
   75.600452922423543     
   74.648463509133137     
   73.600633801874636     
   72.598444066745103     
   71.148024154979439     
   68.704378532773262     
   67.283883590434485     
   65.807964091401658     
   65.666549746506647     
   63.008646474029831     
   61.939852385196062     
   62.110022717713505     
   60.083693670836013     
   59.586566147448700     
   58.907371736040588     
   57.209519661870367     
   55.377461393352590     
   55.418174635436316     
   55.171899550906929     
   54.028195589830133     
   52.413853460124592     
   50.868308347466105     
   50.065408430213871     
   49.400513569340802     
   1228.5759363480320     
   1091.9210830807683     
   964.97032409837516     
   858.07844623832273     
   766.49863161396388     
   693.77141985184755     
   642.27556082596504     
   594.29067050885283     
   548.81373012970221     
   525.11841130498283     
   499.78067328030829     
   472.00747504710455     
   450.00070220879098     
   428.03113346668738     
   416.91179571575242     
   400.80029100241813     
   384.76707750042135     
   375.68717476309166     
   360.76646656224057     
   344.40637608949299     
   332.69211430679189     
   322.89943019618778     
   312.31195989424839     
   302.29719005313285     
   290.20261684665178     
   279.70810842012435     
   272.01448921797822     
   262.63008858265709     
   251.01276385434923     
   244.85508351469343     
   237.37113083759377     
   231.85250855400631     
   221.80172591579893     
   212.25371406178397     
   205.06980696136225     
   199.95465957622787     
   193.39977568522090     
   187.00097312197175     
   184.79237019679672     
   182.73475491833111     
   177.07100560977801     
   170.00511882659617     
   165.63671975751916     
   162.28651427374072     
   157.24499693663876     
   152.77750997000609     
   150.26564447550271     
   147.26990665568945     
   142.38786266939695     
   136.70464831150196     
   135.08429309879546     
   133.16385667056588     
   125.56866836392253     
   126.75933677008867     
   124.33296700102197     
   119.27113241622182     
   116.92634759085736     
   115.49086161340418     
   113.27840366855347     
   109.21670055430739     
   107.60754599055898     
   102.12251026650773     
   101.16384174323966     
   101.26627754332097     
   98.627501432809794     
   95.988306501880984     
   93.086465794457510     
   92.146945541660543     
   89.668570908093614     
   88.499430246301586     
   86.741265411955496     
   84.463846470971191     
   82.196728144629191     
   79.857745114132797     
   78.377848107561249     
   77.543405504666438     
   75.147086601185649     
   73.429197409736375     
   73.103564050092075     
   71.871557769409279     
   69.368930727447335     
   67.712300796449966     
   66.950761440272217     
   66.317738894431173     
   64.294575284770275     
   62.828770378605256     
   62.818602026588330     
   61.722485842868373     
   60.422158911393609     
   58.465489518325171     
   58.020573844554910     
   55.662019787651900     
   56.282090059016710     
   55.950080796324997     
   53.906524750740743     
   52.606138959858626     
   52.208911627057574     
   50.844836243245716     
   49.373338673191085     
   47.803425254657348     
   1244.1235075469813     
   1106.3233536557407     
   971.22863259473104     
   865.04065300332081     
   776.86804527011930     
   701.77069737680267     
   641.02503282587361     
   593.65269362258289     
   554.90136254683580     
   524.75354710409658     
   498.80777439013104     
   474.29932504739639     
   451.89961081003378     
   428.96065865164769     
   412.57111382942122     
   398.83817735683363     
   388.34612599966937     
   374.06870055416323     
   356.88585867783445     
   350.32620305642888     
   332.83656208610967     
   321.66666750592816     
   310.72262240673956     
   301.07217803882429     
   290.91065517357345     
   278.24829874501597     
   266.09010848921832     
   262.74732709330874     
   251.58389901166865     
   248.65837598858741     
   237.69862803088637     
   229.07974569449192     
   219.73258387426478     
   211.85199359748432     
   203.74052667688213     
   196.75481532184835     
   190.70792540370721     
   184.57877416697019     
   182.01813188032725     
   180.54762981243647     
   173.59043792010414     
   168.97498153915245     
   164.00787504195245     
   158.54506742836980     
   155.87976351897910     
   151.93081941215218     
   147.43706594488921     
   143.87819106639478     
   140.71272959186666     
   136.29197049595285     
   133.65728252046023     
   128.74909150236971     
   128.16521308873797     
   124.18112214463909     
   122.13808642017962     
   121.11366082189842     
   117.03881582358329     
   113.47335312755646     
   113.86473723079834     
   109.42249642356532     
   105.56970197758973     
   102.74598789470818     
   100.19480245402656     
   99.000941290924644     
   96.858799613617734     
   96.869334542997436     
   93.905313493292880     
   89.791528487971760     
   88.423933220132270     
   88.782601732698794     
   85.589054064665220     
   83.143608388158228     
   80.484120998237813     
   79.288386038446774     
   77.121860327976492     
   77.321001059648978     
   75.979053201515626     
   74.375544817940323     
   72.300675650271501     
   70.367454036146881     
   69.299342376961874     
   68.520919058719599     
   67.985735399784616     
   65.679872431009940     
   64.221634593611640     
   63.354804004661275     
   63.305988715302846     
   61.042070671683362     
   60.920608059260637     
   59.340624102481726     
   58.126188402718071     
   56.278440409605125     
   54.613273041314557     
   53.162420573435938     
   52.683267318223258     
   51.096650054432764     
   49.625587468196912     
   49.786808047394061     
   47.972733601832914     
   46.697416227317298     
   1253.5449927873428     
   1114.2165913136732     
   980.02545876314093     
   870.68752167110574     
   781.47718962630518     
   705.93016112852456     
   641.61048906628344     
   595.60034088507791     
   556.47742366021907     
   521.03553144785735     
   497.80994992257240     
   470.44898995122378     
   452.82130807746023     
   430.84282971458867     
   411.15599248219388     
   398.33823216284378     
   385.85659670607902     
   371.22284774213477     
   353.51162461000882     
   345.76486621762513     
   326.09423967609325     
   319.41525400503355     
   308.13522416154512     
   300.56597625922632     
   289.08770816054897     
   280.19002364734848     
   270.28344327374765     
   261.47004199613741     
   250.12025461027278     
   247.31656940459871     
   235.67943334970721     
   228.54730903431332     
   222.38228891326639     
   212.24134529426351     
   202.15070310903954     
   196.05094530309054     
   191.37495887360745     
   186.74639466585950     
   181.17400573020814     
   179.84363629140415     
   173.28668090760559     
   168.18817521549968     
   163.12094005460017     
   158.20301954483043     
   156.16137406377240     
   151.36072741523145     
   149.65478941990986     
   144.32725306717137     
   140.19174086135209     
   136.12920864148936     
   133.20897709336094     
   128.51108992563985     
   127.99691548644743     
   124.52719091554354     
   121.56669114208113     
   117.79416571374449     
   113.61886739432643     
   114.04632734132643     
   112.83678508717600     
   110.05667265260939     
   105.68848201257984     
   99.193744562283513     
   97.309984386667821     
   96.917352737353426     
   93.932982134701177     
   94.106098360005930     
   92.657931411039257     
   91.526062237167139     
   90.181036178130057     
   88.370942024892742     
   85.659434263324030     
   82.894801399818078     
   81.564635389525336     
   79.846969586274369     
   77.573108301063158     
   78.032862887961187     
   77.035060073477894     
   75.888461423233423     
   70.915560392522949     
   70.279059490090319     
   68.940793332790705     
   67.945943164372579     
   67.436389904319483     
   64.873675621078931     
   63.398771406335555     
   62.246477655325826     
   61.482542315513470     
   60.447535237377991     
   58.007568377662849     
   58.015138609885305     
   57.240270469658903     
   55.055789724254943     
   54.981357503341286     
   54.549374698537164     
   53.457442697179495     
   52.707735519031559     
   51.111888736165817     
   50.043501710744522     
   49.089682827711407     
   47.355872514072182     
   1257.6380756416881     
   1116.0055449509300     
   982.43976967057472     
   872.47622728048884     
   784.68672872614184     
   705.01568152189009     
   644.13169401992047     
   595.31608372675191     
   559.96682862552393     
   519.61949477341193     
   493.67148989369628     
   469.74949297758644     
   453.61459219332892     
   434.50527194942424     
   414.19762451368570     
   401.18033233632514     
   384.20284901520506     
   371.80771279981514     
   351.81855690024747     
   342.13857764484283     
   328.66973405269709     
   316.84564969963276     
   307.88046066272830     
   302.39447318651378     
   288.87192931705528     
   284.05671165613217     
   268.46507887440964     
   258.79916058324972     
   251.44814044665026     
   244.89114870972958     
   236.90458437166291     
   230.85993461063194     
   220.63907588413355     
   209.58396149685859     
   204.19319497302445     
   194.55422623519578     
   190.61163059001302     
   183.40272207553636     
   182.94914767492509     
   178.34525335787245     
   171.82111536389522     
   168.31298356242402     
   163.32678973755606     
   161.43781796575118     
   154.51095522523511     
   154.56131252625892     
   146.03289557626505     
   141.16236072123934     
   141.87485188032764     
   135.37770922003966     
   133.36585443009807     
   129.53234848656530     
   127.25160278574876     
   121.20396842454437     
   120.58898363181154     
   114.26954734366716     
   111.48350987810670     
   113.04151151564278     
   111.24683168439681     
   111.16812522599531     
   106.40536670189150     
   99.997191243590180     
   99.044480629334387     
   98.319571365298245     
   95.721856909021895     
   94.643790143787271     
   92.375726877965334     
   91.262275387397608     
   89.860807167385772     
   87.859742164413831     
   85.932059015055472     
   84.903215642919662     
   83.179777932071431     
   80.356202278269564     
   79.386720589707650     
   77.174825814757753     
   75.551857217276321     
   73.490303556367351     
   73.641679089524757     
   72.060462452169816     
   69.996246569381682     
   68.941717110214853     
   66.451679878505630     
   64.896670701217502     
   62.796256905479893     
   60.703086957082490     
   61.182096031905544     
   60.089022278907805     
   58.652541539010841     
   57.895412099715358     
   56.367952125191835     
   55.833333939062427     
   55.081707035314992     
   52.364659305355168     
   52.384105301386739     
   50.695561067045098     
   51.224105662979824     
   50.127068075551009     
   49.956957309024709     
   49.002704639904294     
