           1
        3200
           1
   902.26813787213064     
   857.22958726123613     
   823.33969834211507     
   798.06564001806532     
   780.76341876645188     
   763.64279471190969     
   744.91728227765350     
   729.77608119612171     
   712.60511015670863     
   698.67036203870578     
   683.41010333020313     
   668.60560477912895     
   652.24851084990917     
   641.13240440275297     
   626.36057379667261     
   613.18396872904032     
   598.37109649330398     
   584.72471777275609     
   571.37891759517015     
   558.20214625169581     
   546.04674242581041     
   532.72783944919524     
   521.64976802877050     
   508.83686721796505     
   495.94636438540977     
   483.85430651275459     
   473.47190156655847     
   462.62333671055569     
   451.52719310193652     
   440.70825744785702     
   430.36281972686345     
   420.47412999075016     
   410.56379470048978     
   399.85062067671333     
   391.29314482391055     
   381.85898609865882     
   374.60539370811136     
   366.11271972378461     
   357.58751642570849     
   350.09338535351083     
   342.66611282914027     
   334.55574202383787     
   327.75950073509279     
   321.27269672674686     
   313.87899683376440     
   307.10732321408636     
   301.56662076487970     
   296.14666721321197     
   290.24245291898887     
   284.35557964169965     
   278.48353775678265     
   273.51154677679204     
   267.98700145458486     
   263.14121101313276     
   258.02323035013984     
   253.01283447743987     
   249.55184735083230     
   244.54681083944749     
   240.98394645785390     
   237.09726924991185     
   232.70507261672594     
   229.00567056134946     
   225.34637804011271     
   221.64790979229974     
   216.99330305654101     
   212.56370209922335     
   208.52318189717010     
   204.05139625328232     
   199.76415311563377     
   195.35766512811881     
   191.97679187205853     
   187.63202156655441     
   183.22524471808890     
   179.46894435443591     
   175.25467259347033     
   171.72653202716788     
   167.92548509693609     
   164.30038261287621     
   160.63160417588972     
   157.06882418176326     
   153.90375532517680     
   150.46290681634372     
   147.43339560403615     
   144.34395503432515     
   141.25930517024935     
   138.24830144546732     
   135.48500032170554     
   132.70065330315856     
   130.17442468509617     
   127.54763289060587     
   125.03981894726712     
   122.54557005972055     
   120.10902791350878     
   117.79647169895306     
   115.43690518723565     
   113.15371227474672     
   110.94748928836978     
   108.77107640500915     
   106.57237414208123     
   104.48599827226329     
   920.04092036163991     
   893.55576200570431     
   863.68860674066684     
   833.95842485021433     
   807.76902221894579     
   787.03978192558998     
   768.40386734882645     
   749.34294377755248     
   730.77648752784739     
   711.03103528889187     
   699.46067011892296     
   684.81185654573437     
   669.22482515165916     
   653.00961165683714     
   637.99816980689434     
   623.04628473861590     
   608.63102453099077     
   594.12664738415742     
   579.44180888395817     
   565.80571528689552     
   553.31832283897506     
   539.43574533077356     
   526.62319332397362     
   515.60168329143642     
   502.94965342187294     
   490.29897097878973     
   478.90644872413583     
   467.29857170506654     
   456.24023678833458     
   445.21960251276198     
   435.12970181759221     
   425.09904836208977     
   416.04048521042466     
   406.75232338033220     
   397.69599918150789     
   388.68738142781876     
   378.89993597963633     
   370.38557351736273     
   362.52761850666809     
   353.95187396708434     
   346.29131243115211     
   339.01386308178792     
   331.69367088887918     
   324.36518039490988     
   316.69758057933501     
   310.02445195404204     
   302.79525588018157     
   296.31452095409730     
   290.66711281004211     
   285.00503305989844     
   279.50846241873063     
   273.55827359003547     
   268.98044208870101     
   263.77986277834134     
   259.69400082457764     
   254.97200303223400     
   250.65470869754239     
   246.45019171382373     
   242.77832080132461     
   238.85466686006495     
   235.01952427847490     
   230.95323902970148     
   226.78475860543733     
   223.19946849455204     
   218.28546977717417     
   214.08959890173887     
   209.69192632050607     
   205.44217411643302     
   200.55798014027698     
   196.86448076877150     
   192.70156770757023     
   188.43431340679288     
   184.14546449613428     
   180.14937412251092     
   175.84919882659361     
   172.11916914439740     
   168.34798624184279     
   164.55845873755698     
   160.83653851972693     
   157.53541845830139     
   154.02987066834342     
   150.88368124641380     
   147.62001446831636     
   144.35779185240642     
   141.37278159453561     
   138.54003271964299     
   135.62775649257557     
   132.98843806157907     
   130.28140702037990     
   127.59392644343768     
   125.21584646877383     
   122.75093549349380     
   120.33700015868271     
   117.89581052312964     
   115.55114687114818     
   113.33900487703798     
   111.03260225870864     
   108.82765701446658     
   106.72811676166766     
   104.56790839726798     
   920.47856743028115     
   903.09262303448361     
   880.72440041078062     
   854.77138209373800     
   831.13656696272290     
   805.24476440730734     
   781.81226800233765     
   762.78742628003079     
   744.97475300081976     
   730.00465485453537     
   711.89357878165197     
   693.70565872296913     
   677.37738067222222     
   660.99778776338633     
   645.13702074064167     
   629.94938513484169     
   614.36362619277099     
   600.07054614567926     
   585.41927091714763     
   572.44218707588607     
   558.66009837969420     
   546.23388433792434     
   533.71908921444356     
   520.14761759774581     
   507.28489791977262     
   496.21470152882500     
   485.21382963128104     
   473.87172668315588     
   462.67475961137961     
   450.81213653190224     
   439.86528019750722     
   429.96764697151895     
   421.25795042266981     
   411.19386023904480     
   400.34943882234353     
   390.79829505260045     
   380.83256364903860     
   371.96800623823151     
   363.31647031424984     
   355.81147966991324     
   347.74331542119364     
   340.81489923714673     
   333.32150867757804     
   326.76419415444479     
   319.36731591394903     
   312.12073506473536     
   305.65199489058278     
   299.49614000624632     
   293.30884821424922     
   287.87611586255059     
   281.85383770118750     
   277.37008239179767     
   272.17224221222688     
   267.29783361222985     
   262.53087951304906     
   257.75393621024284     
   252.85589233859309     
   248.31396320625345     
   244.53427670421331     
   240.56263032271704     
   236.87695247047799     
   233.34041750937865     
   229.48443145260239     
   225.50222152175911     
   221.48134978520721     
   217.14316303334124     
   212.87033174129539     
   208.53343882925088     
   203.68689597713322     
   198.91216728620071     
   194.98415965857950     
   190.35022029827593     
   186.22274767209575     
   181.89379526911867     
   177.84770603864081     
   173.96169384547213     
   170.08593347726563     
   166.22687370920320     
   162.65127785668633     
   159.18998635250642     
   155.61291959046568     
   152.30619023087252     
   149.03304988691465     
   146.05569670610259     
   143.15157717073581     
   140.13454651509079     
   137.27674652620283     
   134.28447701552233     
   131.52980880344080     
   128.91887147732444     
   126.43642822151872     
   123.92178521098116     
   121.38988994049161     
   118.86935532806528     
   116.48435002455508     
   114.15270174559424     
   111.85035303226032     
   109.48982939211925     
   107.32428042048885     
   105.20922138415236     
   923.46125295947809     
   900.85998493800821     
   883.07182749743629     
   864.57389154383952     
   842.94832700868085     
   816.97463880551845     
   796.00757761165164     
   777.10863086245445     
   756.45567002547796     
   736.71567131245615     
   717.91573296429442     
   700.50375152424272     
   683.72175133241160     
   667.08033866008213     
   652.20136556979628     
   638.70011609966684     
   624.41936013923407     
   606.81003923247397     
   593.34293364374014     
   578.74635773208342     
   564.31870988738888     
   551.16944083294823     
   537.35042741781967     
   523.07925629539670     
   511.72929204177825     
   498.28257382861790     
   486.91129628269266     
   475.52391685563794     
   463.77295799882705     
   452.48218087606142     
   442.42506901714904     
   431.34490913370678     
   421.28885688672352     
   411.47054406100824     
   402.90540867747939     
   393.39224589009785     
   385.09543117066454     
   376.50321697459771     
   367.83702764993342     
   359.16911862176954     
   350.75413240267920     
   343.11595582078792     
   335.70205491803722     
   327.99887224929637     
   321.30146863523811     
   314.49753824223410     
   308.64380462345679     
   302.85108769692943     
   295.80312141604162     
   290.38378091994952     
   285.29455086659874     
   278.74806142138766     
   273.26763626413225     
   268.56782801054260     
   264.19361297980419     
   259.01647467598900     
   254.89853220019637     
   250.09529249666542     
   246.07444702131096     
   242.36705663999183     
   238.53355716686306     
   234.89107630588850     
   230.75735571376407     
   227.08212447910307     
   222.91785181368164     
   218.82944493500503     
   214.27158354534413     
   209.69516826532302     
   205.01809493339360     
   200.62576487441001     
   196.76788860043251     
   191.76666209965683     
   186.92569765840949     
   182.87191491003281     
   178.52858508959292     
   174.43639409916187     
   170.38951265731978     
   166.55437325115167     
   163.03232330832043     
   159.22334653899296     
   155.78749739868158     
   152.58890953447130     
   149.17958503978468     
   146.03169723708629     
   142.93154819333762     
   139.99632390708427     
   137.02808392056025     
   134.20606341775743     
   131.50782046010855     
   128.73208287968430     
   126.15690513460646     
   123.49996678204111     
   120.96347784763950     
   118.40087272431023     
   115.99295690733501     
   113.50143569186201     
   111.17993856469610     
   108.97201566061503     
   106.62467402233514     
   104.37067248256726     
   932.72244498744760     
   913.22300902060761     
   887.67582568633975     
   868.55078094267446     
   849.95718827946166     
   831.02962451547694     
   809.46933696356234     
   786.71751509402327     
   765.16468754088226     
   747.65370190096360     
   728.87064383673987     
   710.76738169269015     
   694.00205224327703     
   676.60145658284796     
   659.58355074348549     
   641.71067077792770     
   627.62741369150240     
   614.34259156542635     
   599.32258770481133     
   584.40470330773906     
   569.56333063687089     
   554.50285900295637     
   540.79094874645943     
   529.41962006289612     
   516.59821848806212     
   504.76438887402730     
   493.46826223910978     
   480.07373590199154     
   468.83928179880161     
   459.12492389587356     
   448.72050513476927     
   437.96224899007314     
   426.25970316225300     
   415.19534268834002     
   404.16954615058921     
   395.07209573959364     
   386.44860023069657     
   377.86111623135776     
   368.81490191457078     
   360.36360216078737     
   352.45974725072506     
   344.46689967405814     
   336.66650242831588     
   329.86038807853015     
   322.26692421896558     
   315.88831480802980     
   308.99706117973085     
   302.90151405554354     
   296.98359140785863     
   291.20958210154663     
   285.14072639365014     
   278.91656048343509     
   273.56724935911359     
   268.82224623547029     
   264.00642932372068     
   259.78954334711938     
   255.58925947696824     
   251.20669416059761     
   246.96758306636102     
   243.11555441293299     
   239.36493256402110     
   235.75065508720661     
   231.43228875090222     
   227.48138620458286     
   223.40957265597723     
   219.14424303784750     
   214.89260108312962     
   210.30122759629012     
   205.84554927650353     
   201.20704850332547     
   196.68505092040141     
   192.19857024707468     
   187.57816590112475     
   183.57385885258731     
   178.81729365699158     
   174.63946187723528     
   170.65770954893802     
   166.43178491067999     
   162.41956919579314     
   158.86424293305970     
   155.59904245608996     
   152.06344766839032     
   148.76322829035382     
   145.52829201576111     
   142.18682428024854     
   139.18053068183559     
   136.27152664694975     
   133.18625724259837     
   130.21830705327261     
   127.55630522566307     
   124.81883273601139     
   122.22226081724500     
   119.64433905091073     
   116.96472664491476     
   114.52282492555800     
   111.96724873390150     
   109.52743247845407     
   107.14679290581734     
   104.88034788446083     
   102.52828666322959     
   933.26159439705987     
   912.94378000156541     
   892.20749849239314     
   873.82593464658521     
   854.57331378170522     
   838.71776620167066     
   817.97182656291852     
   798.42081384229652     
   779.46229068964669     
   758.70615842766051     
   739.52317117301811     
   722.62389048777891     
   702.84795763813270     
   685.01059778288982     
   668.70079313025769     
   652.80135158060239     
   635.21712527881175     
   619.05647674681563     
   603.21103825229318     
   589.75420132339491     
   574.70621729266486     
   560.34220445551250     
   547.36586699283214     
   534.47610280074036     
   521.15467162163429     
   508.65026694393742     
   495.51150101260208     
   484.52810465457861     
   473.01331567052597     
   462.10717903548556     
   450.34758945791486     
   440.44345706566986     
   430.64868219187781     
   419.55079354144607     
   410.08674843414383     
   400.08225750850124     
   390.85305687621343     
   381.49721699565180     
   372.19185305293382     
   363.59842296735468     
   355.18174805418261     
   347.64862375238107     
   340.29962693933157     
   333.81111254690882     
   326.05138785610364     
   318.34263247236288     
   311.28906807290309     
   304.85475001502795     
   298.62234896677006     
   292.64239931463891     
   286.38919439651227     
   280.79555456641640     
   275.27664569455015     
   270.73446432924447     
   266.14689041806787     
   261.56280712680172     
   256.41950903252643     
   252.66592679796281     
   247.98927053144368     
   243.94316080460592     
   240.13609773760157     
   236.09419768568119     
   232.57544008714260     
   229.05822577854525     
   225.36921195381620     
   221.07425156239441     
   216.35011876396266     
   211.99113125907309     
   207.49585293166217     
   202.81383506119491     
   198.14420909582202     
   193.18209142253471     
   188.16829549908667     
   184.02453803897441     
   179.05182872325847     
   174.70862152049290     
   170.49408245854937     
   166.48060883781710     
   162.33463862135810     
   158.51618849450171     
   155.08014510513561     
   151.54249484385073     
   148.01986731015919     
   144.69779724060919     
   141.50901608740841     
   138.30495588782404     
   135.07796330352630     
   132.10086755045396     
   129.09462032863979     
   126.29085205199371     
   123.35833511638825     
   120.63458087353553     
   117.79596370391934     
   115.20904385456524     
   112.61341154060653     
   110.01597335607204     
   107.54185061673019     
   105.15511372033386     
   102.63262972086808     
   100.13444780849009     
   941.35095375378023     
   919.08312169839905     
   895.08868556344760     
   877.64537151814966     
   859.31024999154374     
   839.05632648955032     
   820.94884797528630     
   805.05104816656569     
   785.28024123013415     
   764.69769317126486     
   743.52215060337790     
   722.82308182020699     
   704.56651065318351     
   687.82852372131083     
   671.86449308559736     
   655.07767188364971     
   638.33561346742090     
   622.96915900656325     
   609.14786057108063     
   593.29888111006403     
   577.54959330157294     
   563.02124016926064     
   549.69440136179708     
   536.77760063607877     
   523.08632235819482     
   511.41098933011762     
   498.67919419908048     
   487.48147655010058     
   475.27899111988143     
   463.68705495709986     
   452.48202763316328     
   440.81852152317003     
   429.39273787700745     
   420.41438093562618     
   409.65023378344381     
   400.53486698924479     
   390.49834326337134     
   381.61110483271096     
   373.17906660609913     
   365.13778889645141     
   356.73525990311259     
   348.83648350902001     
   340.40808961868021     
   332.84350592516842     
   326.20260163294734     
   319.37522456956071     
   312.47647288176296     
   305.63048754132552     
   300.28691953972873     
   294.35029110002478     
   288.20136928252725     
   282.06299415894108     
   276.84542949698101     
   271.59043874452442     
   266.34045091030686     
   261.61631067783941     
   257.39664885187375     
   253.30628133544172     
   249.02181483870680     
   244.57502401671550     
   241.09870694763777     
   237.68463292258758     
   234.18154546899063     
   230.03289058931273     
   226.34075513027773     
   222.37921830205750     
   217.37417878666236     
   212.96019089324685     
   208.47915251217040     
   203.30879407559468     
   198.13936061542188     
   192.79515401783627     
   188.02065796091441     
   182.73395384882110     
   178.10048598454853     
   173.76915729319600     
   169.17737348289438     
   164.89962795473625     
   160.58254001796146     
   156.64755395257163     
   152.77690721690982     
   148.80608013217622     
   145.45631456398016     
   141.75552763731181     
   138.22009889026009     
   134.89604644720208     
   131.63060366024865     
   128.29879946986065     
   125.18238435783911     
   122.50632652698165     
   119.67683043748386     
   116.92468598936119     
   113.85174962618572     
   111.08655965672398     
   108.53197853620226     
   105.83867990453274     
   103.26706299291760     
   100.68941707732812     
   98.273321666517745     
   95.561183363014322     
   938.21727226441908     
   920.28261318865771     
   902.81114447388131     
   885.19713851240090     
   865.21186848689081     
   844.74970197080870     
   826.00799040165259     
   805.72696709390902     
   784.80209301351670     
   766.48832958595528     
   747.72107690348287     
   731.98588776840347     
   713.76133356644482     
   693.98991061967786     
   674.83453195606853     
   658.19592363794709     
   642.68866192648761     
   626.64400223648420     
   610.35878231096638     
   594.77455367344078     
   581.21855811817443     
   568.14881007197232     
   554.87775791788727     
   541.77786982725991     
   529.74344433873227     
   516.78391404687545     
   503.87526332512999     
   490.44275153155473     
   479.16132688994441     
   467.81343888235165     
   455.51647219951462     
   444.57086357628896     
   434.32842702286530     
   423.39674530135750     
   413.61679657078139     
   403.69306478322778     
   393.17683866938006     
   383.57253452734091     
   374.72554771453974     
   366.00255239608242     
   357.60409074816209     
   349.66766113416151     
   342.15162782716243     
   334.45229366805557     
   327.00969018978299     
   320.13556669172095     
   313.40309374717856     
   306.21412936137392     
   299.57581173961665     
   293.39633328243389     
   287.49208615641606     
   281.33675515342082     
   276.49149890387258     
   271.51015773696952     
   266.39574619764909     
   262.06271711802759     
   257.45136774277842     
   253.18953240183879     
   249.79821311126545     
   245.81454292829966     
   241.04142917315494     
   237.18749176393771     
   234.35843873893219     
   230.44390116789211     
   227.07283779515365     
   222.78448292891397     
   217.77103832126105     
   213.48161581785379     
   208.86904904684735     
   203.77349637535798     
   197.85538724303450     
   192.22125559696678     
   186.54580259532622     
   181.14325763344908     
   176.14350878485519     
   170.99390106626183     
   166.32089435265468     
   161.71200499673884     
   157.29084153153349     
   153.02084532160066     
   148.99710060823034     
   145.01706799554037     
   140.96381321118224     
   136.98075722704843     
   133.80182490365382     
   130.11276698647518     
   126.52952890423168     
   123.09612443664885     
   119.93591425387433     
   116.75035284655465     
   113.64850518502014     
   110.40639297660005     
   107.30277183452056     
   104.97357809853439     
   102.04080902854913     
   99.177951118092608     
   96.503104000324356     
   93.820382960612392     
   91.203833607102538     
   88.451559429207236     
   949.44539491790147     
   925.46977989739651     
   905.28458602070543     
   888.37963860745492     
   868.12720731276602     
   847.82966021223024     
   827.61433912148664     
   807.94437718465542     
   791.76668590566965     
   774.98020311761525     
   756.73965935685726     
   737.38065154652929     
   716.93163982162787     
   700.67244784686216     
   685.75226639472260     
   667.87558486006969     
   650.71197581986337     
   635.28893521348937     
   620.92963675220369     
   604.79794830770084     
   589.81065258742478     
   575.55867149939468     
   560.31931956869846     
   546.46859806490170     
   533.64929041832647     
   518.91834586072059     
   505.50176969149823     
   493.91456949982881     
   481.00431122461850     
   468.66665703232388     
   457.39826483106799     
   446.43298644690725     
   434.08742315925235     
   423.68220055127597     
   413.54155518881322     
   403.94591385137358     
   394.64595335411656     
   384.82552410014478     
   375.89529563366489     
   367.27142103724628     
   358.29259748553955     
   350.38304632093758     
   342.36648387817786     
   335.24983295859914     
   327.57912829538049     
   319.56828527904008     
   313.19855638337054     
   306.27662770529338     
   299.93333165876362     
   294.41137155949809     
   288.70931083663777     
   282.76444385893262     
   277.21538974228400     
   271.94867241241434     
   266.32850630527889     
   261.52814658989411     
   257.27429344173743     
   253.32955242211005     
   249.80683462185590     
   245.99448185637797     
   241.72881315525558     
   237.82175783532225     
   234.62032908261659     
   230.92004041174150     
   227.64186714034304     
   223.60588562015846     
   218.77336603135581     
   214.32979063780894     
   209.46381050733766     
   203.36133215818964     
   197.12094683889063     
   190.64789197315972     
   184.34453886243571     
   178.75531422993819     
   173.10318217307486     
   167.52526722133518     
   162.49264237530508     
   157.51220899494737     
   152.87747685405193     
   147.98564621525850     
   143.78571449479699     
   139.65025634595017     
   135.41561861488822     
   131.23536267963971     
   127.25459665649454     
   123.87998140083272     
   119.86495680598095     
   116.45811161171625     
   113.10835684711678     
   109.71908249860985     
   106.54694904336144     
   103.83775270091503     
   100.70506185621393     
   97.868484785361233     
   94.974667341853461     
   92.123619906123864     
   89.855489881568147     
   86.915355771578248     
   84.361203725197143     
   81.679131734519657     
   947.90751235642620     
   928.74866297780409     
   910.97598803338190     
   890.65262336979902     
   871.88378000988712     
   851.00891416060335     
   831.14619493868554     
   812.45785410962287     
   793.20869681058980     
   774.13753292562649     
   757.42000012556070     
   741.53932227106043     
   724.46098595757485     
   705.82561624015102     
   687.49950477215430     
   671.00219076797055     
   655.98284167642066     
   641.14832981235998     
   624.75319311460896     
   608.58238735962755     
   591.20783189912004     
   576.12699056127894     
   562.32172925448742     
   548.72414415759420     
   533.98313573352766     
   519.89677487322047     
   506.31267818913227     
   492.69042888750391     
   480.37174266888320     
   467.88106070359152     
   456.57304391580925     
   445.52189545208137     
   435.26884292910455     
   425.27022861969920     
   415.15986900423985     
   404.26763282940306     
   393.93139023853610     
   383.86966878796432     
   375.74597823169455     
   366.53730378428497     
   357.65745831111309     
   349.84504889835489     
   341.94896198367530     
   334.00606602708012     
   326.24073294141732     
   319.98642987744569     
   312.88540009010160     
   305.86540530268013     
   299.48959878655387     
   294.33759051075685     
   288.23360948439279     
   282.40949153691383     
   276.94200005359500     
   271.68943712410265     
   266.30050982133037     
   261.39577918304155     
   257.52558543364012     
   253.38879788442182     
   249.22748099174996     
   245.54395580352542     
   242.19733275079255     
   238.14762417577720     
   234.62420867434599     
   231.79201301146480     
   228.38959163549580     
   224.19878259804929     
   219.65682832490654     
   215.62360197598917     
   210.14013666656012     
   203.36331301149244     
   195.84662713471434     
   188.76302244322216     
   181.48411209677448     
   174.66685015400770     
   168.22963302090534     
   162.03482346641300     
   156.51078776813958     
   150.97735110750750     
   145.64287903125609     
   140.63984373275264     
   136.29974554416336     
   131.95133986498635     
   127.60755220493716     
   123.47014783864317     
   119.48413032022954     
   115.51845499207327     
   111.74537851251000     
   107.80330916594194     
   104.32282242611939     
   100.99220658140160     
   97.638005552688099     
   94.649915721204749     
   92.198208000114008     
   88.851841737376205     
   86.399081687649584     
   83.619970980187063     
   81.428050169343635     
   78.795869670752779     
   76.026117929696824     
   73.501811454316822     
   955.63976957829982     
   931.30386773839234     
   909.50356153267364     
   891.57432845943526     
   870.88550697880123     
   849.80417025046040     
   832.68017626876656     
   814.09709519279659     
   794.82088736797596     
   776.00605211715197     
   758.98242063866087     
   740.65898606282235     
   723.35643910388785     
   709.59556989314763     
   693.45144249020063     
   675.19348761799665     
   657.26555001139468     
   641.09427494309659     
   623.68354949747845     
   605.59322484088909     
   592.97147320490933     
   578.53102020275639     
   563.51204758875963     
   549.49748495806068     
   535.08946553744806     
   520.44994407941431     
   507.49430523632259     
   495.11412295906320     
   482.80523549642646     
   471.24048971804791     
   458.00912386960192     
   445.83706263277071     
   434.73778212273129     
   423.35899293197463     
   412.77106629118890     
   402.89920288945183     
   393.16350254540936     
   383.60161147144566     
   373.91129791878666     
   365.81460015411841     
   356.85895290513929     
   348.44348491183860     
   340.64132702937002     
   334.32236604254445     
   326.87799406440286     
   319.20349176197954     
   313.08828105055693     
   306.56631029573867     
   299.71116305997742     
   293.42674638503689     
   288.06425137545773     
   282.57946166029808     
   277.33696564251795     
   271.71457253104711     
   266.63229102794298     
   261.67136287926536     
   257.43970018561214     
   253.53151892242511     
   249.50583730585123     
   246.38880389744529     
   242.26015086403669     
   239.41017072889616     
   235.84316235912127     
   232.66219181085555     
   229.95363338457645     
   225.84861766121719     
   221.49757337910989     
   217.53779411358559     
   210.46380816020385     
   201.97845161676861     
   193.49891321658032     
   185.10419112587383     
   177.08806369410922     
   168.92397524951417     
   162.01848050571695     
   155.12124633442446     
   148.51148706947072     
   142.58336650935138     
   136.93201608029929     
   131.60411571609757     
   126.72156397555983     
   121.59178685716898     
   117.20443162123235     
   113.36333702095962     
   109.46345513289887     
   105.37767710839145     
   102.15590141516313     
   98.640887351779028     
   95.009512966485062     
   91.915627973351718     
   89.450025165720859     
   86.179261512326406     
   83.799177006699409     
   80.759076845013624     
   78.160110014069858     
   75.858714617238817     
   73.357057945002083     
   71.106529392695961     
   68.714447381794599     
   66.013781613988868     
   960.46457667655341     
   936.56736630666728     
   913.08997089192201     
   890.77092451940712     
   872.71843551318625     
   854.71062151090075     
   834.77866034758426     
   813.64337640002418     
   798.20221802383685     
   781.22736533641955     
   761.82243180438752     
   744.53865240569587     
   726.41047558117975     
   708.80745104081382     
   691.55664147885022     
   675.83795040558641     
   659.28426672142905     
   641.83948980677997     
   627.84089931428048     
   610.64278427836223     
   593.98931879631800     
   578.14189848507488     
   563.04589763209674     
   548.99063052492170     
   535.81044918407247     
   522.92837005878334     
   510.24308447307249     
   496.57813739224457     
   484.63563684594101     
   473.10414896906605     
   461.70240629874911     
   449.66229817750138     
   437.43959940614235     
   426.84383270250441     
   415.71652490369814     
   405.22868040131755     
   395.81320475692047     
   385.51468993032796     
   376.67382838450544     
   366.88458489281123     
   358.03827711591799     
   349.95116255044081     
   342.96234559995924     
   335.00693249394237     
   327.50249637616361     
   320.17613642282555     
   312.39112613989732     
   306.13494247967367     
   299.37277689153973     
   293.34333878206360     
   287.36688137675071     
   281.71455271951004     
   276.88032129528438     
   271.62697114950191     
   266.50075973641947     
   261.71812687902002     
   257.37591714886014     
   253.33173365144771     
   248.91897539027912     
   245.97782829381060     
   241.62043211842644     
   239.24844271303263     
   235.98607353115818     
   232.44550355255797     
   229.85060917988034     
   226.54565708975576     
   222.72745793930022     
   219.90514777643324     
   210.59387431402757     
   199.90290255704613     
   189.25443950007457     
   179.52245627631319     
   169.78495190897880     
   161.02666824403656     
   153.38224875896523     
   145.24724646954334     
   139.10202504008316     
   132.97030983258162     
   126.39980201910979     
   120.82450944412237     
   116.33878917979051     
   111.49459380708734     
   106.57899731811780     
   103.67588805264668     
   99.814614628758733     
   96.735743886608532     
   93.450670933540295     
   90.119116875178946     
   86.799743667908189     
   83.963482813859997     
   81.478528149411346     
   79.315780950097462     
   76.586064649566367     
   73.905948369350583     
   71.099970781849350     
   69.620492978644705     
   67.199219050447738     
   65.873503870181537     
   63.400727802815396     
   60.120057376580093     
   961.91631208970398     
   941.41796112219015     
   917.13492448250133     
   895.88276678970419     
   875.55540264840033     
   856.86620094381567     
   838.14193840001508     
   820.09376499683151     
   802.54787517483260     
   781.51858328757544     
   764.85474693825643     
   744.73215369957552     
   727.13047432742678     
   708.68387496200842     
   690.86447305716092     
   674.63394302017059     
   658.90425662007715     
   643.20142083887004     
   625.79569578311839     
   610.10305218338044     
   595.10332027424852     
   581.44574392118250     
   567.01967471895387     
   550.56338349038106     
   535.76789391975092     
   522.11774611788303     
   508.02184966808818     
   494.53835847913405     
   480.88655778880468     
   468.07212461969573     
   456.05534933324157     
   444.33722119646575     
   433.99702504101919     
   422.15077460387931     
   411.99555604580087     
   401.85748388465470     
   392.57826365795540     
   382.95418049569088     
   372.92067557296940     
   363.96539045922640     
   355.37452851688977     
   346.64595421178478     
   338.92697616444644     
   331.09632714502470     
   323.62389476121541     
   316.85436498581907     
   310.80412688679019     
   305.31866742687401     
   298.37018145761738     
   291.96450626569441     
   285.14395623656310     
   280.13416899542113     
   274.42408869525048     
   269.90229637023111     
   264.97851840202924     
   259.97048741121330     
   255.96412524684578     
   251.92042896538345     
   248.64196166729113     
   245.16606618929828     
   241.55791100185095     
   238.72041560529146     
   235.92158613559874     
   233.20727744144199     
   230.92913733072177     
   227.32054964652639     
   224.65321902774539     
   221.44097356457721     
   208.93579663296416     
   196.65794135497393     
   184.18287923936697     
   172.58311724633373     
   162.51643877068651     
   152.34906156747275     
   144.50446568483170     
   136.55781443526439     
   130.33791229594507     
   123.55720414796187     
   117.08522485955835     
   112.14610352052600     
   108.01745258934895     
   103.50254353153926     
   99.355512779526734     
   95.476247858065761     
   92.106347928986537     
   90.443187201793450     
   86.223972832531331     
   84.247263592503543     
   81.420007044310836     
   78.866890460290747     
   77.171261010409751     
   74.256248811221724     
   72.157040878998160     
   69.682774656742254     
   67.002619472009229     
   65.794953098664180     
   63.779531667244541     
   61.547630267335023     
   59.372217211700089     
   56.962326684994181     
   959.76091501159135     
   939.75953494033911     
   921.66070305419953     
   905.16887633764043     
   882.85960474022704     
   862.33536431241055     
   841.69522211811147     
   821.96915504884305     
   804.10454002066376     
   783.03653608966283     
   764.93833973326036     
   746.62539309898773     
   729.85070674976328     
   709.99590138659278     
   692.23978355330109     
   675.49101164389049     
   658.54400461347041     
   642.96520190761726     
   625.63931284424973     
   611.32226997892519     
   596.36014769014230     
   580.39473048957029     
   565.11795653869513     
   550.44247546586860     
   535.10064450195273     
   520.88971036704800     
   506.68477837233877     
   493.27952952422720     
   481.32365904759229     
   467.63171012338711     
   455.29924228660633     
   444.32330510232924     
   433.07958261372221     
   422.97751404349685     
   411.90733920013656     
   400.96328556169436     
   390.99345468732395     
   381.61083201484274     
   371.97257044484383     
   362.78887887445808     
   354.40483696212749     
   345.97891623731766     
   338.46517479743136     
   331.23920641313350     
   324.46328408544025     
   317.57102992435250     
   311.00635889821552     
   304.17140051397922     
   297.56061377186427     
   290.65766314424923     
   285.32640623656147     
   280.74949548885706     
   274.97655233396631     
   269.27650925637369     
   264.82239222233676     
   260.05113623261929     
   255.76306622591827     
   251.52465165119744     
   248.11975420499323     
   245.02526732179916     
   242.16772749125386     
   238.64690482797747     
   236.23435988802908     
   233.50399083903460     
   231.96681141982316     
   229.30511335341140     
   224.92990124369845     
   216.20738035081143     
   202.18043721359498     
   188.88887359884359     
   174.69218481093105     
   162.13813601214883     
   151.63766470361247     
   142.44150249631448     
   135.60255157312196     
   127.35575096044860     
   119.66394637737783     
   115.49013493647089     
   109.33421541931139     
   104.80523769139074     
   101.25968398371708     
   97.059556707617489     
   93.445132355262416     
   89.960440807201223     
   87.415556817183173     
   84.473376233648736     
   82.148283296953267     
   78.941909735880614     
   77.222462699916832     
   74.851350318759060     
   73.098603044978489     
   71.487220909474274     
   68.874109502393111     
   66.333946570670037     
   64.464704063067785     
   62.645281568643796     
   61.870058073337994     
   59.216975208797834     
   56.846118598993513     
   54.626564758954089     
   965.58964019799987     
   947.16760899831820     
   927.35880474383850     
   906.19444373176930     
   884.38070297832166     
   865.05717053596038     
   846.91512327895680     
   826.46494230299641     
   805.16844972439037     
   783.58323506688248     
   767.12264854834996     
   749.13973203191119     
   730.21089233239911     
   712.82555351716064     
   693.98441355539319     
   675.61365697380927     
   658.16701616650028     
   641.78664313555805     
   626.15096307955719     
   608.65521413833994     
   591.81366568919373     
   577.05569470491037     
   561.60698837013888     
   545.96379839489327     
   532.91703651936336     
   518.68057166963547     
   505.58458115006476     
   493.23258991561295     
   479.28641921511837     
   466.57485920864798     
   454.09267081925884     
   442.46654652575376     
   431.64678733474545     
   420.67711642572988     
   410.53784458493908     
   399.00291536843861     
   388.46677545199748     
   379.63722752951639     
   370.20223088771036     
   361.56577544606876     
   353.59408226255789     
   344.95746510189110     
   336.64152749873210     
   328.98613074215297     
   321.92945268274372     
   314.57761865355417     
   307.77438961848975     
   301.58120848122985     
   295.52255225460152     
   289.62305165138753     
   283.62292398766067     
   278.89271873015701     
   273.75667388876428     
   268.47313910995797     
   263.65528571378127     
   259.21030473344263     
   254.74083677755345     
   251.18211866589695     
   247.52105865998513     
   244.49470612557633     
   241.84670587199290     
   239.45643190528324     
   236.94611055166638     
   234.46010770984941     
   232.99968991054379     
   231.78794504132603     
   228.85911653483603     
   215.59692574269880     
   198.84402140921952     
   183.61964641301216     
   168.65877141798427     
   156.34530210027026     
   145.30708364257461     
   136.66834004743581     
   128.05907540648113     
   122.20470983386794     
   115.71373792095774     
   111.25017065644957     
   105.94709754427477     
   100.78649799191878     
   96.502900194016348     
   93.438132861663490     
   89.233450671212992     
   87.608716388773971     
   85.315422221114929     
   81.367859508757832     
   79.533218399469320     
   76.148438428052117     
   74.361949010003826     
   72.957751566712659     
   71.364712912439913     
   69.327885569920056     
   67.030005697532388     
   65.029717147849510     
   63.352981170584997     
   60.980086337056150     
   59.163216930337661     
   57.906124295524705     
   54.703727447775691     
   52.423386718075982     
   969.87143921615120     
   949.31115618614479     
   928.28760809605114     
   904.68468102533473     
   888.83859686685298     
   869.91992461854738     
   848.96147058572160     
   826.42358736517770     
   805.33733319565647     
   787.82714642220662     
   766.88162490375214     
   747.92718442607088     
   727.76190142786675     
   708.21912383423478     
   690.89425423827038     
   676.34373166654245     
   658.79492179958061     
   639.75348032503450     
   622.26892252140806     
   605.82784995055385     
   589.58244361815491     
   573.61583442604444     
   558.22191426247423     
   542.38513253044255     
   528.49956555403583     
   514.88548447979724     
   499.91375249371646     
   486.11639668750286     
   475.31902554229612     
   463.43373667245021     
   452.52100346345242     
   440.08837908030557     
   429.08195739180337     
   417.93970741256732     
   408.30737491228081     
   397.12932528075868     
   388.11385254870845     
   378.94566989665373     
   368.85025116338227     
   359.97252157952272     
   351.73375857003714     
   343.21145624413111     
   335.92708186082751     
   329.10768367115867     
   321.95116627174599     
   314.15374914486785     
   307.70767861016623     
   301.01336275827117     
   294.53532181505693     
   289.50055366628800     
   283.32030176233201     
   277.79847186170605     
   272.93443394797430     
   268.32152470250981     
   263.30627918758876     
   258.61903343053899     
   254.67216274510230     
   250.63545403163434     
   246.66612663524560     
   243.44878978305348     
   240.43187605385032     
   238.20025580640203     
   236.16240895236564     
   234.40444631781656     
   233.01634183917000     
   232.46640875705592     
   232.41585256793229     
   216.00859583722524     
   196.95197430995205     
   180.84954709451091     
   164.85410326894856     
   152.12760176582162     
   142.43660538336584     
   133.11740473898783     
   124.84761980352980     
   118.47084656227571     
   112.34210610935908     
   107.59380370800298     
   102.78243510146024     
   99.014579797552486     
   95.151099356806853     
   91.184335049425712     
   87.745486518900066     
   85.413905870557954     
   83.780593053141345     
   80.559247981333272     
   78.625340786794411     
   75.944857887400843     
   72.696754758393013     
   71.375622615873993     
   69.255572251512120     
   67.247477313626362     
   65.103311927864667     
   63.886215852317605     
   61.732507634451686     
   59.931229610632258     
   57.721176051340173     
   56.036271499388128     
   53.696652665799377     
   51.233232047726311     
   974.16591586410004     
   952.69014985132139     
   931.76103121080928     
   914.62522036787914     
   893.12742553075100     
   871.30065081490056     
   852.10510106967490     
   830.11446955366796     
   808.59383151863244     
   787.67756093086052     
   766.49841261149061     
   747.36142657925632     
   727.33883092509325     
   708.68684326650191     
   691.74429725742402     
   670.03925772309117     
   651.29523845289702     
   633.39414386038402     
   616.68328460307998     
   600.34907521403704     
   584.76096696491527     
   568.36113580735810     
   551.14938433458815     
   537.60467917440246     
   524.64213457706080     
   511.33996359271907     
   498.63524371033481     
   486.38235208980291     
   472.19990508102114     
   460.56141501961008     
   448.15336734776326     
   437.50985951705945     
   426.82723777657810     
   416.25308669635717     
   404.85181579666238     
   394.30396867940243     
   385.17818544701998     
   376.40286107474122     
   368.26331861941549     
   358.78313907350798     
   350.57096290538311     
   342.64625912310333     
   334.95738460212669     
   326.68811074712920     
   319.62795065347757     
   312.89808076405291     
   306.07989955107303     
   299.14412368747315     
   293.34875026541954     
   287.69942184745275     
   281.90265439431101     
   276.88883829336379     
   271.30419898795515     
   266.84258316160242     
   262.33019856264565     
   258.01726352240837     
   253.72618365756296     
   249.68038144911469     
   245.36579519361709     
   243.00190576085367     
   240.46339309060590     
   237.87025132466229     
   236.13434676807759     
   234.47267738525420     
   233.84202631741761     
   234.73843847078058     
   234.86062874272079     
   216.90951565415946     
   195.96480521438068     
   177.79756213337743     
   162.61137428901307     
   150.31806222724140     
   140.91384376338638     
   131.73839393096875     
   123.39581425060649     
   116.54993446727138     
   111.47463936390562     
   105.73770503825281     
   100.09351702028354     
   97.233548569499675     
   93.129470017741966     
   89.702956018736117     
   87.805623959407754     
   84.499590120721024     
   82.042528278405570     
   79.051838497613375     
   77.377136063131076     
   74.856951579860308     
   72.463215691437100     
   69.890781402601121     
   66.974244883138084     
   65.326951846624041     
   64.088486835416205     
   62.330002636675992     
   60.223261141700718     
   58.355161814432506     
   56.217468198412831     
   54.571815367752549     
   52.541227406539356     
   50.146256567841604     
   977.08239371822185     
   954.45955833223138     
   937.26404290176856     
   915.92247632692374     
   894.50678232587916     
   871.88059132921455     
   850.17396277481521     
   830.43705653293671     
   809.02597471864681     
   786.65425465464443     
   765.21627584324324     
   743.92046294394049     
   722.70579487243799     
   702.95795091442028     
   685.22818956857304     
   667.26795937852035     
   648.89751806756840     
   632.97993159917507     
   616.47635698047611     
   600.66914212225583     
   581.83525295736774     
   566.31194297767627     
   552.32453034973855     
   537.07582384104080     
   522.14077771024915     
   508.24349277740237     
   494.11850926283864     
   481.26404746459332     
   469.28400801126372     
   457.40631643533817     
   444.74388104534967     
   433.83913171272081     
   422.98050715448363     
   412.76822269017100     
   403.00975185108041     
   393.26044228776618     
   383.05072354813706     
   373.45739666896753     
   364.44473987834704     
   355.00440468754664     
   347.12776565013900     
   338.55387832463157     
   330.54230374538213     
   323.61551031169569     
   316.51486671865712     
   309.85179377912976     
   302.71564241756397     
   295.97720758471939     
   290.07422072085694     
   284.96406197652510     
   278.96775457695162     
   274.16663103474224     
   269.51014855735718     
   265.30705575058818     
   261.07942308253558     
   256.33628987513424     
   252.20935237170070     
   248.96054654596486     
   244.71106289530073     
   241.85333765191547     
   239.72145439771694     
   237.04666017371056     
   236.64115870264649     
   234.65162116189182     
   234.88629736933552     
   236.26624225146099     
   238.10011762870766     
   217.55590370503273     
   195.83803975493294     
   178.36451343608826     
   162.21033767113033     
   148.80411093835392     
   139.98252479673505     
   130.69260619374319     
   121.96439285351357     
   114.94416066919057     
   109.77315856604011     
   105.23179788495482     
   99.259887377235884     
   95.190754162004936     
   90.961815199466884     
   87.222582368272583     
   85.815916153399399     
   82.604557573202712     
   79.984300902045291     
   78.374228213790929     
   76.199940259592736     
   73.697365000621161     
   71.709007073777997     
   68.652284830460218     
   66.018007753038276     
   64.946096942786724     
   62.972678808228011     
   61.004683693915837     
   59.891050122129002     
   57.844325348511049     
   55.854926318884893     
   53.228789973636538     
   51.154818523714084     
   49.012171668020372     
   980.39473724874927     
   960.06357380194095     
   940.03179837648395     
   917.72368273040706     
   894.23488591081673     
   873.77968586333259     
   851.48929395456787     
   829.73662883729605     
   808.04350135928951     
   785.03546239507602     
   765.76984392003203     
   744.72315766562645     
   722.62396100820501     
   702.61565110755839     
   683.23971670970184     
   664.74605785468930     
   645.38714481029001     
   626.34121424899774     
   608.54415406235489     
   592.13315382011854     
   576.77249194015008     
   561.47361366367875     
   546.45246862719159     
   533.88086205907803     
   518.46831418153931     
   505.52625772348415     
   492.38518863737124     
   479.35050289377403     
   467.14701587901823     
   455.46994096111325     
   442.51791930169350     
   431.41169682915535     
   420.47777898801957     
   409.70775863689818     
   399.45123416454976     
   389.91747196993424     
   380.55545834131675     
   371.28169927632848     
   363.20916857119357     
   354.17552126947947     
   345.24484900819368     
   337.63410259718114     
   330.56594889515031     
   322.91301630666328     
   314.91360415171692     
   307.77583393152668     
   302.56824138323600     
   295.68857834239600     
   289.56781563101919     
   283.85353734596640     
   278.45328446151746     
   273.61480081746686     
   268.66256907572262     
   263.89907543933515     
   259.90255196524203     
   255.45396555120243     
   251.96472474591388     
   248.59193205585410     
   244.97708248055375     
   242.10557773061390     
   239.93591682526551     
   238.21804631955803     
   235.69460404753033     
   235.18168551698506     
   234.83343881672275     
   237.86271679637366     
   241.39706147337262     
   218.53561805970466     
   196.93980258709007     
   177.94216901242635     
   161.10552116496319     
   148.99567414752701     
   138.72189855851187     
   130.10290217582960     
   121.47004454051259     
   113.97557763434396     
   108.85795482399945     
   103.28289179193625     
   98.322514848445806     
   94.649665682058185     
   90.806184871117011     
   86.658351857981032     
   83.825975239948690     
   81.814897145237580     
   79.140317522513300     
   76.933795747165803     
   74.708178061502821     
   72.511809399375153     
   70.624952194291112     
   67.929729058126739     
   65.333903545976440     
   63.863226306712662     
   61.377465730191695     
   60.259508349536048     
   59.389488351980930     
   56.674016686521895     
   54.749419294308979     
   52.993660530163282     
   50.341627885668160     
   48.425522659088749     
   985.76781095937338     
   963.32817273690353     
   941.65106624669261     
   920.21053429775520     
   899.34374827378076     
   875.80871779960921     
   852.55908023185850     
   826.78692091108428     
   806.48093098718061     
   784.26748825069660     
   761.50932386377315     
   739.26146377141890     
   718.87422791040501     
   699.12464741471092     
   678.53732725567852     
   655.55935231299941     
   637.02084668024065     
   622.50796286671562     
   605.62411353503512     
   589.77521251306655     
   574.65591742135450     
   559.28008851412790     
   544.30212857641072     
   528.86817750886303     
   514.91418137520338     
   501.04142467350488     
   488.07252377101162     
   474.15136795508670     
   462.65517862237311     
   450.77865761023304     
   437.67651567842256     
   426.03511884652937     
   416.20240256839395     
   405.49212613419161     
   395.07906180384390     
   385.80201608191294     
   375.66121913086795     
   366.15819731030376     
   357.09606790338194     
   348.95373904750716     
   341.64089552712358     
   333.46872948767907     
   326.22197663587991     
   318.99282442112360     
   312.47399864252401     
   306.09603378627020     
   299.21934821915545     
   292.89507425602983     
   287.38955071099184     
   281.81791248967369     
   276.79318969836345     
   271.14992663263496     
   266.29403721903412     
   261.34620550992037     
   257.33632676745697     
   253.01634044777757     
   249.30717956571507     
   245.68615468952936     
   242.70995984656466     
   240.65348465598464     
   238.61629871974208     
   236.28313666893752     
   235.21558564085495     
   234.90269100276595     
   234.71871253352302     
   238.33181299119462     
   242.30895286127557     
   219.52890919146739     
   197.54381434947032     
   178.67092471514027     
   161.95160042763501     
   149.12337773332533     
   139.33131035718208     
   129.34357249807320     
   122.01003085705916     
   114.03594299710248     
   107.46539360826552     
   103.30255635991094     
   97.220943450640419     
   93.307509250580779     
   89.133072379955635     
   86.770451425282104     
   83.142443308148216     
   79.558902914543353     
   77.763662532093747     
   75.370099043817987     
   73.670433177024805     
   71.647640589400282     
   69.339854988710954     
   65.964047798805652     
   64.522491090793949     
   62.523055427206536     
   59.885692026621541     
   59.874724982612804     
   57.694781060727415     
   55.343735461934216     
   53.158802956615432     
   51.558182968526992     
   49.208709544059715     
   46.725727184425558     
   985.17972451177627     
   964.75691022638284     
   944.65649298265521     
   923.52028486123720     
   899.07671933222412     
   877.02561909041833     
   851.79890209624114     
   829.10631756755879     
   803.38385968630223     
   779.05100684893034     
   757.56239387593882     
   735.51602809868143     
   713.11975886023083     
   692.13365166812378     
   672.62348872111409     
   653.92600765167185     
   636.76438082774757     
   616.10642509777335     
   597.17588265466600     
   581.33238528009576     
   565.61289319194520     
   551.10476953401167     
   535.34364423857937     
   521.47648346958624     
   508.19659037562320     
   495.20890933178794     
   481.75146948655436     
   468.74558798760887     
   457.34052664848667     
   444.44766976845921     
   432.94607753697585     
   422.16149494700716     
   411.48787012799630     
   399.71218097079134     
   390.08215715468128     
   380.89694262697941     
   370.70149074979395     
   362.47584364081149     
   353.58928474956792     
   345.19712862542258     
   338.02562073638535     
   329.90615118286240     
   322.66911888630432     
   315.60287643137798     
   307.75800613102854     
   300.78910374399840     
   295.35738124129477     
   289.70912372536088     
   284.11864067385767     
   278.86549663725128     
   272.98088095161290     
   268.15891436866275     
   263.32227583947486     
   258.77078582461633     
   254.72244181620400     
   251.47507105821686     
   247.43217687791869     
   244.64635972302403     
   242.25816549940430     
   239.19945078390535     
   237.01723004962389     
   235.41908165283570     
   234.28201161724618     
   234.14954611287880     
   235.05666526386261     
   238.04426955922258     
   244.04803687955763     
   220.91809266462042     
   198.09045092887976     
   179.18360466228177     
   162.05663058967238     
   148.74511666752201     
   139.01829445922246     
   129.75790707364609     
   122.24067421103186     
   112.76919548209014     
   107.94598621591426     
   102.03806292965274     
   96.375287754020576     
   92.529323027540414     
   88.712706326922842     
   85.965332236308427     
   82.130839067981810     
   78.694546038470662     
   76.699613274760651     
   74.424869864849796     
   72.667655142652322     
   70.047477387177807     
   67.866024175032607     
   65.707649777938386     
   64.473873409211876     
   61.770287697694656     
   59.742915449196509     
   59.333230628335301     
   57.028567543236143     
   54.680632710594580     
   52.186756427108890     
   49.914185515635431     
   48.523437200158028     
   45.103576180632956     
   989.87135979922368     
   971.00353401101324     
   948.84869431242691     
   925.28073585268123     
   900.41543968589167     
   874.72832517516690     
   847.44084963064279     
   820.53340752289239     
   796.03353165707347     
   770.48133940499974     
   747.35713691690148     
   724.42597350771098     
   702.80567481572689     
   682.96291749097622     
   665.08816951589961     
   645.14219586274999     
   625.83150744239879     
   608.16111548185688     
   591.07877106912690     
   573.95969901706758     
   556.30049874887447     
   540.70124090956494     
   526.24477015092589     
   512.90322382198019     
   498.23885425732408     
   484.73579555026475     
   471.34479148398754     
   458.87238361203310     
   448.45854076780512     
   435.50950584925948     
   424.49181762077694     
   414.35224416140335     
   403.97435104479666     
   394.75840538118911     
   385.25589792889355     
   375.01447005307739     
   365.27175570974174     
   356.67584629927285     
   348.17031281574288     
   339.59892120622084     
   331.26126798161624     
   324.96056826708303     
   317.87171299196177     
   310.26510339842412     
   303.24884375669671     
   297.14468553562176     
   291.24970090226179     
   285.36737962555617     
   279.09435051093214     
   273.35678465226636     
   268.73091492088196     
   263.76098291635299     
   259.98148988506563     
   256.11322396926465     
   251.86090996059207     
   247.80943867601175     
   244.75738500242886     
   241.58046677933544     
   239.63851394677971     
   237.15117853347101     
   234.96126313789466     
   233.81130555772131     
   232.45710225819420     
   232.39211353536462     
   233.41017021765504     
   236.83711007275286     
   244.70182421375466     
   222.05299128711482     
   198.78437960954156     
   179.78555139767974     
   163.07387145944074     
   149.23578614919282     
   139.58919721593765     
   129.92548945347102     
   120.57444333076667     
   114.03412176568403     
   107.42089421137287     
   100.42971237650184     
   95.858513491732268     
   92.084240184888927     
   88.158636719866763     
   85.204725374064822     
   82.117564599075806     
   77.972000557775317     
   75.838513652227917     
   73.802577988722405     
   71.180758062052220     
   69.411334455400834     
   66.982279224642468     
   65.801398815888447     
   63.624613685773738     
   60.343357910483611     
   59.067743203895382     
   58.485363319345751     
   56.097767450238941     
   54.432055140375780     
   51.548808738487807     
   50.150797292326764     
   47.333131443463898     
   44.341445012683778     
   995.71520923416892     
   974.18074067446287     
   945.63809765673136     
   922.52450603518537     
   900.42653354123274     
   871.63645772616269     
   840.38395962602419     
   813.55240841247507     
   789.50387505340098     
   766.13158518586567     
   739.43322207437313     
   716.93787336497098     
   696.28441680077549     
   677.96408154679898     
   657.29453253212512     
   636.74295665278987     
   616.79632589086793     
   599.47804131693510     
   583.36415364411255     
   565.17121529657550     
   548.67201341696750     
   532.69128561053026     
   516.73520321770184     
   501.39574004361344     
   488.62958486417392     
   476.82644428454256     
   464.91548969012285     
   451.23375318865010     
   439.88970702176744     
   427.27652833644572     
   415.53187668820919     
   405.11472413829159     
   395.51454754286732     
   385.28266627264111     
   375.10441190147787     
   365.42620807498167     
   356.94883930253394     
   349.45238862017402     
   341.16425680282134     
   333.32500028750263     
   325.84501142227924     
   318.36059603279944     
   311.14093774588139     
   304.88341318538261     
   298.06076977067050     
   292.65677440111921     
   287.26883617304912     
   281.69454405712742     
   276.52750794047739     
   271.04575294596054     
   265.98168878141291     
   260.49084277311033     
   256.29795277718654     
   252.87180042496743     
   248.41630606648454     
   245.84632077287742     
   242.51229309219022     
   239.16768095264737     
   236.84934418849457     
   235.15033148828402     
   233.54883153432957     
   231.97839430178951     
   231.55808389304593     
   230.98337742174041     
   232.74935912673561     
   235.80243522667953     
   244.38075124855746     
   221.72214058568704     
   199.91723465785293     
   180.64681644328164     
   163.46064820631454     
   151.13643102461634     
   140.52127591054546     
   130.80464615077474     
   121.54075708635339     
   113.76689593397829     
   107.56623574948838     
   100.36917925859518     
   96.328204855864911     
   92.275889462634353     
   87.660252228304486     
   84.253838008654284     
   80.073915020047764     
   76.768426193819735     
   75.940234153353231     
   73.686478224452088     
   71.612853307192779     
   69.710977463173975     
   67.130725312461408     
   64.284567004389984     
   62.735045127550222     
   60.386486454052857     
   58.662897879387536     
   58.194847203059808     
   54.724677608802850     
   53.281761420702423     
   51.345065567405683     
   49.321084481989573     
   46.663916789120250     
   43.447606362337893     
   998.46392920432675     
   973.63930746641040     
   946.81846800213407     
   922.00578661950931     
   890.12683786738239     
   862.67258070916887     
   835.38533534051976     
   808.46138016199336     
   781.36564338297160     
   755.95244415371076     
   731.38405728698842     
   710.54067805057866     
   687.77181484116954     
   663.79768169832948     
   646.30913398076689     
   625.99156071836444     
   605.76275921153785     
   588.43049274170403     
   572.95872091613319     
   555.70589799535514     
   540.64183190407471     
   524.63110068226308     
   509.38104041002060     
   494.47009356059749     
   480.93105908797253     
   467.80297202559791     
   455.79993137226086     
   443.04691767804729     
   430.24865339282792     
   418.89330646374151     
   407.31898758364468     
   397.36875492056726     
   387.27555834230691     
   378.25962875917941     
   368.82256405295578     
   360.70355392315412     
   352.66453472404680     
   344.46232037705278     
   336.24084752392787     
   327.76932518264039     
   319.37066470003481     
   313.44552680008121     
   305.91820041832892     
   298.16895587461693     
   291.56013590675292     
   286.42285082515468     
   279.32389774517162     
   275.35994751786518     
   271.52922721646166     
   265.55325784546164     
   260.96375055262445     
   256.16175209181438     
   252.30778117528979     
   248.75538866256039     
   245.19379775471128     
   241.66637997033700     
   239.23278296281927     
   236.35853011629962     
   234.12016579065335     
   231.88710247035641     
   230.18135833682604     
   229.35717674719425     
   228.59814134574691     
   229.18868759107150     
   230.54936058167840     
   233.91316998885310     
   243.05343278819009     
   221.39239686463088     
   201.24136847458178     
   181.76990467990856     
   164.61023450924776     
   151.57595347490064     
   140.73624388827594     
   130.32051514928489     
   121.79514910784103     
   113.11142294269202     
   107.48568238053440     
   101.97952196087148     
   95.938443336769069     
   91.551812218161075     
   86.867912031551285     
   83.677678893863146     
   78.955200370230358     
   77.045694639266230     
   75.881278853606915     
   72.522191852456601     
   71.473387630908960     
   68.685187701996355     
   65.874533307593111     
   63.809725197618377     
   61.985467634284618     
   59.707053589170584     
   57.843036340872487     
   56.449519331671141     
   54.463407581994602     
   53.054125656005574     
   50.707441667876481     
   47.982575302706152     
   45.413653427603236     
   43.304445661975890     
   1000.7814077140559     
   977.84802525388318     
   951.15360634962781     
   918.67539494479888     
   887.47423450161625     
   856.85044050208148     
   825.52659583475793     
   799.94184562057126     
   773.63169837682210     
   747.97831807803868     
   721.20871668084612     
   695.79468388568830     
   673.42119433019548     
   653.34586510934150     
   634.58809456622203     
   614.21321169971270     
   595.59296977857730     
   579.57356897862951     
   561.35083199596761     
   542.92930725103804     
   527.68878394938565     
   512.47241581583069     
   498.10525293800526     
   485.24594988406915     
   475.22944106416924     
   459.56960297713169     
   446.31307273163776     
   431.80396456265612     
   420.88211012243517     
   408.65152067515345     
   397.78110869795108     
   389.53329054598692     
   379.60916195547293     
   369.51456720564261     
   360.05203906010377     
   351.28734844647886     
   344.65790789476864     
   336.66880918386119     
   328.12792233882965     
   321.40133246538375     
   314.94306461442363     
   309.39358260454202     
   302.84992214191004     
   297.24347631026370     
   291.12227603922673     
   283.96320856895039     
   277.73819706886604     
   273.56848204509026     
   268.01543988886539     
   263.12669953947761     
   257.91405893366448     
   253.77654643150555     
   249.42638008896284     
   245.58131499518737     
   242.94675057399905     
   239.53668798042276     
   237.16347772476524     
   233.51083499297027     
   231.13776092251109     
   229.63910232592485     
   228.64616238944819     
   228.26212338238642     
   227.90961890354566     
   228.12136679488563     
   230.14251531144885     
   232.77330097263021     
   241.09315179789309     
   220.68538231396022     
   201.18972273268318     
   183.44723483429362     
   166.05570897307720     
   152.80632752707581     
   141.20393596821793     
   130.74874138182901     
   123.23365473532708     
   114.71730236719432     
   107.54447856843896     
   101.59738980873995     
   97.005969499931297     
   91.264079201492393     
   87.365568353916444     
   83.159197310120049     
   78.312622637522367     
   76.701720028016396     
   74.534346488558000     
   73.282740960914850     
   70.425521524918409     
   68.572718320346269     
   65.687115608374455     
   62.426162500485688     
   61.294915039939568     
   59.364311682747783     
   56.815829789536046     
   54.739455700518263     
   53.706341486751512     
   51.866365481171997     
   49.939874627800236     
   48.019744303578491     
   45.100604020167125     
   42.033072358910175     
   1007.1704042752959     
   980.78201751487802     
   950.76492051677667     
   915.50594000890351     
   880.37174915977835     
   847.65008996662618     
   817.39428586287124     
   790.81314152743357     
   762.06939889351565     
   734.75705271160029     
   708.42399551148401     
   684.58743692712471     
   663.01920882720447     
   642.68086745145399     
   622.62276292885747     
   602.21434855050427     
   582.49850370462332     
   565.84338867088627     
   548.18096294697318     
   532.20155849023445     
   518.42691834340201     
   503.20568726117165     
   488.62119600429287     
   475.50808650085571     
   461.85591096170549     
   447.98145989597197     
   436.71836255540347     
   424.76134356766590     
   413.40228016259346     
   402.88169788480661     
   394.27541822790806     
   383.02553025055323     
   372.16424455693260     
   363.23604866512068     
   354.34975270354727     
   345.46427082864557     
   337.46026019498788     
   330.47330134824972     
   321.43676251678806     
   313.39391572977149     
   306.38549280279034     
   299.17470091927356     
   292.99896646952709     
   285.79634216527660     
   279.12008899115608     
   274.71626634373558     
   269.75621161866690     
   264.93070003698847     
   259.92397310018748     
   255.88325267654810     
   251.80133738459753     
   248.07750929158425     
   244.19311386744684     
   241.32535193553613     
   238.42470256061537     
   235.66465490369191     
   233.08020775872740     
   230.29695793698852     
   228.26351421739241     
   226.85886026572246     
   226.78854062947988     
   225.47012015816972     
   225.23910889076001     
   226.09339868426645     
   228.73732059839244     
   230.56189491903777     
   238.22746565476149     
   220.52272888950401     
   200.88034486083626     
   184.83274471767157     
   166.29139774991989     
   154.39113318663487     
   140.83410763608285     
   131.77808311436587     
   123.46968404755499     
   114.47302526509955     
   107.49320108140017     
   101.08416093919617     
   95.367101633636636     
   90.016071200468076     
   87.122280293056832     
   83.612083806092130     
   79.412620715805076     
   75.955273563349948     
   73.523307469515416     
   72.511599600773550     
   70.845440381775262     
   67.271887754901186     
   65.377082093951358     
   62.974282993816558     
   61.518621155705304     
   58.394223117104993     
   56.988893156263593     
   54.697889698396502     
   52.634440418660738     
   50.757714609367113     
   49.450014779511541     
   47.834955102877281     
   45.222796535710501     
   42.001559000177799     
   1010.4741173788032     
   981.28491877071428     
   947.13517487319382     
   910.58434674029979     
   877.31822881983260     
   840.20516226301663     
   808.11967953451381     
   778.36691350630235     
   753.23551854403900     
   724.48027887453611     
   699.44480204711851     
   675.85967006188343     
   652.12007950004033     
   628.51608621343962     
   610.18778801192514     
   590.28067238763890     
   573.40073484775473     
   556.61029479362310     
   539.36499408994086     
   521.85960552185804     
   508.17241030129179     
   493.79596155371974     
   479.36459830221946     
   467.18525868422216     
   453.00326790229030     
   440.88644385243327     
   428.32411641859449     
   415.52346314220432     
   406.74473811490202     
   396.69734577999657     
   386.44226279344565     
   377.17048698980057     
   366.97798010346173     
   356.34181621841049     
   348.09782794760042     
   339.34608467392439     
   330.41651397190338     
   323.71946763264827     
   314.78200259761809     
   307.92369543665723     
   301.90775751274759     
   295.73573726080076     
   288.46690024772909     
   282.30191132375535     
   278.45759685281359     
   272.23889141857927     
   266.68328577968811     
   261.65676967280234     
   257.20911075511140     
   253.60611486898910     
   248.81170447079299     
   245.36177012448422     
   241.27119495260342     
   237.59642711130624     
   234.77558972958610     
   233.09638785587163     
   231.63638121267073     
   228.63150037171638     
   226.39354503827684     
   225.09077620882036     
   223.93562129629225     
   223.63806964034870     
   224.15480797917760     
   225.06643616410872     
   226.43890548775568     
   228.37791121526507     
   235.82853474208690     
   219.37354722089418     
   200.89990061494382     
   185.52200243577133     
   168.78640030378136     
   155.12341505947620     
   143.13639350555704     
   132.76591598888314     
   123.54513219926312     
   114.50031821111082     
   106.53080191009738     
   100.43672051013966     
   96.209529527446463     
   89.510632934277481     
   86.276658270744164     
   82.532363720699905     
   78.654337917773674     
   75.689588059387575     
   73.001172826305520     
   72.082140513572440     
   69.906329643603527     
   67.013816641173037     
   64.526144846725572     
   62.162791159147105     
   60.979108452511937     
   58.962934104237206     
   57.052854244672183     
   54.432015954914071     
   53.099644110128921     
   50.520007271628430     
   48.509281167035020     
   47.846672608093940     
   45.540909412090912     
   41.765841397505305     
   1014.3041991636545     
   981.48279323128725     
   945.73980624836872     
   904.88862868591605     
   869.79581957049095     
   831.74222082222207     
   798.91998959421448     
   769.39213717971825     
   741.39654758467589     
   714.74165674770347     
   683.77419172637883     
   662.06148688056999     
   640.87436868685768     
   619.89177311769026     
   602.55433456680169     
   582.40200944322157     
   566.07099929075116     
   547.91903224054465     
   530.94169077339347     
   512.99463142777404     
   499.77723791964434     
   485.67065614431715     
   470.20484963619799     
   457.90831473454745     
   445.73058202053267     
   432.99640029872711     
   420.06248699217446     
   408.78170404096625     
   397.74553354744393     
   385.98221844774423     
   375.15536096824428     
   366.39032505575477     
   358.23574748873784     
   349.64781317827305     
   340.92253693793526     
   332.10559950823637     
   325.40324059077182     
   316.71730216026555     
   308.60840200060130     
   301.87580791306442     
   297.15495844605130     
   290.92717180631053     
   283.95379449089432     
   278.30175254809325     
   273.43470859546522     
   268.14613318248820     
   262.56927027108566     
   257.35499418729216     
   253.90542828036297     
   248.77270010057293     
   244.86150447676550     
   241.25919541606231     
   237.48901516997165     
   235.57168252984329     
   232.85469865363416     
   231.36839684270544     
   228.58961995399557     
   227.07260579020277     
   224.62152301549747     
   222.94840381494029     
   222.93534822027812     
   221.84200873204298     
   223.13383675082824     
   223.55436727375604     
   225.26622784872430     
   225.78149942799570     
   234.14060228023317     
   219.35040770530480     
   201.30235585638016     
   184.76842347318001     
   169.61045358539911     
   155.59733189202396     
   143.62439258424357     
   133.84803496027135     
   123.35423698003224     
   114.34952581592414     
   107.34669522709279     
   100.04569820566346     
   95.064496871558362     
   90.095144026317470     
   86.151434534401261     
   83.048001149572258     
   79.668984100607418     
   75.852480035645897     
   73.612523835045295     
   72.570072731105796     
   68.673326672805217     
   65.589289238110098     
   63.072318508279828     
   61.258375076476227     
   60.337915733331492     
   59.023849375343801     
   56.984035859172842     
   54.199572823691298     
   52.576500145583893     
   50.605411567989172     
   48.112163595128450     
   46.845372419211301     
   44.701348772853642     
   41.863470615929877     
   1020.6676742623827     
   982.08393956795010     
   945.18276093189741     
   901.41049849404794     
   865.61936517750610     
   831.41100057429367     
   797.42431300417752     
   763.31750091991341     
   733.36248574464082     
   700.93907869729787     
   677.05927421384467     
   652.15879093207036     
   633.87769144804929     
   612.74839400681867     
   594.18258207469125     
   574.28056641607725     
   554.33962525982986     
   536.67898716466698     
   519.37619325102207     
   506.69756185715732     
   491.66414770898518     
   478.07777814922525     
   466.17954244965250     
   452.45510813985453     
   438.05805956538620     
   425.89392861805527     
   415.96134738966867     
   405.56010050902734     
   391.61346885348030     
   381.75317126098571     
   369.66714144129077     
   361.16565212553792     
   351.46627691133324     
   342.73375100301018     
   333.11385522513825     
   324.92684348447460     
   316.96005977316236     
   312.21430680607421     
   305.65556199697090     
   298.71260880845193     
   292.44917290369449     
   287.16887784005519     
   281.37087458971575     
   275.98846087554085     
   268.81086065198167     
   264.78253887477530     
   260.78303567020362     
   255.08028785266924     
   251.22296072823647     
   246.13265813290977     
   243.24304017484505     
   237.68396124900352     
   234.16722103091905     
   231.52646760853534     
   230.15147348994782     
   226.93072284311700     
   225.25155941789021     
   223.48873850816449     
   222.46616473838242     
   221.45225963350256     
   220.62126398091806     
   220.67169721156301     
   222.10004954373852     
   222.68870717285301     
   223.07142080354504     
   223.77732138930480     
   232.45651989124258     
   218.19719578072596     
   202.34644967126650     
   185.52462799619815     
   170.21011281935583     
   155.75997376805191     
   143.46331530382344     
   133.39838462934836     
   122.04320943657723     
   114.18276498867417     
   107.15884265216235     
   100.63919154617379     
   95.178451204559167     
   90.528352884735611     
   86.954357441464680     
   82.796802797799131     
   79.816898823454778     
   76.787406062638667     
   73.520708959211149     
   71.656775994029061     
   68.632395521895404     
   65.291653585395949     
   62.884045087255451     
   60.239854571240912     
   60.244101658865105     
   58.046798922479766     
   56.783375009143171     
   54.294483676064971     
   52.444835362877861     
   50.635009890435377     
   48.836949874397710     
   46.160188971222375     
   44.689186726603722     
   41.963242180527658     
   1022.7690955056435     
   985.22656471647974     
   937.80513240840696     
   896.71601961615238     
   860.04616576779244     
   822.57587624236908     
   789.58618845523597     
   756.51335690011979     
   722.92652724418917     
   697.38259374321160     
   669.93487589796450     
   646.66142190776554     
   625.77146360085362     
   605.65689612613471     
   585.76520474217091     
   566.08843525115321     
   547.16672571527658     
   528.63498234690019     
   510.93903358154932     
   495.70278586491821     
   482.60910521635731     
   470.64365620317000     
   455.32162506922077     
   443.00634866565616     
   431.04958709409789     
   417.57127856344079     
   406.83460522070800     
   394.32940601837765     
   384.65840077821827     
   375.46382347778496     
   364.87334510991167     
   358.36846471471603     
   347.01868735469645     
   336.51975535063326     
   328.85423395803838     
   321.53646357496257     
   314.49635207369448     
   308.11511396686933     
   301.59433463096070     
   294.93986473295899     
   287.05858985829985     
   279.71642604520918     
   274.64072648415538     
   269.32698003117991     
   264.47650162110585     
   259.71753267693941     
   254.32254527916433     
   250.14641489208748     
   246.83917257622784     
   243.06701122928945     
   240.19751356208482     
   236.86293892089253     
   233.79203120991207     
   230.76572088432476     
   229.94078921961921     
   226.34213519528100     
   223.96748738346611     
   223.05485593647086     
   221.40441072980428     
   221.32992960260927     
   219.99428193575795     
   220.23869780189619     
   221.48753118588272     
   221.60280179028274     
   222.87860635089464     
   223.18443719934692     
   231.10911965619903     
   217.43652352027487     
   202.06664972608070     
   185.58329517729314     
   170.56341416584729     
   155.89674778763171     
   143.65129370898097     
   133.45491659233687     
   123.19172916937575     
   114.60432484348914     
   106.67824340337863     
   100.87079430456208     
   96.036899715917741     
   90.011113209241458     
   87.396325400308456     
   82.694655466119968     
   79.504103490852088     
   75.649389326574521     
   74.841123953711985     
   71.563937693641577     
   68.207777256778385     
   65.539275577821783     
   62.409433994656652     
   60.795882988321303     
   60.034729472065429     
   58.218788136521965     
   57.138987057363607     
   54.932964955420609     
   52.337798662168623     
   49.887831713834188     
   47.812321353795269     
   45.816387863587494     
   44.695017557507775     
   41.556825890190822     
   1025.2205622201734     
   984.70297423149077     
   941.19257614573792     
   896.37257768169354     
   859.02761497009101     
   822.95106696287462     
   785.68308212792306     
   752.98706793225074     
   719.37872969600903     
   693.36371048760054     
   662.44932970155935     
   643.27404435979690     
   620.23747010478940     
   601.49600389143109     
   582.14939909349869     
   559.95088261114324     
   545.08650458050784     
   526.42355319343051     
   508.30954834574970     
   492.72421390747991     
   477.50426204674307     
   467.84721474612229     
   453.31145737924021     
   435.04737625662341     
   421.66437115525633     
   409.00060663739623     
   398.30745439061718     
   386.49348818744829     
   376.44689556785568     
   370.60178657626420     
   361.66553954371409     
   352.95426252008485     
   343.53036222597018     
   337.20395863205772     
   327.85596003605178     
   319.04565949658036     
   311.40418872342229     
   303.52829038239463     
   297.58283256547190     
   290.32708252326682     
   285.86045916109362     
   278.74619904363016     
   273.83018349354666     
   267.86782678011332     
   262.21321485727162     
   257.87574931464565     
   253.86469145141172     
   249.00655291707602     
   245.48118020776138     
   241.30833724888959     
   238.65277035469799     
   234.66905207140201     
   231.42199142640109     
   228.03470779188635     
   226.25342582674381     
   224.47771251451283     
   222.92499330048324     
   220.07493391986634     
   220.10584555498946     
   220.19512986252118     
   218.74817915734508     
   219.31385631895046     
   220.06520772017171     
   221.38892685304762     
   221.70712037534827     
   222.02265328164384     
   228.99459895982079     
   218.69830033902801     
   201.66583212047686     
   185.78725408362871     
   169.73731485335321     
   155.95747074739586     
   143.21302193347455     
   133.53663401099143     
   123.76056170635931     
   115.26255536256062     
   108.23119092387577     
   99.894249529503043     
   95.884884059279926     
   88.655043568333809     
   87.314132575381038     
   82.564160332305264     
   79.718330200232487     
   76.952582563305938     
   72.938886403296763     
   71.247924385439759     
   67.796517293155375     
   65.421053221573629     
   62.860459429192495     
   60.672172053379370     
   59.628483071311351     
   57.585958820560833     
   56.679392776778613     
   54.396836765876479     
   52.595846454640586     
   49.919159414829807     
   47.623048371621579     
   46.381303540122914     
   44.886345896924020     
   41.437183062245452     
   1027.0116664784127     
   985.85767319597221     
   941.01946004612171     
   897.07827553314200     
   855.27479626696743     
   817.34907861628153     
   779.02820611934726     
   747.40684031129649     
   717.19388152197166     
   690.99974526631979     
   662.67270016262967     
   641.26919700507631     
   618.52303492561418     
   600.33680167295506     
   580.27434616163259     
   558.80995995309218     
   542.74291808666885     
   526.89335493674014     
   506.18828640712940     
   490.10639783495253     
   474.53185856305515     
   458.68924954257074     
   447.15695118394876     
   433.70439207711206     
   422.52550591620815     
   412.33183975625639     
   399.84911285212507     
   388.28198853715969     
   378.48691476511613     
   367.97012397280662     
   356.88363966619210     
   345.95328679386142     
   337.71437443516226     
   331.40582809672708     
   322.55996570768798     
   315.88152207815619     
   308.97283108395777     
   301.79842436838476     
   295.12067736859308     
   288.74893528666951     
   282.75172046755534     
   279.02176407144634     
   273.04180230493478     
   268.74467581262280     
   263.32306850283726     
   258.19771122404961     
   252.57625302335450     
   248.11111975311917     
   245.36378343021110     
   242.84136885981749     
   239.14818698275366     
   234.48173287785576     
   232.14458852854588     
   229.06965116056492     
   226.85887075871281     
   224.52882198598425     
   223.01263954122373     
   221.64499695422882     
   220.50441225960699     
   220.69720907923784     
   219.77012830574523     
   219.54006833924097     
   219.37200064377959     
   221.27071717435075     
   222.03852372871211     
   222.93524834737622     
   228.95514339921553     
   219.72131155395581     
   202.56573457788505     
   186.65329907583754     
   169.84720243332765     
   155.58040390095982     
   143.95441868967728     
   134.22790214689806     
   124.35498335100075     
   115.13460903155796     
   109.12276427084022     
   100.51102895940394     
   95.047345576590743     
   89.952180670788067     
   86.510918468040671     
   83.127609356209817     
   80.360784346452959     
   76.473979547077377     
   72.725504225252493     
   71.206301325945802     
   67.895253967148378     
   65.640088251997355     
   62.693061564100169     
   60.700419730432841     
   59.246122742734805     
   57.741067267637511     
   56.885368353696087     
   54.425310957736812     
   53.477763381633245     
   50.225959520184730     
   47.764129056199600     
   47.015549764870208     
   44.757419062869594     
   41.508678998872242     
