           1
        3200
           1
   873.41687198035038     
   828.37124314780590     
   799.10257307341249     
   777.81253694701707     
   756.95844885435054     
   736.19399405117247     
   719.51705006459679     
   704.43317915184070     
   687.41659537255555     
   671.02637222905105     
   656.67488841690522     
   643.18177780410542     
   629.20582629523255     
   613.60153272387845     
   600.18954155935035     
   586.24560612353719     
   573.38031268777979     
   562.77612414233693     
   552.10367885042479     
   540.33467485843073     
   528.41939904916660     
   515.97217136523000     
   504.59171348375008     
   493.45331262934889     
   482.09212393692519     
   471.25246762266795     
   462.48758083529850     
   450.45398619428977     
   442.07962414592657     
   435.24500914951722     
   427.32332976945202     
   418.42116063371407     
   411.36868816981899     
   403.26740010749825     
   395.33926770683564     
   389.34645851122610     
   384.14001747027521     
   376.83678895879001     
   369.20859409095090     
   362.80680934057636     
   357.92316257031399     
   352.17899157273047     
   346.82347180140061     
   342.45504427260488     
   336.55470261161582     
   332.01531287742949     
   326.42909893855858     
   320.88377240531707     
   313.97269067162097     
   307.07061622378973     
   301.08876543914926     
   293.51787995160362     
   284.17332899556567     
   275.89827183414224     
   268.83120184007436     
   261.49010458283328     
   254.79070922800187     
   248.86133759334933     
   242.68766265529464     
   236.28463719377274     
   230.61597357425751     
   224.70279320298587     
   218.80724286059706     
   213.57277897251655     
   208.81279593711372     
   204.34644782824074     
   199.71199436390100     
   195.48314722363864     
   190.94903644182750     
   186.44032592098378     
   182.63139158607811     
   178.86864920162284     
   175.17709929359575     
   171.17755935154162     
   167.70013043949538     
   164.24813449885602     
   160.89047015120269     
   157.49717169512894     
   154.41101125471170     
   151.23984681730980     
   148.53923487680822     
   145.48853463750697     
   142.68227025377675     
   139.72907609338324     
   137.03026737868464     
   134.33200098295595     
   131.84329034221773     
   129.26042916785568     
   126.64561372449015     
   124.18382266414258     
   121.82793149707570     
   119.41732696215237     
   117.12301858353115     
   114.86885864799547     
   112.66883040733074     
   110.44398885967928     
   108.32833787899126     
   106.33126236201974     
   104.27276295270278     
   102.23798406656049     
   899.47020925552567     
   876.41800502016895     
   840.80509459478458     
   808.37157620583662     
   780.00261421459447     
   760.81719370714757     
   739.96671696831766     
   718.18233662427178     
   701.42504180212495     
   686.40707315640554     
   668.05414728921392     
   651.91657315040857     
   638.39928016462864     
   623.21132865665732     
   610.42394010693465     
   596.85438398043880     
   583.78717501016945     
   571.49355678565894     
   556.68766621350153     
   542.97324709660745     
   530.21947259043259     
   517.20496669194756     
   507.02252482875997     
   497.97493213435445     
   488.95752834388094     
   478.70196869856909     
   468.42897012327842     
   459.62333215534403     
   448.94140904867010     
   440.58063798430447     
   432.12730218082919     
   422.79874578484549     
   415.30184928482026     
   408.84418748453635     
   401.63049988644241     
   394.15257639097041     
   389.09503778292844     
   382.76135084266554     
   376.19207264782472     
   367.86430511267270     
   363.18983346053682     
   357.35461288422698     
   352.10822511390489     
   347.17896310904564     
   341.72602557328094     
   335.92201109094879     
   330.68377624653260     
   324.61838267570693     
   318.18555414384440     
   311.70197114533869     
   305.56207839499370     
   296.75960241390896     
   287.99826399387678     
   280.38976448729937     
   272.50430651867561     
   265.64809316705089     
   259.14882489183657     
   252.63969049889249     
   245.77830602392351     
   239.64928110397122     
   234.20766280636298     
   228.21401114325380     
   222.59835332648385     
   217.56244387338421     
   212.46943553382030     
   207.59547822654284     
   202.71907615927876     
   198.12059559745569     
   193.41676304541750     
   189.42480269568239     
   185.34304889679299     
   180.93352523594467     
   177.08543627370801     
   173.27685554782403     
   169.72098132715578     
   166.22709574013737     
   162.71514214859656     
   159.57611632729501     
   156.18636301502519     
   153.10044105182553     
   149.96834384146524     
   146.85126651801789     
   144.04732989272588     
   141.07119394061365     
   138.43314175414864     
   135.86826559657018     
   133.17409319094628     
   130.51554110729896     
   128.05630832071134     
   125.60124629337646     
   123.19147181856951     
   120.66163898182451     
   118.31959988278206     
   116.04479994072638     
   113.69418398616966     
   111.50783147760906     
   109.31388947655857     
   107.23274925308593     
   105.06962660835120     
   103.05476125051891     
   902.73151678792374     
   881.39561307583017     
   859.89547841207934     
   831.79716987018617     
   804.83330098986653     
   779.48877175820496     
   757.62467058556103     
   738.50069495744378     
   716.25910429928717     
   696.35059477320806     
   678.71317990319346     
   664.10690228640567     
   649.59622438454483     
   636.36931154440686     
   620.26580544646788     
   602.54598551178060     
   588.20920625115855     
   576.46581718883056     
   563.69684272892812     
   553.30049139509174     
   540.96499653786304     
   530.28434872495268     
   518.48267242005795     
   507.07102624278218     
   495.37677804563384     
   484.69597134567800     
   473.55407342096794     
   464.29442273054241     
   454.92869998688570     
   444.18817917779131     
   436.58393412228600     
   427.83154856732409     
   418.72580464970565     
   411.46319705046693     
   404.05819835816135     
   397.16718240525938     
   390.51309092353591     
   383.60738763376611     
   376.85562797770837     
   369.96094560977559     
   364.20819418380484     
   358.87699612248849     
   353.66077744965258     
   348.91373373170336     
   344.47314604522239     
   337.80707658478104     
   331.95535516453765     
   327.92017115102880     
   321.47538011153131     
   314.85448570995931     
   307.45143560072870     
   298.89053610884116     
   289.86124008391283     
   281.42758947023890     
   274.38090345302862     
   267.02856653405365     
   260.95297205200791     
   255.07536974793709     
   247.87395086345680     
   241.88364251674386     
   235.89991472965792     
   229.49850207637326     
   223.90007742449438     
   218.82640970153130     
   213.79880747024731     
   208.73099200108598     
   204.13065473852018     
   199.45956487163818     
   194.81193215345229     
   190.47874477005305     
   186.25326905470075     
   182.14754518567753     
   178.17097111464165     
   174.94429109030528     
   171.19680908635746     
   167.72601554372801     
   164.14585466892660     
   160.91427676914316     
   157.76636042849535     
   154.51108550220147     
   151.39591884836406     
   148.22240673328207     
   145.36437565785724     
   142.32934417500616     
   139.40542920171498     
   136.60258276365457     
   133.77376854774460     
   131.08937978140392     
   128.44892171242014     
   125.97674219554840     
   123.47753037505267     
   120.97632432574633     
   118.61884280246682     
   116.26497490871381     
   113.97097189304790     
   111.68583644681709     
   109.45744136623861     
   107.31008207372628     
   105.23571889278742     
   103.12911762078458     
   903.06352734283598     
   880.36269263354222     
   860.48783529320178     
   844.27893320798148     
   821.57198256460424     
   797.29593527899226     
   771.18524062413883     
   747.03947665373198     
   726.89590350756794     
   710.00167068537542     
   693.64038116610106     
   675.88742409735369     
   658.30641905942616     
   642.20164237794199     
   626.25832467237979     
   613.13221619477360     
   599.70987846118510     
   587.74892283706947     
   574.93642141669727     
   561.29045829550989     
   548.62362665993805     
   535.79039049547089     
   522.99434314351458     
   509.40157268766603     
   498.39673362082567     
   489.99215646412017     
   480.82253553169812     
   470.31941554323311     
   461.30822910383677     
   451.52266076668485     
   442.29628184749129     
   433.79998850843958     
   425.36313015545801     
   416.48897216546089     
   408.81514126413151     
   401.54248340873710     
   395.26008932944364     
   388.95743004767996     
   382.73326466339904     
   376.14884013677818     
   369.05821884997545     
   364.16710435579114     
   358.45441106644358     
   352.58684542993382     
   347.02573416033499     
   342.01258827840212     
   337.10877431701323     
   331.57659827455086     
   325.35924627600315     
   319.05186873515186     
   311.29033809800353     
   302.18920869140101     
   293.35193021606483     
   285.21580562834697     
   277.95289285802721     
   270.64104679670663     
   264.34797751360429     
   257.51226804737985     
   250.37539715321637     
   243.70004944459399     
   237.19161852475722     
   230.94527294237770     
   225.35404242746961     
   220.27856965815661     
   214.96330047141481     
   210.16225243782858     
   205.73702680105347     
   200.92211382717375     
   196.62488718506069     
   192.49929123852166     
   188.34232408602321     
   184.03231183975515     
   180.20428889456713     
   176.49909305938399     
   172.63573768632324     
   169.04919790844605     
   165.48028065429176     
   161.88951962746967     
   158.53943843929864     
   155.33127577383806     
   152.13258117010437     
   148.96517232707146     
   146.02607421511001     
   142.98136094391359     
   140.07806061317976     
   137.06910141449805     
   134.23435271344385     
   131.72508820070624     
   128.81071870039543     
   126.19102422454264     
   123.72512526262007     
   121.11065341807975     
   118.72004847257237     
   116.25572376595410     
   113.92709617476154     
   111.54880950522171     
   109.28563293578830     
   106.99372459885868     
   104.79520598686020     
   102.49555391423695     
   909.80631248799841     
   889.50563594795949     
   868.43692877011858     
   847.76104540712549     
   826.16177603366941     
   802.94728231481758     
   780.57279334108875     
   761.01926578611051     
   743.14514196579398     
   723.96741317861984     
   704.15302913349990     
   685.83169762265788     
   669.64721460553812     
   653.46842453557610     
   639.08650453687164     
   624.27047315351319     
   607.84840035626644     
   594.13268894035434     
   579.64415673821054     
   564.46244186507977     
   549.44363141827830     
   538.01177078510409     
   528.41178403233823     
   517.72523627257772     
   507.42151347267395     
   495.32589478286042     
   484.05575380281567     
   474.50120841123584     
   465.09166393303423     
   454.11167874419539     
   445.68838502914281     
   436.74157523500668     
   428.98283853670040     
   419.74375493488532     
   412.32647368860574     
   405.00302034640868     
   397.11118656668305     
   391.57597578745009     
   384.66041895849003     
   377.98707244588280     
   371.88652146084564     
   366.63814674775904     
   361.63116817496132     
   356.63847800904790     
   352.23135672519606     
   346.28551028280026     
   340.84041682041357     
   335.60914451398401     
   329.90293286372344     
   322.96064719901813     
   314.63058898742531     
   306.02251657360250     
   296.90692130347605     
   288.71832398941035     
   280.99118780504847     
   273.36692412128036     
   266.11466508818040     
   258.75677524213324     
   252.25688864028069     
   245.35063761322471     
   238.47766816957630     
   232.28625917974466     
   226.69544935561288     
   221.75637281711721     
   216.44273317524809     
   210.85966024174672     
   206.05728903031167     
   201.69111387229975     
   197.01642478540694     
   192.51441369353807     
   188.17807839612539     
   184.19482491944899     
   180.08189741852158     
   176.01684627822218     
   172.41188941900398     
   168.99984377322806     
   165.49206431094453     
   161.98120357781301     
   158.59100661654006     
   155.49963216268850     
   152.17768830724566     
   148.83328896566042     
   145.87149481668112     
   142.97645040531307     
   140.00435614868252     
   137.14375168089214     
   134.37184928355279     
   131.45775389854668     
   128.76616856973885     
   126.14912178685302     
   123.50728616167900     
   120.88110340070190     
   118.44511634119057     
   115.98915544454911     
   113.50098742243182     
   111.14774383405998     
   108.82551419612739     
   106.53316610942107     
   104.21826621044355     
   101.93525253853790     
   913.46155440239500     
   891.17705026182398     
   867.98529663102624     
   844.94267046937000     
   824.85873429965022     
   809.97223760368308     
   794.55507070501187     
   774.36066988504581     
   752.54965308431520     
   731.60794161359240     
   713.29778334342222     
   696.57918419959867     
   678.54988223318651     
   660.94125215429870     
   643.81697419204511     
   628.60610865630986     
   612.11373415531909     
   596.50476021606551     
   583.84423006406928     
   571.91668180476097     
   557.93379224099863     
   544.93726634617951     
   532.39538616105824     
   519.50916981897001     
   507.89861910615173     
   496.89368951354146     
   485.42415745062652     
   475.98115450997932     
   466.60297764459119     
   456.70261981195108     
   446.73764826256672     
   438.15146702656284     
   430.58308509662561     
   422.54427264078538     
   415.45107974105139     
   407.68843973692668     
   399.78556859195339     
   393.79945911252321     
   387.93718886772433     
   380.89081998441878     
   374.76438581722192     
   369.30943366383781     
   363.71524195323474     
   358.26791838241826     
   352.90882320283413     
   348.15331202117926     
   342.95432231409723     
   337.02423037470555     
   331.03676611655590     
   324.83324726424064     
   316.85831113839083     
   306.97427646263264     
   297.90753579557236     
   290.69884150738193     
   282.58815892155150     
   275.10803272741202     
   267.75304995671286     
   260.32822830274984     
   253.40158497315224     
   246.00821536491981     
   239.32090400986954     
   232.94199852505105     
   227.34445053196470     
   222.11838559079138     
   216.10407368824133     
   211.30113534287386     
   206.14800987546391     
   201.35974133297037     
   196.51817772483571     
   192.21238795551864     
   188.15412215842005     
   184.21049200312777     
   180.36621785419794     
   176.40250191875478     
   172.77963114669947     
   169.02761265641897     
   165.32930637599463     
   161.77727225507394     
   158.41379860627606     
   154.94304893810195     
   151.69607289149849     
   148.50321815353118     
   145.14197518094261     
   141.90798557116017     
   138.69886818608231     
   135.51522074613564     
   132.79852476552918     
   129.77571094453489     
   126.90784120620619     
   124.12952382931417     
   121.46538936061621     
   118.65121138780201     
   116.00379029276849     
   113.58097478901817     
   111.15593436826890     
   108.50508597504511     
   106.08393770353842     
   103.72556508510687     
   101.39425200087206     
   99.097833707970693     
   917.73100661410103     
   895.10902386440466     
   874.29625321228571     
   854.09297998854083     
   836.33728036323009     
   817.43991300922153     
   796.95494423489004     
   776.16423837526884     
   758.00374858624446     
   740.00017857637977     
   719.78056115566858     
   698.51354779298470     
   680.54291872478893     
   664.39537638992942     
   648.46381758248526     
   633.22485887415678     
   618.63902313809524     
   604.64454288179741     
   590.96643362335726     
   576.90693704910018     
   564.13303261604347     
   550.28204981889110     
   537.05920778539303     
   524.74191328730114     
   512.92189056928851     
   502.93482870812164     
   491.22136271362336     
   480.04377352766221     
   469.77951592812855     
   459.72828137965200     
   451.62176593323375     
   441.84315263391881     
   434.07778996244571     
   425.42160521704494     
   418.96186399688781     
   411.35425663227750     
   402.62078563637931     
   394.77804167414661     
   389.19453335327438     
   384.02790277379313     
   378.10864641291460     
   372.52647335804215     
   366.65637101298785     
   361.08391873711366     
   356.73799911342110     
   351.73026838433066     
   346.05184955934129     
   340.67515724060337     
   333.92944313958594     
   328.26960995698602     
   320.62082993531743     
   310.63564817170334     
   300.35939980818671     
   292.40709031969010     
   283.94618387766207     
   276.79836996763186     
   268.92425789218504     
   261.63560504178503     
   254.01093140726456     
   246.64347059681353     
   240.79596600056877     
   234.33904824498904     
   228.65631539921495     
   222.95538357214434     
   217.27201699726390     
   211.89432745839096     
   206.51418722914462     
   201.77675062019674     
   196.75398783339443     
   191.83750963268841     
   187.32283147702410     
   183.02828722519328     
   179.04902435880416     
   175.14883191146760     
   171.06447458394737     
   167.29835048805549     
   163.58127375557939     
   159.83846217742229     
   156.12257607291980     
   152.66169189280336     
   148.97096346875492     
   145.57838651244197     
   142.08296319463329     
   138.76867739218488     
   135.78320930753796     
   132.55629692450549     
   129.50639232578948     
   126.45704937717164     
   123.21755772732747     
   120.30236247549870     
   117.56527505113885     
   114.57485990653682     
   111.93756483172712     
   109.26575168030337     
   106.54239901915479     
   103.99603626539044     
   101.25432321738433     
   98.785212222772927     
   96.369497065985499     
   93.794541482673765     
   919.64892072484281     
   894.64704218383770     
   876.66533478874112     
   860.03124280302052     
   841.21790103753506     
   816.75701285714263     
   794.79546482443516     
   778.68126999181288     
   759.51042560234555     
   740.29992610040040     
   723.00617253665041     
   708.39874055998200     
   688.81302542670323     
   669.77326940716125     
   654.26725327411464     
   640.54037911414662     
   623.78329021799095     
   607.73359281229978     
   593.31131603435472     
   580.15159965841906     
   566.86680938446580     
   552.09530713629476     
   539.14782447195432     
   527.54179412204985     
   514.92627904074504     
   503.35684397142541     
   495.20647008611422     
   484.87304525014588     
   474.20766092093896     
   463.03678367530284     
   454.00697215203286     
   443.78614413863363     
   436.68560045586645     
   427.90575769324090     
   420.11623909380114     
   413.58428833332482     
   405.95025579425266     
   397.84658449888389     
   391.43539998015513     
   385.62613045629860     
   379.36356468103838     
   373.68470576781817     
   368.24666131930525     
   363.59325781978504     
   357.91025081425522     
   353.01547325103365     
   347.53058873735961     
   342.58619440460308     
   335.72516234123259     
   331.22486257616765     
   322.67952440760416     
   312.95632190505273     
   303.20525714342529     
   295.88468709526700     
   286.38656054492782     
   277.71250058854400     
   269.49733139190340     
   260.81532267642348     
   253.68007722521173     
   245.91283102388178     
   238.96818120015124     
   232.41144172496311     
   226.54448113405107     
   220.32706889745910     
   214.59824561204286     
   209.38349758504378     
   204.18930389127311     
   198.85728683507324     
   194.14484910563124     
   189.45475991901782     
   184.93358746188943     
   180.15251474981415     
   175.46326625764277     
   171.02827618367280     
   166.75035476718500     
   162.70921647305630     
   158.85296373987001     
   154.84765723099895     
   151.14269029975307     
   147.31101948744416     
   143.52374880781946     
   140.07538005605335     
   136.52969378881079     
   132.88571059789192     
   129.40553502385154     
   126.10304328377015     
   122.81567678661561     
   119.71575780763204     
   116.38884115329046     
   113.61279488591953     
   110.89790236663954     
   107.93966519888465     
   105.03682951877724     
   102.33560165529542     
   99.792058320826470     
   97.079582952417454     
   94.784873374727454     
   92.216029072793276     
   89.664516822728984     
   87.168420750421404     
   923.92397249346504     
   907.56527961409120     
   885.50614512128345     
   862.31334494582745     
   836.91714768369320     
   819.51310845818057     
   801.92502528395073     
   779.91481694152549     
   761.22246587091195     
   743.61985433296968     
   725.60963075036079     
   705.93928890807433     
   691.76734431466991     
   675.93121527844312     
   659.65028239376147     
   641.86693773322770     
   627.03933523974320     
   611.28929434395025     
   596.31272674670140     
   582.79971791344326     
   569.31419986286505     
   557.20042769651877     
   543.95933409397617     
   531.22305860886911     
   519.87079408470447     
   508.09801340644890     
   496.72008660990082     
   486.26891055926370     
   475.23689478742392     
   465.41326675694154     
   455.85210189797533     
   446.07419885251232     
   436.56358927929205     
   427.35516034107752     
   419.31870042446951     
   412.86371761696148     
   406.17156514393241     
   397.74330010104939     
   391.52048927039112     
   386.40526982456402     
   379.51930437347153     
   374.15674271690921     
   369.82521648664732     
   364.70908509342740     
   359.51146539138961     
   354.66432704482077     
   350.39001335009129     
   345.30706616874039     
   338.92363529226520     
   333.22941617892155     
   324.80636665670636     
   314.62068730003676     
   305.15013248328563     
   296.37509932390157     
   288.02035361051486     
   278.68316533626444     
   269.08165012075375     
   260.68496658253559     
   252.34142275043547     
   244.26663857570600     
   237.28486250160557     
   229.86154351935551     
   223.58805979869251     
   217.01358295402656     
   210.85470004907384     
   205.25567925422894     
   198.91633915159025     
   193.49222870737154     
   188.14071032069609     
   182.97237184892347     
   178.19912002823207     
   173.29566760182055     
   168.70928053414340     
   164.24868446336833     
   160.06918402085134     
   155.71995984314293     
   151.22420664396756     
   147.02588454594985     
   143.12412324425091     
   139.16202747926377     
   134.75365219237099     
   131.44528809103940     
   127.74708256732234     
   124.24868994725787     
   121.16673003476922     
   117.71404973404040     
   114.23397158748810     
   110.97171012322136     
   107.88142326885603     
   104.91288287080806     
   102.01197686043774     
   99.266060537725537     
   96.454630659650604     
   93.399879492429676     
   90.949125515603200     
   88.118412859000713     
   85.717499952217821     
   82.961473880835314     
   80.655626837755918     
   78.365924427615710     
   930.29443774236006     
   906.46582800896499     
   884.65890068642557     
   861.52909766087157     
   846.07498432446459     
   822.78737478792800     
   802.13512309840246     
   783.79423457085034     
   765.41418007266668     
   746.39717933622705     
   729.49761418920991     
   715.32260450152262     
   696.37220481457894     
   679.75480121203861     
   662.55265814650033     
   646.73498121690523     
   631.35601618262763     
   616.22717485520752     
   602.48521505596682     
   588.70794251988639     
   575.36179360317578     
   560.62049663664527     
   548.19304118221851     
   535.46957470785924     
   523.44959251707473     
   512.95168627826911     
   501.02824317584572     
   489.71616906250898     
   478.50239197022881     
   468.25428736499089     
   459.72191796007144     
   449.76071113702432     
   441.45860142532882     
   432.50555724758311     
   424.52923357985901     
   416.44626841823526     
   409.79783487601605     
   402.75860354255502     
   396.17212008817091     
   390.92846444648399     
   383.77106442395802     
   377.70075679751113     
   372.33577182672116     
   367.74982073791296     
   362.75558783555857     
   358.17781700950314     
   352.71336104754693     
   348.01561283776539     
   342.37748271203964     
   337.24845295219211     
   329.18824662329462     
   318.05842133001784     
   308.91693337177139     
   299.65390388286266     
   290.17300129210787     
   278.93575348228552     
   268.66258511940646     
   259.32329670226062     
   249.77710285490303     
   240.73535154218979     
   232.81382083471044     
   225.08589452764056     
   218.21263311546946     
   211.35763781856593     
   204.12851962175640     
   197.60587799353897     
   191.77168271796708     
   185.65941175248503     
   179.88972917474806     
   174.74315348669131     
   169.20453268163266     
   164.07015481363595     
   159.66495918251536     
   154.88895393570584     
   150.14171039570451     
   145.70321573554924     
   141.21143873026591     
   137.10009112616393     
   132.68893426335288     
   129.16384346784619     
   125.15531222630644     
   121.21288225956404     
   117.36129832927401     
   113.47581839904835     
   109.93962479183043     
   106.15800727322241     
   103.38338296851137     
   100.39040454032641     
   97.217695929055907     
   94.642489857420344     
   91.928077036184021     
   89.540842233241889     
   86.896239414614016     
   84.166126542396498     
   81.729221248052738     
   79.654218305760565     
   77.399263873692263     
   74.572094300960700     
   72.129891315388448     
   69.801147329931567     
   931.55417182100018     
   907.70501834021729     
   884.34875755028361     
   864.23904665454984     
   840.83293240839316     
   822.05311973486403     
   803.70638251709045     
   786.67606894732353     
   769.86897380053597     
   754.46490464381736     
   736.44811826355738     
   719.30498461367938     
   701.64453791055553     
   684.01643667142775     
   667.71911885039469     
   651.84522478737415     
   636.82589735211059     
   621.60769755350304     
   606.30306603724648     
   592.04028929004414     
   578.91472766807999     
   566.31809776047919     
   552.57725109644275     
   540.43899122260621     
   526.26726582004244     
   513.31308178037602     
   502.32000681530292     
   491.32049113037817     
   479.71831051418900     
   469.95212527166717     
   459.39503158820980     
   451.16311635215720     
   442.78928702730724     
   433.29148026036978     
   425.84344880575281     
   417.73183420473231     
   410.50095386375096     
   404.46874116370333     
   397.49373465417682     
   391.54739958999346     
   385.17368972282816     
   379.37200471229187     
   374.50317832417920     
   369.84226681470227     
   366.01388516081693     
   360.81784355089655     
   355.33468708529387     
   350.83712455178596     
   345.91445572492472     
   340.51497840375356     
   332.44911041045009     
   321.51009982014705     
   312.08454581432153     
   301.44753739217111     
   289.89835649622052     
   277.25710915383422     
   266.55476601024043     
   255.32809531714548     
   244.30748623383772     
   234.45740934812000     
   224.69297672854435     
   215.92205698766998     
   207.54917325863087     
   200.14002383974724     
   193.15709412854596     
   186.11912068034104     
   180.08927199827431     
   173.27635071579090     
   167.86025278425103     
   161.99386468972131     
   156.86010867316759     
   151.37485381737537     
   146.48564024929362     
   141.81571945985007     
   137.25547663620199     
   132.86356214263893     
   127.60497989361870     
   123.54720484830887     
   119.78974295749718     
   115.45922652705667     
   111.12482387049805     
   108.36639865505640     
   104.83555516790464     
   101.37306732403559     
   97.843140373930609     
   95.400772832718914     
   92.603718386805056     
   89.442756226785605     
   86.324637003169812     
   83.780002103275677     
   81.137792270422551     
   78.756760549484568     
   76.867210901921240     
   74.209125527800822     
   72.679268370041143     
   70.212635820947185     
   68.214501267988410     
   66.331847878322407     
   64.341493709141304     
   61.758184418724213     
   936.04752049050637     
   908.71541544878323     
   889.00355019131416     
   868.50070432866391     
   848.99943394345621     
   829.18519438841849     
   809.64194885765301     
   790.46801779295072     
   771.94866315597801     
   751.55936914055553     
   734.12402274274450     
   717.92102657974158     
   701.50271714973519     
   684.30278722411833     
   668.57675912567049     
   653.92139648284240     
   639.56774668044159     
   625.74119752024762     
   610.48833419433277     
   595.70620151327216     
   580.57986289464031     
   567.08078912593885     
   553.93066304558158     
   541.27306444125691     
   528.69283016993325     
   516.37245159582540     
   505.15574623739730     
   496.02221396874575     
   485.67612088633626     
   475.63819329688982     
   465.54805930838683     
   456.11961776439074     
   447.51317907215241     
   437.25086267807660     
   428.85157444230140     
   420.56898456136764     
   412.59739942642761     
   406.05162667961520     
   399.60617218842685     
   392.52139282204121     
   387.37461905228287     
   382.68296076787669     
   376.67813120752527     
   371.25508271779472     
   367.31321716622801     
   363.31971366126322     
   358.39471658179701     
   354.07219859276267     
   349.34340847756386     
   343.73157021705606     
   335.28150120587577     
   325.33431589190803     
   316.76767001114774     
   303.65334221142780     
   288.50307309236177     
   273.08715422164056     
   258.76848308022500     
   245.06698940134282     
   233.22163710294888     
   221.95602022064037     
   210.89062611997801     
   201.71737216694231     
   193.03581008730652     
   185.10633869998676     
   177.30460988560344     
   169.14351000636356     
   162.20165186813094     
   156.92742243171256     
   150.77638907376314     
   145.63039784953645     
   140.52675023070651     
   135.32943566870921     
   130.26291879481875     
   125.31299974993028     
   121.38207546229309     
   117.98910558016696     
   113.91729736761322     
   110.24173595177716     
   107.20477467217357     
   103.28145987842441     
   99.517494592739439     
   96.685554540207022     
   93.379966097834739     
   90.590180386368473     
   89.152044781774933     
   86.305567172721965     
   84.641204058662709     
   82.391099224440040     
   79.590019420422493     
   76.971641344046134     
   74.710770933508229     
   72.650356581956032     
   70.473678938872141     
   69.111211701273305     
   66.850496208659521     
   64.953189636377971     
   62.983513540327898     
   60.798239375238580     
   58.578249380881800     
   56.876392348604710     
   933.19945190150008     
   916.58000077558677     
   893.82296994479441     
   869.84714243364760     
   849.25815515432305     
   830.75030531896584     
   810.78296726796259     
   791.72708497140161     
   772.02301664090578     
   753.37421877630459     
   734.08475367730557     
   717.05359226340909     
   701.46038967175843     
   687.72771258661612     
   672.81344584809733     
   657.23481194877104     
   641.64032318720149     
   627.23828861638185     
   612.84137077989271     
   597.95203252132114     
   583.07763318489492     
   570.20454013714175     
   556.29783149212892     
   544.72567677973746     
   533.45659555857537     
   522.26088003215261     
   510.38486950866474     
   497.81433988619892     
   487.41589814531818     
   476.79803570959047     
   465.40110513907376     
   455.70016208418951     
   446.41801653572475     
   437.59097013631168     
   428.69947660192770     
   421.22284464036335     
   414.77370043912441     
   408.88201154511086     
   401.89695109278586     
   395.27344826939509     
   389.09570295174541     
   383.46961260349167     
   378.53781611601266     
   373.38941938898370     
   369.98436131045946     
   365.12282891994619     
   360.61092938845138     
   357.00566358395884     
   351.99818843196277     
   346.93773544234301     
   339.27781983523971     
   328.23439342418374     
   314.66224226307042     
   298.02431839611069     
   279.23601586962570     
   261.60286891860483     
   244.33534616297197     
   229.04569853253463     
   216.51261442204625     
   204.93970733334564     
   193.80823399438719     
   184.74744424038809     
   174.68070983353238     
   166.01635842927652     
   158.23269582248741     
   151.88939629963662     
   146.77051869167400     
   141.03312483279780     
   135.46325555855390     
   131.39488725989855     
   127.05890066914691     
   122.81264715803223     
   118.75281847374013     
   115.41333184896052     
   111.03647893956463     
   108.15140853949572     
   105.22959173396794     
   100.84039482038457     
   98.017381407962972     
   95.761719445442111     
   93.479740459941709     
   90.819519573695047     
   88.878319408858857     
   86.128060757355030     
   82.782140610874663     
   81.042906337721320     
   79.008346785352302     
   77.470350354737818     
   74.108998665197959     
   72.483217704537935     
   70.939901345899770     
   68.470251285377984     
   66.625760403901026     
   64.753478178988388     
   63.813796899802952     
   62.196463848834156     
   60.366232008186714     
   58.647004733294963     
   56.361441860853375     
   53.771794355660546     
   939.91302792793090     
   914.29444144196827     
   890.61022778077177     
   873.23392671339241     
   852.42560039953401     
   831.47966255860672     
   813.00452731514997     
   791.49039752264730     
   771.40144834226885     
   753.86846339998147     
   738.01806043761087     
   721.90813248465474     
   705.39855474081276     
   686.55427353337893     
   670.39432370755276     
   654.95574244418958     
   640.31050905078678     
   625.98505798953579     
   612.63890387695687     
   597.58108278388761     
   583.23345611791831     
   570.44454726274284     
   557.29113013948813     
   546.04092141275635     
   533.21091542650197     
   521.68812873918205     
   509.61719764389159     
   498.14082361549339     
   486.64793242672084     
   477.31478268049204     
   467.56085503050303     
   458.42627879908434     
   449.45400593954321     
   441.40723923746884     
   431.99396137069448     
   422.62151692006984     
   417.05888989848143     
   408.57734812106548     
   401.91490216574516     
   396.91216242201995     
   390.88833379541455     
   384.50994373779361     
   380.17285702208642     
   375.38391239848249     
   371.34820587132663     
   367.60494793944844     
   364.12381234048877     
   359.39498078533904     
   355.11327243195922     
   351.15935568223153     
   344.82902367416557     
   335.16661547566770     
   316.76641040270545     
   295.07645095695386     
   271.78883479848508     
   250.59970731769874     
   231.14267584455229     
   214.80270918980511     
   201.47180269210634     
   189.70667681435691     
   179.13850748123710     
   168.75497015258901     
   159.28350599360400     
   152.13785432803385     
   146.48030305123149     
   139.76489012662890     
   135.40207048574254     
   130.94527366967199     
   126.02390271527162     
   121.68925495746782     
   118.56266258186901     
   114.93551960992676     
   110.00440473758975     
   107.92965456195552     
   104.48304642366406     
   102.15601944444825     
   100.69100281426138     
   96.562991890708659     
   92.718103775430365     
   91.718687557361250     
   88.997962327043297     
   86.500369450767295     
   84.680230559062466     
   82.252766036671488     
   79.520407751970112     
   77.417446258007814     
   75.427594649640582     
   73.269324224863979     
   72.384909441271645     
   70.643614634387646     
   68.373932019365554     
   66.796768801153917     
   64.718884379987088     
   62.993457275975544     
   61.341906173508875     
   59.629144390456730     
   58.361437708441258     
   57.036333546829468     
   54.355264497751868     
   51.491747353088741     
   940.96466396077494     
   918.39798073997372     
   898.49833966200356     
   873.62969773268583     
   853.15608369486802     
   833.20560038884071     
   811.78994719555340     
   791.33100700700277     
   773.89985169454178     
   755.09692380811293     
   738.21525389347676     
   719.90791559928186     
   703.46862524794949     
   690.56821139565750     
   675.72960730173304     
   658.66801768852201     
   643.46870984530187     
   628.80544486889698     
   615.19008186509814     
   601.84139316805943     
   589.20865636732924     
   576.78499778400828     
   563.02247860039347     
   550.12624884182276     
   537.00608954129268     
   523.15144596486346     
   512.02581699790699     
   500.58395786269790     
   490.93414416363993     
   480.59725321067890     
   470.30710434169481     
   459.22215296205172     
   450.17404751861051     
   442.08922229704478     
   433.30947950128711     
   425.26334188986004     
   417.53339834323788     
   411.99689099245427     
   404.19878430041337     
   397.35284629431567     
   391.73325154272231     
   386.48717653371205     
   382.45690621779795     
   377.62333596314403     
   373.03366799440300     
   369.27446389687304     
   366.27067967688572     
   362.39129089647884     
   358.56720332626998     
   355.16790261246842     
   350.62561226560769     
   340.90086000473747     
   317.43555357192201     
   290.04822520060173     
   264.04742447023466     
   241.39791584688777     
   221.47804691208424     
   204.68012644745181     
   189.57414591791525     
   179.70433154102523     
   169.22440015931753     
   159.49986868336541     
   149.07274632118774     
   142.84202735339321     
   137.03684750354822     
   131.24160143681303     
   128.27472923103471     
   123.78801860956789     
   120.38474782324761     
   116.52260840463433     
   113.18708588634946     
   109.97492555329339     
   107.84712936505244     
   104.09666307937535     
   100.79999184109103     
   97.962369480555651     
   95.915348314022623     
   92.482824891011830     
   91.490707782611622     
   88.335206581667421     
   85.498550149094299     
   83.093021311153009     
   81.073576659746109     
   79.828929608209137     
   77.528698276635950     
   74.643557611037409     
   73.177962030470553     
   71.273393455600385     
   69.855576616776915     
   67.501986803605774     
   65.761717683226522     
   64.110829166217911     
   63.085339338065332     
   61.100778945468079     
   59.284225347815465     
   58.294790912311385     
   56.478150681757128     
   54.591926967792723     
   52.171062580152523     
   49.218751325016470     
   946.38911286129041     
   923.35000142690706     
   899.03104394186039     
   876.21339429593263     
   853.64330048009867     
   828.50851220853394     
   808.43600757695344     
   792.25147660482719     
   777.13333046541482     
   759.46587201466753     
   741.96996075983202     
   724.74040157586887     
   707.03073138658146     
   688.04999195909750     
   671.95815859772335     
   657.62309103811958     
   644.33989435238288     
   630.64223947053051     
   616.10260868216710     
   602.02929234119665     
   589.04560079268254     
   574.54826202109848     
   562.53649253660899     
   549.61571309003648     
   538.28244126123116     
   526.10736227819677     
   512.67587107653321     
   500.68141592259536     
   492.00756413414808     
   481.48300781608953     
   472.07729257006446     
   462.20489231129591     
   454.15633508130281     
   444.84187631878569     
   436.76723707600263     
   429.06287037626004     
   421.00296653477261     
   415.19580357479072     
   407.74118182637915     
   401.90353379197347     
   396.39361751559647     
   391.25657758055092     
   385.41218120974679     
   380.51266370503026     
   376.03959094189918     
   371.49618728579821     
   368.23469857801791     
   365.18948202319905     
   361.96538234102240     
   359.31932903033101     
   357.04971689670845     
   349.15231466858313     
   319.84657757189746     
   287.75588289387531     
   259.69139813285460     
   235.59541883814842     
   215.69972613911415     
   197.57180966416232     
   183.83823188842192     
   172.39870143141488     
   163.66080767140505     
   152.70924707711484     
   145.61931221864606     
   137.82223585012264     
   132.07619287370943     
   126.82712130723257     
   123.83889517968984     
   120.70063329067966     
   116.55658202634618     
   112.55269406732404     
   110.51370517812994     
   106.85090111473787     
   103.95168024156234     
   100.14466235656326     
   97.017456625046947     
   94.809550902523739     
   93.162338938911120     
   90.514986724201563     
   87.974555467041654     
   86.780000558690844     
   83.255461403374852     
   81.714219617084069     
   78.258870375404825     
   77.325033613069735     
   75.460441882061431     
   74.048753856674580     
   72.112617241081594     
   69.798834975605928     
   68.527599205664586     
   66.051123933432180     
   64.599985353823030     
   63.237062680719035     
   61.322769818235557     
   60.127951333413407     
   58.043536875143161     
   57.357740148276775     
   55.535403280633901     
   53.537981642322180     
   51.019960202945612     
   48.761165900985930     
   946.92940380168056     
   923.44681507424525     
   901.59573615446016     
   878.40933588814892     
   854.85520625517688     
   836.85216623626638     
   818.34866005250763     
   796.56785739566442     
   775.97314178482407     
   757.74003094240788     
   739.65995496082292     
   722.61320548801223     
   707.67832413250926     
   692.24156161793746     
   677.39459113091129     
   662.36680144433114     
   646.23797867560620     
   629.00629916066134     
   613.66489541353803     
   599.54090775161706     
   585.68136572391654     
   572.71515252009931     
   559.92468524153378     
   548.09448623787932     
   537.04186791439827     
   526.77652803067122     
   515.67758653987016     
   503.91686395847790     
   493.42364765689814     
   483.65912543178104     
   475.69012277386099     
   465.03279580894650     
   455.12152501925732     
   446.14939883920891     
   438.21167487849004     
   431.78068463435579     
   422.70842143898801     
   415.73177654947455     
   408.38078918687057     
   402.31807680716884     
   395.71605244475325     
   391.10942886900352     
   386.93535885764493     
   382.47246146942354     
   378.23259982659488     
   374.14265446841415     
   371.23544836272430     
   368.47081864958142     
   365.83832832914800     
   364.78881947131134     
   363.11291630122400     
   357.54005641304809     
   322.85477904944275     
   287.55164365430119     
   258.25609080695665     
   234.76973918278088     
   212.56728095066654     
   195.53829621962018     
   180.93696986338153     
   169.73431366988453     
   159.75054071607445     
   149.46253108924896     
   141.09264262771751     
   135.35199500443872     
   130.26111434200337     
   125.17431661497842     
   121.29694937228544     
   117.11511507810772     
   112.70327427953200     
   110.36173819072876     
   107.61634936126106     
   103.98991406555953     
   101.33447932402088     
   98.667012677212128     
   95.674016251558271     
   94.336327898388475     
   91.953533880005850     
   88.739469696578027     
   86.411047653561198     
   84.450260936833160     
   82.239506111238015     
   79.025801437508918     
   76.792972227875481     
   75.702878129768280     
   74.108970709575772     
   72.190197632852232     
   71.063286935589900     
   68.099788082121393     
   67.208563898757404     
   64.608329825108669     
   64.021329304683476     
   61.862339416121642     
   60.011255557167445     
   59.581618653701746     
   56.767061773787105     
   56.671281088331824     
   54.348501883319834     
   52.046582194891727     
   50.069872918946587     
   48.035294391150146     
   947.20553363131842     
   924.05534475101058     
   900.03159227775177     
   876.63075865636279     
   856.61919409509778     
   838.42271125543812     
   818.38508718637604     
   797.56141936717506     
   779.44027112513004     
   762.11863925643490     
   743.46121884167155     
   725.23109945028204     
   708.65818532904973     
   693.28289118651105     
   676.50803505067552     
   660.83377311272875     
   645.46090519904715     
   631.63357176033276     
   618.00537027456858     
   605.29429041517415     
   591.60916040674374     
   577.02749631993697     
   564.28833647326064     
   553.38280575892543     
   539.97253468139320     
   528.87673992524901     
   518.24604870391124     
   506.76992094695561     
   495.38470392772149     
   484.78976669773243     
   475.74105056544380     
   465.95658960859430     
   457.94187804116018     
   448.86278897147884     
   439.57688856186212     
   432.03206738533083     
   422.96833005968358     
   415.88705861253260     
   409.95948282701801     
   403.85020147267403     
   397.22224867674618     
   392.88863388652692     
   387.13561718565120     
   382.63242318903212     
   377.63386167062293     
   374.25776215073410     
   372.22948298410699     
   369.94158712376924     
   368.22584235586032     
   367.64325873850737     
   368.14611759140240     
   365.86961457151784     
   327.06600756518776     
   290.89013522520622     
   260.43567892508383     
   235.59288719257930     
   213.84764013281210     
   194.84707174251903     
   180.12167368612614     
   168.97943326724948     
   157.66860960005292     
   148.49130813452442     
   140.62574308323744     
   133.27515624097288     
   129.23203242310149     
   122.90668895426597     
   118.82738666302699     
   114.58548465018478     
   110.42454238963852     
   108.83471981680435     
   106.30837519178617     
   101.55059088308190     
   99.154701690648295     
   96.174243754616526     
   92.918003637159501     
   91.703119488977876     
   90.455687163031598     
   87.596840370101546     
   84.892724884095458     
   83.182905106097905     
   81.030219608415422     
   77.742894514246402     
   75.985344159400483     
   73.975022696502819     
   72.389458701938793     
   70.989719738380245     
   69.242796124120915     
   67.761519595266648     
   65.742807067870586     
   64.486643075294182     
   61.586813382840468     
   60.484496160576938     
   59.408350338355675     
   57.633311807396112     
   55.565971699905276     
   54.740509377000173     
   53.382617005863196     
   51.288510110428952     
   48.611248648629562     
   46.402305764433137     
   950.80278049926142     
   923.41868288783371     
   900.48076734036840     
   882.00373160731874     
   863.75525890724521     
   840.08129989269378     
   819.21840099205997     
   802.07111262055173     
   780.73315875949925     
   762.04908152785458     
   744.51253987757593     
   728.32247173085761     
   712.20788822472491     
   694.72673566944707     
   677.55276922899816     
   662.32276852650921     
   648.21302006151905     
   632.79823625504412     
   616.75812825071671     
   604.28295105883922     
   590.84178705653164     
   577.52390303780749     
   565.67329155615766     
   552.12987549976378     
   541.07727848072204     
   528.90063035105982     
   516.73455938310781     
   505.81784968079910     
   495.07745850098178     
   484.11564155401936     
   474.68516867119570     
   464.99664067334868     
   456.76160790257546     
   448.19862294878521     
   439.68027802727045     
   431.62662756324886     
   423.18440466828162     
   416.37869915462636     
   410.45992606681119     
   404.45865533061317     
   399.20500004317387     
   393.30051419765431     
   388.24146568137007     
   384.02534682840070     
   380.58922313285632     
   377.32267845908893     
   374.65138400850060     
   371.69197200588752     
   370.69916032288239     
   371.35787238220888     
   373.40294906451976     
   373.87323559645881     
   332.90342387118790     
   295.45367521870475     
   264.95267193735435     
   237.36282735487515     
   215.16478003214075     
   196.05594693771957     
   180.26752388911271     
   168.28919396022727     
   156.45691957848902     
   147.25702685405111     
   139.27077503485955     
   132.27408365600044     
   127.36120936517177     
   120.40882286502989     
   117.87569409339551     
   112.41784638741035     
   108.28069696593911     
   107.51403241808114     
   104.03078727957373     
   99.377780067713104     
   97.869743468946410     
   94.670960668216594     
   92.843004392230910     
   91.218382275722121     
   88.230603247373310     
   85.355329045351340     
   83.653138602070015     
   81.089056804052049     
   79.287522938973694     
   75.531711168706906     
   74.745513062642289     
   73.050664414200710     
   71.210861170978845     
   70.112468856151821     
   68.210282969310313     
   66.707293341691468     
   64.291648914576328     
   62.845479545956621     
   60.720260722325911     
   60.130447982890857     
   58.462860197539584     
   56.117065751763946     
   55.393888280182935     
   53.539465359483899     
   52.015825181010925     
   50.130856399400265     
   47.224911838834700     
   44.990686911033478     
   950.32202897355955     
   927.64979639202284     
   906.28887222787671     
   885.71120690392991     
   862.45924381822624     
   841.92142262443258     
   821.90924332335999     
   801.68341354338543     
   785.86309944756022     
   766.14893875313032     
   749.37788977490720     
   730.65551601310312     
   711.73803700316103     
   696.41828119374384     
   679.91308819932328     
   663.63745281838487     
   647.52698290474746     
   633.73255756339881     
   620.86316384615463     
   606.96760387391168     
   592.04587611096315     
   578.60997894591355     
   562.35622367557755     
   551.30259844818556     
   539.14538413324863     
   528.39306417531952     
   515.92487742233800     
   505.58429459907836     
   495.03019265181297     
   485.93367356969071     
   477.21719138226558     
   466.53039896132833     
   457.99723682015531     
   449.10240131473233     
   441.02383138784779     
   432.66466844435013     
   425.31295112392297     
   418.21535254934940     
   410.77928980320655     
   405.32684985766036     
   400.01021173928268     
   394.17319290882904     
   389.14110347092759     
   384.21707667796488     
   380.82461583231594     
   377.71125798073376     
   375.09865848722552     
   373.59665653707413     
   373.67787034318860     
   374.44700289360139     
   378.44419857589344     
   382.46970446168825     
   339.64873155315286     
   300.77376936690064     
   269.68895506932347     
   242.55419161880349     
   218.52435304355652     
   196.86527040669438     
   180.99403736027602     
   167.54350199360690     
   157.59870031065975     
   147.25052945586046     
   138.08995412717098     
   131.33779361925792     
   126.05785300562047     
   119.05460667025565     
   116.55871072724540     
   112.33133938114388     
   107.30104417943748     
   105.66402331280345     
   101.59239216447358     
   98.865555746709390     
   95.380055465829159     
   92.938433890371542     
   91.191979768731017     
   89.078498764388939     
   86.839875033717348     
   84.222548305496801     
   83.024856334842397     
   80.579073045439856     
   78.067622838874570     
   74.161720007135131     
   72.996657047437765     
   72.823158233193908     
   70.512047828329770     
   68.653227152490402     
   67.665478606637947     
   65.384415600917038     
   62.853632587133859     
   61.817449796066462     
   59.640888249669352     
   59.426843093828992     
   57.049034883409810     
   55.970905244342248     
   54.790967518204987     
   52.141541022038730     
   51.504982508122495     
   49.497479920371255     
   47.140731494243887     
   44.457416791621178     
   952.33171976731228     
   933.17892295591196     
   911.63871084336256     
   886.00015934428120     
   863.40373528871419     
   844.11685615379997     
   823.52131525599293     
   804.78473020985450     
   784.48991725844826     
   767.33331262116940     
   749.47901509043368     
   731.43765323164985     
   714.20090442821083     
   695.43297913279491     
   679.17221782273748     
   664.43712613639957     
   649.49461487834378     
   635.18381183995416     
   619.53287030590366     
   605.34778906472025     
   593.73857367691289     
   580.94798060253675     
   569.25526893529729     
   555.95039683768721     
   542.84804216548514     
   530.98406273438627     
   518.75298492188040     
   506.99033175922108     
   495.37224737822470     
   484.27008928687417     
   473.82975666659496     
   464.08464659124121     
   456.03949725573449     
   447.06990038084570     
   439.09100616266392     
   430.83934962478781     
   423.25698592982269     
   415.98740372324869     
   409.04679950929022     
   402.46347903036008     
   398.59643072796098     
   392.78647686956458     
   389.49781051040452     
   385.09962263037107     
   382.00039390242267     
   378.89394491358405     
   377.36576454648127     
   375.76269671372177     
   375.45193600202293     
   377.05669443001682     
   382.28431024909162     
   388.30175504491996     
   346.93582391897610     
   306.75646345944057     
   274.36753314434827     
   245.50680924936967     
   222.10554197429894     
   199.86883855796998     
   183.26175380376105     
   169.58990957692674     
   157.48166968349682     
   148.36061583751786     
   138.34834549819934     
   131.51697370070701     
   125.63770621723691     
   119.05743258505399     
   116.51995191269609     
   112.85496800522199     
   108.21744905759579     
   104.81840078079992     
   102.08611997841598     
   98.119422209444565     
   94.317417824181632     
   92.149597975868488     
   91.173362529831806     
   86.962009395868193     
   86.637022023090552     
   84.343954463132846     
   81.625257426151819     
   80.706431087993906     
   76.791575284633410     
   74.764431299472335     
   71.471707686921008     
   71.803197598044733     
   69.246188429682348     
   68.127638646258163     
   66.429244385394540     
   64.263323656136365     
   62.645995072102302     
   60.112178531057353     
   58.812503091910621     
   57.972401628438718     
   56.160049773499047     
   55.577389807610622     
   52.997557306495594     
   50.982508221543753     
   50.552818437509117     
   47.815186674534367     
   46.270804720872292     
   43.308076265045280     
   957.43596052218311     
   934.09353920854016     
   909.33691528111478     
   888.27950382222332     
   866.30958237511595     
   844.90630374395914     
   823.99917718001871     
   804.39654589029374     
   785.97856988534545     
   766.06531583088827     
   745.87506577287195     
   726.71937921934591     
   711.00316515103714     
   694.41969095160334     
   678.93328411374796     
   664.17951048600969     
   648.62947851320962     
   634.45990380436774     
   622.83595731225978     
   608.38262950486353     
   593.28229735350203     
   579.57653283462719     
   565.54873633840657     
   551.06404129578982     
   538.72872152029584     
   528.73616640622936     
   518.44430594188520     
   507.70264901297173     
   495.70314944684770     
   485.03051587615096     
   476.27082551037529     
   466.00007808338603     
   455.66819106287147     
   446.68313249252145     
   438.88020992238427     
   429.79478227003347     
   424.20892505115597     
   418.32363648625545     
   411.27166725212641     
   405.24888660192721     
   400.04763663837696     
   394.16768806753373     
   389.12476066002876     
   386.51996053837991     
   383.47642857813855     
   380.56451010470732     
   378.92788986674600     
   378.10036216935947     
   378.61674407338558     
   380.42807100927394     
   385.86279181103214     
   395.27688928563350     
   354.41829220353117     
   313.96668848407950     
   278.93207679848581     
   250.11707744410523     
   224.82955574604156     
   202.97155301129482     
   185.18948378689961     
   172.12461989484038     
   157.54234882262364     
   148.12152971137351     
   138.37074943226435     
   130.50218228877603     
   123.42614941376189     
   119.76074475175935     
   115.84776118289085     
   111.42317710209295     
   107.33212856441774     
   104.10166950195608     
   101.09425112646211     
   95.824988473464231     
   93.259698700978817     
   90.770794766840467     
   91.051009315190754     
   86.426258127632309     
   84.022401463963604     
   83.691178171762672     
   81.233583205840617     
   77.803264571822979     
   76.073939118913344     
   73.873419870605005     
   71.600929993539779     
   68.941005192892845     
   68.479818848639297     
   67.543683824480951     
   65.105060289175128     
   63.226298193207981     
   61.935966909354370     
   58.586701378325053     
   57.803195466855271     
   57.055040217068459     
   54.558152364278271     
   54.237937286603689     
   52.536916738334483     
   50.542796252032794     
   49.877179863831728     
   47.701571528044113     
   45.789904643978943     
   43.439212118622940     
   957.75760038575368     
   928.51045737666004     
   905.06838235682540     
   884.87071498038347     
   865.92310163220498     
   846.38991851475771     
   826.19158524602267     
   805.64724184821262     
   783.73145363475669     
   764.64102829992271     
   746.50110748749228     
   730.89085756070278     
   714.05588232622415     
   698.80722334590598     
   682.78913026139378     
   665.93565877972560     
   651.01512825177849     
   635.73894550073942     
   621.07414538733508     
   606.07311839991632     
   592.29680642220660     
   579.24229914612351     
   564.99131373874502     
   553.75625502315825     
   541.75649148704963     
   529.71198489990729     
   516.96248638631459     
   505.02591213479502     
   494.46093308806530     
   485.47185160633074     
   476.22030240640748     
   466.93591595029892     
   458.55934120463627     
   450.46764102889608     
   440.53579907848871     
   431.85455039857345     
   423.70349992021920     
   417.49630171928999     
   410.57344023325174     
   403.99636239607298     
   397.58250648686419     
   394.00235123846807     
   389.79191178322623     
   385.72935769183414     
   382.77369637745255     
   379.54424321244875     
   378.14887292836249     
   378.43566946080011     
   379.53008456408088     
   381.87231975291076     
   387.49574264052887     
   400.25462627121976     
   359.42662532203195     
   318.86698479161436     
   284.94543382034635     
   256.37348449942306     
   229.76578950075285     
   206.31387853221986     
   188.08310163442462     
   175.00084186391024     
   159.76180629378294     
   148.00027378996344     
   139.26047060422417     
   131.78998719790707     
   123.60547811149345     
   120.16203534173668     
   115.02761289633567     
   111.41599887439779     
   108.38825693267766     
   105.23590075158808     
   100.52348010071037     
   93.742760859886985     
   93.921308888178118     
   91.071985936158512     
   89.877289435386956     
   87.253563285502779     
   83.230172336197228     
   81.435041395317256     
   79.544518646571447     
   78.267707089404610     
   74.161426928672356     
   73.799012238470183     
   71.239435018360737     
   69.018134647609912     
   67.569683320759793     
   66.768909846012122     
   63.998449524119764     
   62.314775914347393     
   60.826548902421322     
   58.288620053378636     
   57.387670509464940     
   55.935716087743963     
   53.955522228704538     
   52.719752361168631     
   51.564154757140557     
   49.303161943238855     
   48.058944803457841     
   47.302685826228931     
   44.517071093044166     
   42.862307654533900     
   958.24314297029764     
   934.82771915107605     
   913.98657531411345     
   890.45287211082314     
   867.08457135225194     
   845.10396306476923     
   825.76245634009160     
   805.78618017489089     
   787.58378816567244     
   768.78524135711837     
   748.10544486649428     
   731.58640179194219     
   716.42709986778198     
   699.59616303507596     
   682.10378593102939     
   665.03288088024965     
   650.04441509210790     
   635.68945224513504     
   619.67220389580700     
   605.28601838619056     
   592.89615007626855     
   580.88540054491045     
   567.82277103947274     
   553.88430378308726     
   541.29892619507314     
   528.55794868061605     
   516.85406530062528     
   507.73578481733455     
   497.90863022462895     
   488.41316208943607     
   478.30996621340637     
   466.74906968854339     
   457.96829112969135     
   449.24699238166636     
   441.48255724333842     
   434.12528263983188     
   425.85625210050478     
   419.02892297717074     
   412.60681452411626     
   406.17619835416804     
   399.92019104842024     
   395.11059166455112     
   390.25231206562762     
   387.49597497777086     
   384.05230547834333     
   380.87901559111828     
   379.89009355800795     
   379.58721361675487     
   381.44212320837602     
   384.31781908898836     
   390.13754894133535     
   404.20133420907121     
   363.00429410893037     
   325.31237327896395     
   290.68259484962499     
   260.66971633438442     
   234.84165064044129     
   209.35974376589738     
   191.24189928271633     
   177.44304061487964     
   161.74388068508026     
   149.02474062187270     
   139.12944123819580     
   133.17446053147592     
   125.12075376596184     
   120.90854845890550     
   116.83496894844501     
   111.71107346787977     
   107.14136054293120     
   103.60001622140203     
   100.09930885013588     
   95.012561147999165     
   91.576943191333868     
   89.505855761252533     
   87.321420241796517     
   85.973897106409837     
   82.274940735902888     
   82.114554835286754     
   78.129949458476489     
   76.362855609955758     
   75.459872927272514     
   72.679121850006098     
   70.524489766794105     
   68.808793654949156     
   67.924884873489134     
   66.368423398379178     
   62.676408964644956     
   61.131546402380692     
   59.177448592903119     
   58.176465664323345     
   57.298188669296543     
   54.920959146034690     
   54.131044035633494     
   52.358545897079637     
   50.660138623817794     
   48.379374221947586     
   47.541892998013552     
   46.676217967926895     
   43.460192819583810     
   42.260999055113402     
   954.17733676582827     
   935.74434756254482     
   912.67867101846434     
   890.58341090627528     
   869.15231448486486     
   847.37770720119192     
   827.10218400291910     
   806.31037433913502     
   787.90495108304094     
   772.16750649205630     
   755.89492943906225     
   736.98964733487480     
   715.70799542168641     
   698.06435847423563     
   681.98046618959381     
   667.03612767677669     
   649.09808977725379     
   633.06441498958452     
   620.32761061477754     
   606.79882976654437     
   593.74297979036737     
   579.11767983014192     
   565.99843377623779     
   554.30813499895601     
   542.74064463827358     
   531.39613901608755     
   519.48950028181821     
   506.51758917713721     
   495.07520347934292     
   485.14742628826070     
   474.79373765060643     
   465.52777284910201     
   456.51745981568877     
   447.74112802721828     
   437.68947537067709     
   429.43265716550525     
   423.28930277730274     
   415.14395024241412     
   410.26460408468301     
   404.51335734295236     
   399.07758077446783     
   394.82734421744300     
   391.53407201125589     
   386.94439586731414     
   383.92605546592705     
   382.06287184603269     
   381.66855580022326     
   382.45011290392858     
   382.68661200009637     
   387.16064030730621     
   392.86477973494050     
   407.95668868915180     
   367.75366294801233     
   330.31753757533397     
   296.57426002415036     
   265.34305755929387     
   238.32553653538270     
   213.26317063619081     
   194.47147235295844     
   177.55087659444342     
   165.29789472472189     
   150.60141108452910     
   139.87053707122922     
   134.66663855222748     
   124.85297630142010     
   121.18711516900439     
   117.60091942319440     
   111.01054457012376     
   106.68876880804824     
   103.91048022523687     
   99.109912227734185     
   94.447005264065851     
   91.682471092401471     
   87.993970660148435     
   87.471923720137539     
   85.337153915257772     
   81.075221025551201     
   80.126093420370864     
   78.152869733847652     
   77.490122810593675     
   74.908065895861881     
   72.096195173746423     
   69.624337630054583     
   69.132359105129780     
   66.635457406027314     
   65.282889462171909     
   62.570025939545133     
   60.750698193518204     
   59.078073314516992     
   58.238193369656436     
   56.876135292030270     
   54.824784414320355     
   53.242740361224620     
   51.193606041252025     
   50.476989082477331     
   48.484233098183800     
   46.737947531915140     
   45.450114310013277     
   43.914539190209567     
   41.677757208939909     
   958.30426293714629     
   934.56442909419479     
   912.41313537427868     
   888.26858126078889     
   866.75862637551324     
   847.11733959655578     
   825.21534357511257     
   806.80023425827824     
   788.06720592524528     
   768.63522557606984     
   749.32230828489458     
   731.17459353702668     
   716.70149649952293     
   700.44335404963658     
   683.17208088138852     
   665.64778334548123     
   650.28378110617155     
   635.33365030008531     
   620.31734058252187     
   605.45521808497199     
   592.41791219148320     
   579.64290356875915     
   566.41074103152209     
   553.24865727266399     
   540.21741418691795     
   529.92422247376305     
   519.19483410628163     
   507.56766527376055     
   495.94968372467554     
   485.13330308134459     
   475.95810442372363     
   465.35579189783516     
   456.61144162222627     
   448.01614455772017     
   438.43668043684329     
   430.97343441495980     
   424.52075931676097     
   416.40945003862760     
   410.94713440101407     
   406.06173822127579     
   401.02198239776334     
   395.86996414146012     
   391.63238362517734     
   388.12469493510991     
   385.63092578303099     
   384.15949667966197     
   383.68461503969445     
   383.13151256804161     
   384.96595966032783     
   388.79015484117872     
   393.62392363852865     
   410.59650718701801     
   372.71481969636454     
   334.51722879348551     
   299.58933452575451     
   270.43637152731014     
   241.83881333034492     
   218.54275570275965     
   195.98578154989607     
   178.43194298179966     
   165.22781707336657     
   151.87971468410029     
   141.57717993720183     
   133.56441100345839     
   126.54780632475136     
   121.00811417756242     
   115.18435289222234     
   110.96679566840321     
   106.10370395104309     
   105.48086154749480     
   100.04153275336347     
   93.186639220525663     
   91.030087508633954     
   88.082036150049035     
   88.799003177794219     
   84.381726235745958     
   81.172849721564475     
   79.872130163730404     
   77.791656458932565     
   75.607310735099560     
   74.680603543687511     
   70.865700597867885     
   68.680299680561134     
   68.488439289470122     
   67.335013645518004     
   64.749621656549607     
   62.181079931319161     
   60.246696277148061     
   59.323900312400291     
   58.619085385750012     
   55.995367320999165     
   55.056489329493573     
   53.228749131569003     
   51.539682882013089     
   49.930009932073489     
   48.682018143708817     
   46.314641153163542     
   45.461369282794031     
   43.406281298983757     
   40.262386833873137     
   959.70145861128731     
   932.94293070558149     
   909.97877137723788     
   888.84697133013117     
   866.11664369998971     
   844.25803404617659     
   824.80821301489561     
   805.62043389952089     
   786.03493187288041     
   767.85414214481091     
   749.44048899219376     
   732.33701653423986     
   715.72182379433332     
   697.49435580495776     
   681.93300601870578     
   668.67291109366840     
   653.05460341418404     
   637.04801764887588     
   624.93985778292517     
   611.51880984665195     
   595.44879797437818     
   580.59494832068003     
   566.62587777229760     
   555.02739688513770     
   541.35482787982130     
   529.51149960781197     
   517.67558981761658     
   506.51311101725116     
   494.61574633621046     
   485.08965278802316     
   476.25291721331308     
   467.40812342741583     
   459.71401151468734     
   451.49442552337615     
   442.66281999438866     
   433.95636179890857     
   426.76959246932722     
   419.65758402474444     
   411.78646823820571     
   405.88437109115574     
   400.77813448237953     
   396.11573153922558     
   390.97662883473060     
   388.98267181607940     
   386.35722996968673     
   384.20569251534107     
   383.00682670769095     
   383.57698937195624     
   385.18512986903147     
   388.90581549269598     
   395.11180134065114     
   411.83969397734444     
   374.82775652866246     
   337.82257116129438     
   302.65113459233191     
   274.24744269761766     
   244.13688990851597     
   221.82119435456016     
   200.87108688571027     
   179.77006323771735     
   165.22175227712788     
   153.70750974680220     
   143.28311057934607     
   131.54724564242775     
   128.17197432567582     
   123.46037510396957     
   114.72569408176108     
   110.73493818816694     
   109.13085030259691     
   105.49462912922753     
   99.979150143885121     
   95.591792733908122     
   91.637783908746513     
   88.994570318023264     
   87.588897438747665     
   83.456892124163801     
   82.613500974900774     
   79.820196990324561     
   76.077634028646003     
   75.517891715795173     
   73.838945557446195     
   70.409521072712863     
   67.617418077603730     
   68.533100552207884     
   66.647045731456799     
   64.322568044341438     
   62.461117142562685     
   60.663333770137804     
   58.530512788930714     
   57.651378740035803     
   55.678683638548890     
   54.620304564899939     
   53.269736494674177     
   51.994661116024687     
   49.368942232809360     
   48.658998637341369     
   45.683813092092748     
   44.629457956125009     
   42.784513498744673     
   40.083910376367214     
   955.20205005157959     
   932.88734711572738     
   908.45873413666993     
   888.54020708332553     
   868.17181447456574     
   847.21547029051158     
   826.19687322179743     
   805.76202809721019     
   785.90925265088981     
   766.59180276788766     
   749.16148809834317     
   731.87126120591722     
   713.15205820549500     
   697.20815049030477     
   680.33576837684609     
   663.91959358137865     
   651.13148913120540     
   637.34616597704621     
   622.68901985746948     
   608.09809218857276     
   594.40345968201962     
   579.65960885917730     
   566.82882199422397     
   552.93722090429333     
   540.76878110262260     
   528.58394430008730     
   518.25204657920790     
   506.75447526879856     
   497.12411456206485     
   486.65597720834506     
   476.54564711791090     
   467.05902342454169     
   457.74176553403316     
   448.56259817323837     
   441.04895957725859     
   433.26964504162760     
   424.48386922368502     
   418.52687962350979     
   410.97093449312257     
   404.37263595677962     
   401.01399666395105     
   397.28078799731031     
   392.95314041128478     
   390.18600380641385     
   387.68265725609211     
   384.09134408672935     
   384.08333291066174     
   385.47589517501365     
   385.80307422116164     
   390.33209988320823     
   395.78015513719782     
   414.14743655969505     
   377.36762686539487     
   341.87886788098291     
   307.15711444978160     
   275.66325589657703     
   246.77131772418659     
   222.93516080691955     
   203.21089241749618     
   183.93180212121277     
   165.80346633877068     
   155.11916997064483     
   143.15857938320008     
   132.86585114614951     
   128.08281741829876     
   122.04199819847099     
   114.41398487341243     
   111.47414197735678     
   110.09460246396705     
   104.21610324335245     
   98.569156486680242     
   95.751154309817679     
   92.036459383600459     
   89.476847428421920     
   87.370422910916517     
   83.463584149842831     
   82.071661794107868     
   79.267358508418880     
   75.851966344643159     
   74.664325538355200     
   72.609226629108264     
   70.275101172106972     
   68.555393136829650     
   67.199603422857649     
   65.317942533677993     
   63.817344095976807     
   62.903924675924344     
   60.881130559463273     
   59.839694590331725     
   57.625459630092202     
   56.381913853928616     
   53.930752895855505     
   53.064339113154219     
   50.699935373866168     
   49.376162745873600     
   48.831435993717065     
   46.770406481517625     
   44.860391616058806     
   42.173053556605964     
   39.738965422828294     
   960.72872631955829     
   933.94615549271543     
   911.59739417737705     
   886.57657510367460     
   867.90659503141592     
   848.43931049654782     
   825.19642786075065     
   805.30794145609320     
   787.33669612848121     
   769.51075854999613     
   751.84494856269328     
   733.29003426733152     
   719.12650654952154     
   703.66851813890105     
   686.14268573154993     
   669.00879911734046     
   650.20286979736829     
   634.43822169152770     
   619.24230628853934     
   605.08270185487754     
   592.43155036205428     
   580.87122922519450     
   567.97556237787842     
   556.07755193835101     
   543.70185331211894     
   532.65175421642130     
   520.28556008880241     
   509.11619710419745     
   496.87928834606157     
   487.62282352092654     
   477.52863746296003     
   468.42471246085449     
   459.08681850424949     
   451.47908318968206     
   442.18936824436440     
   434.54318051724204     
   427.65923006862499     
   419.82591880333092     
   414.43859911022042     
   407.52175253995307     
   401.59854841031927     
   398.24376742076134     
   393.27531897446545     
   389.51826383746936     
   387.56018963602747     
   384.56513137082368     
   384.63765040053624     
   384.85366412283963     
   386.72578333620697     
   391.16146760364381     
   396.93624723142403     
   415.71306454320205     
   379.70927503397422     
   344.47643941158572     
   308.62392576965425     
   276.65440448805032     
   249.63739408619841     
   226.31636683230670     
   205.35219367388933     
   185.82673069504375     
   166.44015478947472     
   154.60955084881977     
   144.18652220636420     
   134.02452126464365     
   128.86544164788728     
   120.53652212042691     
   114.59204956369808     
   112.59145280856491     
   110.92983424170458     
   103.46095276759824     
   98.894486074256946     
   95.822724905433930     
   92.091664234399460     
   91.417181561736243     
   86.441097896065898     
   83.126202871387861     
   81.350877823575203     
   78.788126273450956     
   75.953196913939550     
   76.059163657797015     
   72.877652839593395     
   69.525845203872734     
   69.398456441481187     
   67.889136132028639     
   66.265315799499703     
   64.487329795435812     
   63.431418085410421     
   61.256521298485580     
   58.999360627977552     
   56.975444995632714     
   55.763241363548303     
   54.058839720232022     
   53.459885475893586     
   50.393402041477373     
   49.808693747959261     
   47.689431037483644     
   46.076366814105079     
   44.045879499808663     
   41.793754078080774     
   39.711507555168701     
   959.66423619250065     
   938.72206922208716     
   914.95126390950873     
   892.15787905086381     
   867.07463781882370     
   848.18999834182307     
   830.72084024856827     
   810.55110787062597     
   790.26489946129664     
   771.61082472024691     
   754.56882913752838     
   735.45288197297828     
   715.07575788885151     
   697.28612879874470     
   681.74749353529660     
   665.11283316261051     
   651.61705831924587     
   636.08979686676173     
   621.42447922759607     
   607.33515203945296     
   593.62180994943299     
   581.83004572615800     
   567.51507768267106     
   554.48922362321696     
   543.14429103149746     
   531.86159798414587     
   520.68329060114695     
   509.59823086163823     
   499.40313381056149     
   489.17817279573018     
   478.75356379142295     
   468.94590463620455     
   459.13806680335335     
   450.25105738111245     
   440.96842510949926     
   433.46817203884319     
   425.26643385337218     
   418.02071711062973     
   413.44590549935180     
   405.86111198770249     
   401.46824861139879     
   397.08621125512514     
   392.26299711061529     
   389.88742473624745     
   386.72742434876932     
   384.60342184331427     
   384.44368439097195     
   385.54452576971380     
   388.20930458512760     
   391.45697909038461     
   396.69902412621366     
   414.63414602576631     
   381.75339793232132     
   346.16436601762280     
   311.65764558228432     
   278.74557773575771     
   251.25608699034800     
   228.24855642447002     
   205.37646481051718     
   186.55187991328245     
   168.07760062491229     
   155.34819226060333     
   145.80558141150266     
   136.00438613112118     
   126.91405954130525     
   120.58396642514114     
   116.19158947329268     
   112.28224416825661     
   110.37211162814226     
   103.48283192813631     
   99.404130667430195     
   95.476377020033112     
   92.480587959306447     
   91.085677243559161     
   86.533200659736792     
   85.326688896016250     
   80.404943631201959     
   78.536248132822450     
   76.283661087454519     
   75.567446795656679     
   72.245833196158628     
   70.242554028500976     
   68.868222697561606     
   68.455758864043105     
   65.975648419824523     
   64.633866568584779     
   62.508969097047796     
   61.626427962495114     
   59.716519152655955     
   57.268084573378161     
   55.020224209399423     
   53.509724944459961     
   51.665494493945097     
   50.892711264405605     
   49.515945488372743     
   47.697920255795061     
   46.543968848530888     
   44.777989953592140     
   42.600705692130397     
   40.282747983117616     
   962.23895764888175     
   937.66546427520620     
   914.58662375494794     
   889.72466897959930     
   866.77278458030798     
   844.32660566321840     
   825.63800112820923     
   808.26732336903979     
   788.08783686181926     
   768.30901105221915     
   748.53039810588950     
   733.00041986695351     
   717.06808223375447     
   699.18256374014345     
   682.20742329787538     
   668.48292308392024     
   652.91152163688946     
   637.84088980490480     
   624.71219460182260     
   609.51916392910391     
   595.01223778940346     
   582.80971361868490     
   568.97084996331751     
   555.76723472084450     
   543.20988246933621     
   532.33975731740793     
   520.34455249445773     
   509.05502201711931     
   498.76344629987534     
   488.28627821684461     
   478.96714092022819     
   469.18125503477074     
   458.48043301331148     
   449.97871896057671     
   442.33312244480970     
   434.35798282974019     
   427.25836067551467     
   420.03899392909511     
   412.68796030225928     
   406.60034866110431     
   401.56032845946260     
   395.93593793283839     
   394.41988821271872     
   388.62784588209763     
   386.61665592356127     
   385.84699463607950     
   386.15007128661682     
   386.55495516683993     
   388.09336540908299     
   391.53693477769508     
   396.62379615718174     
   415.74732636573231     
   382.56626249273097     
   347.25531094514747     
   314.74328988736136     
   283.21321205167447     
   251.99933241415752     
   227.33944307400719     
   204.86437827224444     
   186.93647110745891     
   170.72073649144446     
   157.14064357787092     
   147.75268719458924     
   136.71764720278443     
   126.31658454496039     
   119.14061609719037     
   116.65034257630464     
   113.12294040879728     
   108.98073995603106     
   102.19699637127295     
   100.91955961076093     
   96.980303362399056     
   93.872509681246484     
   90.794740671845133     
   86.685419814816100     
   83.911724370418426     
   79.908283502497241     
   77.202049317904951     
   76.711710116778733     
   76.221625168511622     
   72.515281196180254     
   70.272094715764368     
   69.764614215604951     
   67.696790769587210     
   65.640794224924363     
   64.919307223467399     
   62.230606944000037     
   61.496414827468179     
   58.300902069734533     
   56.894480462296457     
   54.651120388317196     
   53.715868205163616     
   52.500911779258061     
   50.392576765543410     
   48.124362312941344     
   46.855547268070914     
   46.387312519093427     
   45.177558069636852     
   41.833556044421833     
   40.266333501363448     
   961.76795806947939     
   936.40878613145856     
   913.69137131083994     
   892.98305554425679     
   872.14181541512676     
   849.32398285002375     
   825.84268778106798     
   803.85101604392094     
   785.77316336378476     
   767.56205574588489     
   749.27402191553881     
   729.98279635835650     
   713.36275266149175     
   697.21050807914992     
   682.77220608873904     
   667.38871132247891     
   651.94810706278645     
   638.02169650273765     
   623.56141802439333     
   609.84855635681947     
   596.20214408513345     
   581.92554453042658     
   569.76936356572367     
   556.69637909367395     
   545.01123964381850     
   532.70309555438178     
   520.73244378635184     
   510.21787318684045     
   497.57266179759756     
   487.73495597084406     
   478.93410117904563     
   468.05801603460486     
   459.27395853562422     
   450.22695294665891     
   440.74645372266684     
   433.96793275498675     
   427.76767669132812     
   421.02507821866624     
   412.87651769984336     
   406.30855277017042     
   401.43920483583668     
   397.71014015366723     
   393.13192784169416     
   389.01629730613178     
   385.81607925976556     
   386.19248104634227     
   384.43452243049234     
   385.72436959984452     
   387.76432832352668     
   390.26045062750848     
   395.80027312793680     
   415.15206195847196     
   381.50205508577670     
   347.85117119316169     
   316.50858674827799     
   285.05718829686566     
   254.82689032420396     
   229.42332739607059     
   208.00896318867063     
   187.13726599751712     
   169.07786241872168     
   160.44312744738096     
   151.47925736864110     
   135.33917482344054     
   126.90545894428877     
   120.40013530014394     
   117.25308199853617     
   112.24564539155230     
   108.79114029399058     
   102.21231100659026     
   100.92173428447239     
   95.988155999741139     
   95.387049055597600     
   91.282165687382857     
   86.327632572251702     
   83.837642829311406     
   79.615192703387862     
   77.302467269438324     
   77.094933673294804     
   77.213403687700350     
   73.967539291615907     
   68.319501549343443     
   69.580991714519115     
   67.589406836501311     
   65.287439317128147     
   64.438117787572878     
   61.869138702588380     
   61.548992411604551     
   57.858055915185702     
   55.555990998134099     
   55.458001102660674     
   54.125978271250823     
   52.630548885128590     
   50.017729141649554     
   47.189095381249928     
   46.487042809099989     
   45.111555116336717     
   45.005236705828764     
   41.325123582412573     
   39.094021147671477     
