           1
        3200
           1
   994.29601210534167     
   939.27873275030970     
   897.65367906109395     
   865.10285692077150     
   840.92415961212885     
   816.87479042610312     
   794.87472629639637     
   770.08539411998458     
   753.97675383361741     
   737.06138937308219     
   716.49636970809604     
   697.18792964573674     
   679.99217000381429     
   662.47715206533962     
   644.64361295160541     
   628.28055454020955     
   610.74058543189187     
   595.02246998631085     
   577.66803420731253     
   561.92587300379432     
   548.58646223840594     
   534.06399109232325     
   520.70531587635821     
   507.59676197975347     
   495.00363125220184     
   482.33342854717290     
   470.44189398924664     
   458.52554316075418     
   446.26215645099535     
   433.88142311300436     
   422.45099590868529     
   411.21920589611500     
   400.23707301533807     
   390.22809426335357     
   380.49802594686764     
   370.40796173043111     
   361.16717406674957     
   352.11675986808501     
   342.89533498170795     
   334.14657206206726     
   325.56354420443057     
   318.28985783402857     
   310.53708039902932     
   303.28295637375135     
   296.70039603340172     
   289.97701510336492     
   283.28875780561287     
   277.30765312320915     
   270.80553051827894     
   265.69666396978221     
   260.34433094456313     
   254.58414014545355     
   249.29891517451733     
   244.58426130199138     
   239.69649352472575     
   234.48310164489430     
   229.66632645835506     
   225.06977601120198     
   221.04326344119767     
   216.14510004306263     
   211.22297652564572     
   206.56767591929150     
   201.93929911451562     
   197.72982914155301     
   193.54303097465930     
   189.25195780961459     
   185.13845116235146     
   181.06360322321871     
   177.14742766986359     
   173.85616691771656     
   170.25035606787702     
   166.74467789320835     
   163.27680464862459     
   159.83741009988000     
   156.49308690017114     
   153.30485909843202     
   150.14824765046268     
   147.19587251117812     
   144.24113469811311     
   141.46850416273662     
   138.65434386277775     
   136.05507940092232     
   133.36464503066782     
   130.65812144864981     
   128.10944834745629     
   125.62438613903008     
   123.18305300083412     
   120.73918805052445     
   118.42379171203358     
   116.17014504835777     
   113.79591706783495     
   111.62771010347112     
   109.55579244643428     
   107.44664753657793     
   105.29612294349614     
   103.38838051839593     
   101.53921995598643     
   99.577570922308681     
   97.727023440621522     
   95.841260255357881     
   1011.1169417782648     
   978.29503221523350     
   936.80042836198891     
   899.18222939463510     
   865.61602027464062     
   839.45333007797672     
   814.51268946664129     
   793.89798844743882     
   772.30178217197374     
   748.21578872093733     
   728.95693016746918     
   709.67197578233697     
   691.38218431549808     
   673.27395406173162     
   656.10675527001206     
   637.03725279975242     
   620.85813649069541     
   604.83106949459727     
   588.92662772185213     
   574.68450842137440     
   559.19127600184470     
   545.46489302364898     
   531.71387312219713     
   516.24066881108160     
   502.04715260147952     
   488.07481088357741     
   474.63816597648849     
   461.38891501286935     
   449.09619248069805     
   435.89040879678856     
   424.03909176816830     
   411.99793445949621     
   400.35307644558929     
   389.74880227578603     
   378.92548552350695     
   368.73330443743976     
   358.65929237514797     
   349.06060235884786     
   341.44084614225193     
   333.43356401138124     
   324.67526606828966     
   316.79397552706411     
   309.96151679646579     
   302.47610485220957     
   295.64533331498933     
   289.24454379954182     
   282.87164692049350     
   276.84240336160406     
   271.00593867196562     
   265.75051844350878     
   259.92944330117274     
   254.63199162471204     
   249.60175229676938     
   245.01628870196959     
   240.53055443797950     
   235.90239603921918     
   231.16010839103222     
   226.51808756728110     
   221.63657267540967     
   216.88230570943489     
   211.96767639746730     
   207.90451679301700     
   203.22422251367166     
   199.25535424290530     
   194.84061478498739     
   190.41614150747853     
   185.96573706510259     
   181.82747963938658     
   178.32361513208832     
   174.78021491986129     
   171.14274060372941     
   167.38845609465918     
   163.82909450532446     
   160.19783815065981     
   157.20064642444243     
   154.05282760205878     
   150.94078603115395     
   148.09188761672280     
   145.03609774330187     
   142.07296301655825     
   139.15939104268460     
   136.44386814909330     
   133.72768553012531     
   131.09314303727743     
   128.46827503962169     
   125.90248571030546     
   123.61777780109567     
   121.19933355185094     
   118.69268642050136     
   116.53461802306339     
   114.35677735574835     
   112.29511146907373     
   110.05038262120694     
   107.91522182884540     
   105.96599869447132     
   103.94422863331449     
   101.91612337430183     
   99.882341852794198     
   97.917490373452523     
   95.981884651115095     
   1016.0101913328010     
   984.44476679879244     
   956.08528246208925     
   923.45500350035763     
   891.68565294490509     
   861.89358366013232     
   834.43845334839511     
   809.51409789296736     
   786.04515617492984     
   763.15291673060165     
   742.49271938926768     
   721.71042816165516     
   703.28491074349131     
   684.47807947409035     
   666.17347837292596     
   648.99611297758850     
   630.92765609159210     
   614.06529308627933     
   598.43283643271297     
   582.58362079207416     
   567.09259053961682     
   551.19462848608487     
   534.09823027292214     
   518.67296216433579     
   503.46940290320833     
   488.84120676251405     
   474.04611176776325     
   460.11244704309320     
   447.81927764849866     
   434.59829758894841     
   423.31838440513496     
   411.95332750125766     
   400.67056691496492     
   389.76203299982831     
   379.89596698423293     
   370.36855809834367     
   361.36489377701128     
   352.05361112963374     
   343.16771568714927     
   334.46510999893030     
   326.63570576321814     
   318.99969024022835     
   310.94970116872327     
   303.14173156700906     
   296.71092305687989     
   290.23560048903812     
   283.58563521292012     
   278.19113798791864     
   272.54443775111912     
   266.78551243076328     
   261.06217191360480     
   255.44270415334339     
   250.33944451462168     
   246.32434171670215     
   241.43479511133003     
   236.35343583580897     
   231.68256374232945     
   226.73226096884076     
   222.01452025487779     
   217.21691029423596     
   212.78316966065620     
   208.21548927803570     
   203.34158568161794     
   198.89075049197504     
   194.23820453680563     
   190.09079460741685     
   185.85318930079688     
   182.15479798036117     
   178.00552919209321     
   174.44508356940207     
   170.92174576532992     
   167.07191922550263     
   163.76450607191461     
   160.53203430951476     
   157.07226630189800     
   153.68134674604644     
   150.67976536815232     
   147.58592554811349     
   144.61351432284877     
   141.51670225362460     
   138.65588794647323     
   135.95295828536075     
   133.32386097407337     
   130.77286126719486     
   128.42663409575673     
   126.05186674357752     
   123.64423987896515     
   121.08651214910103     
   118.79124318981407     
   116.53793877287090     
   114.23482074849196     
   111.96344524598467     
   109.76744633226988     
   107.58670602980456     
   105.57179835902895     
   103.49444361612846     
   101.39569294692707     
   99.432953514587410     
   97.448332520283770     
   95.577197735752364     
   1021.4673073055814     
   988.62283075322034     
   959.74998442032791     
   934.82839684847704     
   905.87268196067407     
   876.81118250190173     
   852.34723364995807     
   826.19610384656744     
   801.80622872739161     
   779.17378545480051     
   757.62923384264082     
   735.76631860083523     
   713.73035749513383     
   693.69920311872602     
   674.02217926434582     
   655.37841513345336     
   637.16814153375560     
   619.63307098507755     
   601.45529818881039     
   582.71099203257745     
   564.87703849375771     
   547.71515174227909     
   531.56314754588846     
   517.31413087574140     
   501.40892348717784     
   487.26772635446633     
   473.57835912194645     
   460.10373579823454     
   447.25578969222897     
   435.24406710483885     
   423.12739086153181     
   410.92377142936419     
   400.11300348842730     
   388.75912870373912     
   378.34087566262622     
   368.73790524455654     
   358.67670432829703     
   349.12425437231030     
   341.03747917422021     
   332.06503678059198     
   324.24228992626934     
   316.16026159694565     
   309.08753140728425     
   301.74281587137773     
   294.55010734762726     
   287.47814066396722     
   281.49544102993463     
   275.69717001341576     
   270.13984472283630     
   265.35950952746077     
   260.43265920528728     
   256.17743798454296     
   250.99270010667686     
   247.03534373781395     
   241.60455330542425     
   237.24317047998323     
   232.87590515474906     
   227.75993949016609     
   223.25801560310890     
   218.39724428346435     
   213.56901370885447     
   208.78134205008331     
   203.81160314487622     
   199.37980796241794     
   194.86562044837584     
   190.45522326933394     
   186.04939997244389     
   181.99227165850303     
   178.23964674842841     
   174.68324781453288     
   170.81453080176655     
   167.34478629344304     
   163.90186700142834     
   160.07030446225872     
   156.79805494976213     
   153.64774154203201     
   150.34255082655531     
   147.56348790249763     
   144.32207262301833     
   141.52905333533738     
   138.75907091482981     
   136.00996817964048     
   133.17887519218704     
   130.50811967410002     
   127.94659800194060     
   125.29072325075404     
   122.84822942932760     
   120.32788385147173     
   117.79423475279206     
   115.55545914321554     
   113.28731702571730     
   111.07064123542884     
   108.98187797911100     
   106.82562144948362     
   104.55815634987216     
   102.38415083704308     
   100.33323489612762     
   98.278146941885652     
   96.198702152620569     
   94.207661290934723     
   1027.9700707199677     
   997.24163397910593     
   968.00431352907265     
   937.70861659414686     
   912.14364063006792     
   886.77619757319235     
   862.52926067967451     
   838.81999443707628     
   814.10379750420157     
   789.00028818871044     
   766.98363696057299     
   745.21366158002809     
   722.61669164522027     
   702.15023120292767     
   681.29962833444426     
   662.79642926514396     
   642.31560908743063     
   621.20005208245402     
   601.39652680286179     
   583.09154430293984     
   565.84285523076710     
   548.11644741288637     
   532.05896774787698     
   515.63565350833881     
   499.69340682084783     
   484.92613951921533     
   471.12935176577668     
   457.43508294909412     
   444.48105247892181     
   431.29197083832952     
   418.46103472600140     
   406.41263279277638     
   396.48723283989978     
   386.62249625710456     
   375.92592984254384     
   366.78674120444964     
   358.14358633294927     
   349.64340296722770     
   341.19242215983161     
   332.90839075846770     
   325.04651395181605     
   317.11134136837552     
   310.00003890768102     
   303.27794772220278     
   297.06986547268042     
   289.75178683487320     
   283.51986797918846     
   277.60639084730946     
   272.26793054399229     
   266.47718826732523     
   261.03943982802002     
   256.47880128171522     
   250.73381465707325     
   247.14953671750757     
   242.61888992288877     
   238.46847325110539     
   233.66164323780802     
   228.86265309782496     
   224.25939084160782     
   219.58370777302545     
   214.35774996657648     
   209.28501161733317     
   204.23720293772391     
   199.75838872443023     
   195.55871860417523     
   190.93758541626315     
   186.67855353876976     
   182.47536246825501     
   179.12687689573991     
   174.93268911782340     
   171.24741652063048     
   167.77291096860424     
   164.11666134936456     
   160.42603301066947     
   157.00264744963258     
   153.87974952904915     
   150.60863996616828     
   147.41833179950223     
   144.67126267830730     
   141.55210270262160     
   138.46273492316575     
   135.68998689639020     
   132.70667123358126     
   130.09749049151509     
   127.52340191546449     
   124.91687930269677     
   122.31124197891376     
   119.74594986524289     
   117.16514694238228     
   114.70117485960509     
   112.28655861481246     
   110.00449811308937     
   107.78695657409197     
   105.36631805231387     
   103.26263900354205     
   101.08879285339268     
   98.977902531993067     
   96.985056590819255     
   94.873856663331424     
   92.874626282863773     
   1030.9973929813900     
   996.46937046906748     
   965.60655342546897     
   940.62751495434475     
   917.80361856706349     
   894.05713926163924     
   871.21399840928416     
   845.90432499930398     
   817.79950720426746     
   794.80843347268956     
   771.80357819702363     
   749.26745325534353     
   729.45035622134412     
   708.34800437425019     
   686.42696887941406     
   663.62226637404137     
   643.53278987144984     
   624.22304496633899     
   603.47614570003702     
   582.86754588657288     
   561.88754552165699     
   544.73667705047842     
   527.95951032327230     
   512.12284996434005     
   496.50796348465633     
   481.51042773229545     
   466.37678319286141     
   453.46349980915664     
   440.57788520593488     
   429.57402770439603     
   418.51819449808295     
   407.76880544047947     
   397.92646010314718     
   387.68436851656907     
   377.35458327871760     
   367.44979924079962     
   358.12880614252504     
   349.47071274228199     
   340.96629941781214     
   332.55249621156196     
   323.78140855273620     
   316.46074724457128     
   309.60525331738467     
   302.60650956413292     
   296.37125159048685     
   290.16226042711014     
   284.18832142408610     
   277.47752829559869     
   271.78000631270265     
   265.94859177928186     
   260.90841134310233     
   256.24921490883963     
   251.21475701695266     
   247.92654098210494     
   242.62641942704354     
   238.42089229160825     
   233.68330732769579     
   228.05113671745374     
   223.63215232149065     
   219.59626125894002     
   213.73873318741988     
   208.38545773427592     
   204.02388443438159     
   199.34886549024759     
   194.48686763841940     
   189.95885283667911     
   185.99431246154862     
   181.65225488680147     
   177.86377079691266     
   174.06358354894707     
   170.10887700717018     
   166.77359873882594     
   163.39691249859212     
   159.90406587178185     
   156.25927799151316     
   152.98604794289875     
   149.70879744759029     
   146.26831096914083     
   142.93480175560973     
   139.56591806625954     
   136.77278759310451     
   133.79880587847825     
   130.87000985615467     
   127.93112128591605     
   125.26759471213278     
   122.58155580663043     
   119.93249986778835     
   117.08171057452525     
   114.62619509692784     
   112.36475931007256     
   109.88012914217695     
   107.53698029401595     
   105.09306319526534     
   102.89559837512994     
   100.60489076230220     
   98.287656920365734     
   96.022486953048542     
   93.911196086186308     
   91.777138540800237     
   89.738130749743775     
   1033.9760873405701     
   999.32741388308671     
   970.54488206812584     
   943.51532538798847     
   919.23512195877936     
   894.67317719925722     
   871.09787218273539     
   847.13937323987227     
   824.56393788699961     
   802.33019224307463     
   774.57794451651171     
   754.67672203469647     
   732.30981933381690     
   709.77298823402975     
   686.55599479994544     
   663.41001057263281     
   639.44911950979781     
   615.92389246051039     
   595.26315531445903     
   575.88200005074714     
   558.42978233166241     
   540.76724307335598     
   524.24475725445291     
   508.19833314690175     
   494.26799947936519     
   479.81873910841296     
   466.07699867581573     
   453.00039576606281     
   441.17721617984262     
   428.91046937501380     
   417.34454789778056     
   405.85773445230762     
   394.22534895765290     
   384.17665954854101     
   374.84670503458244     
   365.60178591396340     
   355.91937950441610     
   346.61372391850455     
   338.38701853265832     
   329.72596195077932     
   321.94333082937919     
   314.98890315155160     
   308.02854838898548     
   301.15704108833063     
   294.05655101614548     
   287.55690230334716     
   281.70471078835175     
   276.13311809742783     
   270.39385077541550     
   265.17088205830453     
   260.50137963231651     
   256.11084551003864     
   251.45584864822516     
   248.15014259320031     
   243.60600177300256     
   238.83172186595107     
   234.06613615241281     
   229.30856825628868     
   225.16806716140337     
   219.97229939398136     
   214.66728467047514     
   209.32508060903234     
   204.50192937827308     
   199.41389506697180     
   195.14974625100186     
   189.99093964048618     
   185.64256863814197     
   181.16480527849501     
   176.93389364905704     
   173.07684176849233     
   169.38285384158041     
   165.17088833673608     
   161.40518280444900     
   157.42085247256566     
   153.87758106087233     
   150.71122238442456     
   147.26427605068571     
   143.71596282597409     
   140.41932141433398     
   137.28103444297466     
   134.17560561071241     
   131.04062387154073     
   127.93257345613563     
   125.08710833641661     
   122.31655898115059     
   119.62594690744969     
   116.96404324008338     
   114.23572602137476     
   111.50512014831938     
   108.87543331861322     
   106.35373664585930     
   103.82127717554216     
   101.29745359413857     
   98.815268137428333     
   96.568053641606070     
   94.139621086700799     
   92.106635470759102     
   89.745617753195887     
   87.559031390708284     
   85.330935716063095     
   1043.6298004813302     
   1005.6362539644404     
   974.30510093543080     
   949.59422452559329     
   924.35005524007090     
   900.74550718859405     
   875.54015549100495     
   851.52508571223098     
   827.73920947563602     
   803.50942141156315     
   781.34542883216398     
   758.18618801943762     
   730.98679910829821     
   705.06841395702816     
   680.54670516304600     
   658.07448037901486     
   636.25686477614090     
   614.57082643160459     
   595.01089579525819     
   575.65291924449878     
   556.74200324321566     
   540.22109153630777     
   523.95922194925288     
   509.29682499602524     
   493.77846379413916     
   480.03165979981151     
   467.07979243543446     
   452.64162288771399     
   439.70387978448218     
   426.50037798504832     
   414.65437908706201     
   403.04032911698619     
   393.25923716189612     
   383.02648725965366     
   372.65003771340821     
   362.85914406094565     
   354.20936908827264     
   345.23048919282672     
   336.50818528641963     
   328.75130527376950     
   320.93229799526472     
   313.43296000699928     
   306.47786344626127     
   299.41741328434750     
   293.49993531361963     
   287.14180277454147     
   280.59748037876102     
   274.95681721917310     
   269.55725628359352     
   263.85286131633484     
   259.17662329565650     
   254.39451425334275     
   250.48582475416589     
   246.65446486774394     
   242.23816877828602     
   238.21938021508393     
   234.17463869599493     
   229.12273051379879     
   224.74374513614163     
   218.48535438094478     
   213.11496853159477     
   207.61543943552553     
   202.31127063061274     
   197.23620386985726     
   191.89235811757555     
   187.36112862274786     
   182.59361876594710     
   178.25763222068002     
   173.80759642134734     
   169.82055640905560     
   165.72198136309819     
   161.28072021228968     
   157.59367218845946     
   153.47375414051297     
   149.80014264176324     
   146.15660017379622     
   142.50475947489292     
   139.15596710009353     
   135.38517346496531     
   132.30340260221536     
   129.24546372300463     
   125.79364834889616     
   122.58966901209629     
   119.35551091443743     
   116.62685353487846     
   113.98867214251653     
   111.18135716314944     
   108.19335980277108     
   105.44415817230306     
   102.84305632265134     
   100.11589667167638     
   97.382094150405948     
   94.790720534880023     
   92.492526258641618     
   90.190299518010562     
   87.913499553376752     
   85.638523228871335     
   83.479095394401014     
   81.161868067652804     
   78.879433935902924     
   1045.7758626917885     
   1008.8266756998562     
   980.33526719216684     
   950.79949760942145     
   923.72094087381038     
   897.71869978213317     
   871.90855665368758     
   849.14413091270103     
   826.83648110170225     
   803.85062722964039     
   777.41278502830983     
   751.59947528530927     
   727.10027200053332     
   702.83540830830771     
   677.88463615722549     
   652.04100142699053     
   629.63110469679373     
   609.24041757579516     
   589.06325952957468     
   570.35985933658924     
   552.98820921159131     
   536.17329812560808     
   521.25756772472459     
   506.06348468763650     
   491.67013681941501     
   477.58891741502839     
   464.04243120986371     
   451.71678689452540     
   438.39900482700114     
   427.07449595648831     
   416.36567342993669     
   406.03603975363347     
   395.39852633433139     
   385.47230626634405     
   376.24228817090938     
   367.00902854641947     
   357.68341799041502     
   349.73729504617484     
   340.77220456950243     
   332.29817751593680     
   324.39444665472325     
   316.82659615903907     
   309.22321500459486     
   301.97884332498080     
   295.01575548490450     
   288.41812884580770     
   282.37242357919848     
   276.67614215220414     
   270.78036432836655     
   266.18847667262474     
   260.58693209055571     
   256.43225524981767     
   252.18775654415398     
   248.10012106923185     
   244.35298810006262     
   240.48820059824840     
   236.91853421820053     
   231.25929804143811     
   225.58442244300917     
   219.16105404871143     
   212.47734788525821     
   206.23843641120425     
   200.82335526413604     
   195.24277180820258     
   189.67243437982137     
   184.77555911120723     
   179.94849531264089     
   174.64579693795332     
   169.97047815367824     
   165.42209683493439     
   161.20656308932317     
   156.07801592274464     
   151.98933983953455     
   148.00931430584208     
   144.26271705312070     
   140.32072985668810     
   136.59247806551761     
   132.92789037276071     
   129.30560947423896     
   125.76273523081876     
   122.49301592621735     
   119.02670981921305     
   115.61715094436917     
   112.35640445433680     
   109.15126345884863     
   106.65302487421198     
   104.11634628298124     
   101.10568580784113     
   98.229534213658553     
   95.412332062296358     
   92.854904894030241     
   90.379769626553525     
   87.816148554499492     
   85.308606663805193     
   82.915724261607295     
   80.757474957435321     
   78.470495383698534     
   76.206335602620470     
   74.087944481000562     
   71.639264697312939     
   1051.7020729931235     
   1011.9237345555409     
   981.35912666287550     
   952.56441925556544     
   924.60137548657303     
   897.33426387895861     
   874.19976427882239     
   850.95662267748378     
   824.35933235445964     
   797.76463491763752     
   772.16080256573616     
   747.34299847141449     
   721.01826855133027     
   695.99536048731488     
   671.46358760672649     
   650.29170401885062     
   627.51649471244900     
   606.47750766467891     
   586.61006670109123     
   567.63927304432013     
   550.63474128083715     
   534.85938074042247     
   518.73447218041224     
   503.26105751393476     
   489.29159900432467     
   475.00942157499514     
   461.19940474189349     
   448.37420809653452     
   436.67781392871672     
   424.42397943897055     
   413.69807318902724     
   402.63073803141179     
   392.16245326109754     
   382.83880621902171     
   373.08184910810758     
   364.43409159466148     
   355.48303796139123     
   347.45757276037699     
   338.76563974639578     
   331.02321077128141     
   323.62412688358489     
   316.05326494652377     
   308.84991139965382     
   302.06719425333017     
   295.57346444847201     
   290.05393468471868     
   283.63426417146457     
   278.08743146836287     
   272.13899943031481     
   267.10997283948848     
   262.62483187022013     
   257.80197279357594     
   253.45730750965922     
   249.39465728140601     
   245.87377666649451     
   242.20129023033672     
   238.25597450720568     
   232.24287394536037     
   225.95314396249850     
   217.98414820847654     
   211.17896529670617     
   203.79475287449932     
   198.10127908883533     
   191.73324429338291     
   185.68221800141265     
   179.75428857953057     
   174.25970229867482     
   168.84620784214201     
   164.10198963241402     
   159.23080516127669     
   154.73905889142506     
   150.05885969203047     
   145.33791142023099     
   140.61213615108622     
   136.41688550516542     
   131.99318205849954     
   127.96859724815462     
   124.06020821779239     
   120.28657341407676     
   116.66520805890848     
   113.55379373935585     
   109.91540889577018     
   106.24816068520292     
   103.02578452186958     
   99.862651314448243     
   96.917754079822970     
   94.006610446915161     
   91.574242735058164     
   88.719059468732567     
   86.411537939041878     
   83.558185103209752     
   81.077073386876179     
   78.848707968106396     
   76.780459548625316     
   74.159634073636610     
   71.921798830420883     
   69.507038001195085     
   67.834500748284199     
   65.502401006065043     
   63.325680732180857     
   1056.2486025032524     
   1017.2790967325923     
   988.18752519001691     
   958.62004599918760     
   930.41298745893437     
   900.35995310883811     
   872.38130640390023     
   839.63063495438109     
   812.01163794245861     
   783.37771200479597     
   759.02668391420627     
   734.58993399355927     
   711.69995264624788     
   691.20313044683667     
   670.36084465355179     
   647.29349185042486     
   624.50731460148154     
   604.14496028675239     
   584.23777506639181     
   566.03147362578773     
   549.17250219713401     
   532.45522400857271     
   516.93523388224378     
   500.80879926525381     
   486.95636888905619     
   474.10694575602889     
   461.04692420501368     
   447.99262765022297     
   435.46718991380874     
   423.91621094415098     
   412.26163208566084     
   401.76937379191537     
   391.28660928758143     
   381.43563879297307     
   371.34982600038597     
   361.41279827440587     
   352.19745583853853     
   343.53255942827997     
   335.31777357032519     
   327.63720809435995     
   319.57453691020015     
   312.27743963163141     
   305.08040463297414     
   298.11574146946441     
   291.89773336286794     
   284.90907953988398     
   278.90521984181805     
   273.77858917265746     
   269.09139513426919     
   264.16249612562558     
   258.72997398253574     
   254.19144841259734     
   250.57355491338507     
   248.02098475431507     
   244.00437080580460     
   242.56165233299114     
   237.76733521834052     
   231.37475957101466     
   222.72874098546365     
   213.75837873979111     
   205.86744936888351     
   197.39055999714390     
   190.50669426154312     
   183.94998618994850     
   177.01477078912649     
   170.36281585953631     
   164.14169784849372     
   158.13850542631360     
   153.43011317293664     
   148.13865301271630     
   143.02493471312934     
   138.25842209839243     
   132.96718730772062     
   128.64422223672474     
   124.21470409579339     
   119.82547974144826     
   115.70959527055268     
   111.98288394113791     
   108.40997031916085     
   104.70767086684660     
   101.38256580173557     
   97.673693431752611     
   95.424967734931926     
   92.062038616083456     
   89.449427288909334     
   86.046207459428629     
   83.581077458388336     
   81.209087663909543     
   78.996156429274066     
   76.700586950350697     
   74.401739036053812     
   72.165167618238243     
   70.256395663878891     
   68.162291562203578     
   66.446990925019477     
   64.578873080222792     
   62.371830962242598     
   60.852468699211698     
   59.429419035563107     
   56.921026657150037     
   1058.0192833988265     
   1021.3953186586347     
   991.63382186274680     
   961.40102149935296     
   929.52271950020827     
   898.02460518164071     
   864.72507959633219     
   831.81513496887374     
   797.64641345955101     
   771.23278152348814     
   744.43978373048947     
   721.95242827980178     
   700.16897636903718     
   675.47417033084821     
   655.88883544995508     
   635.21247824900775     
   612.18857293604390     
   592.69758450604172     
   574.01504114138902     
   557.35248764108394     
   540.04183247427898     
   523.57302197584829     
   508.59442631388686     
   495.15514104821796     
   481.62438828458426     
   467.95586772839238     
   455.29641572119522     
   443.49504819200757     
   430.99219070951517     
   420.67323771742548     
   409.96910041401048     
   399.09852868805547     
   389.52026736929531     
   379.17867047547696     
   369.61603576436244     
   361.44690663502581     
   352.41440881727056     
   343.64999262817554     
   334.50526948422669     
   327.13696900560990     
   320.23925345020132     
   312.95245480247695     
   305.57864341950767     
   298.17838184519695     
   292.59502161700675     
   286.55830789968383     
   280.10819539752066     
   274.36406938598401     
   268.82445905902432     
   263.00041856152609     
   258.19371291583411     
   254.19508759281618     
   250.13527497685800     
   247.36995868060447     
   245.47911158630197     
   242.62306005607698     
   238.39885976976871     
   228.94599528505483     
   218.79895869989497     
   208.84991674682624     
   199.60223207684325     
   190.13799007208422     
   181.36077506882052     
   173.50629656448803     
   164.79917220556183     
   158.80414130806170     
   151.33522048453639     
   145.72698373053208     
   139.67575163623127     
   133.61587829825396     
   129.07837180178021     
   124.32259293492200     
   119.82942086780504     
   115.81940400634006     
   111.62075581701070     
   107.81863816457799     
   104.34700010469270     
   100.05195235990371     
   96.542359852202409     
   94.089426180564487     
   90.091181490785743     
   86.323079990106720     
   84.069136230040911     
   82.631986914834897     
   79.743163726804113     
   76.716162984792035     
   74.648444113713026     
   71.976032802682965     
   70.249662185761963     
   69.380061411942904     
   67.118914134750341     
   65.550313874842757     
   63.732870508749016     
   62.652471486391939     
   60.367201652483928     
   58.901694026542359     
   56.896025084808144     
   55.761222329624033     
   53.927970914101429     
   52.248889351641125     
   1066.1383324842946     
   1028.6120107749846     
   995.19756609225522     
   958.33845335410592     
   922.95987252323880     
   884.61243561452000     
   846.89153095429970     
   813.25405659626722     
   783.56340647826096     
   758.05419480788862     
   730.86794022638037     
   705.18202349026819     
   681.50766350650679     
   660.17473536110435     
   639.44782269468169     
   614.02161466142786     
   593.69190901602258     
   574.55750276447316     
   558.69010567527630     
   542.10043468340177     
   526.00367303576093     
   511.37100697809387     
   498.21737082953723     
   483.92375108706841     
   471.20209835738120     
   459.37838245569355     
   447.20606519808632     
   435.86360391942338     
   424.49141028752331     
   413.35454663360491     
   401.91894180975993     
   391.77703184250248     
   382.22622369791264     
   371.68670735683816     
   363.37984313612372     
   353.92892929515779     
   345.86658198531836     
   337.37196434223301     
   329.97443006563913     
   322.05073330543865     
   314.77129445406956     
   308.48178334895158     
   302.17338513716027     
   295.93531456238162     
   289.58507698513785     
   283.22575857115015     
   277.61388013361096     
   272.37666960380494     
   267.78921923955812     
   262.87318790228346     
   257.76193714109513     
   253.44066261533612     
   249.61045758626233     
   247.03778570176985     
   245.82290438354175     
   242.82206285577124     
   233.64078844872080     
   223.10196624920110     
   210.73117810012971     
   199.01029117037430     
   186.63485185128300     
   177.13631829939069     
   167.29269197312399     
   158.88454980653810     
   150.21661838668177     
   143.67764191550506     
   136.10571962692808     
   129.98102236650499     
   125.63238295482152     
   119.46494988678232     
   115.08541257367172     
   111.26192278851150     
   106.30659635409822     
   103.61768382142382     
   99.687345176016095     
   97.564401464659042     
   93.588018554471688     
   90.711333746159127     
   87.108463377337458     
   85.536261709010503     
   82.060667634819069     
   80.820392797205855     
   78.688283063894545     
   76.814610020026493     
   74.529362247862693     
   72.538176847622822     
   70.445641113156924     
   68.221458114314373     
   65.947545896315432     
   65.332716607409310     
   63.670449154004785     
   61.313413903362949     
   59.499525846531938     
   58.886362773623524     
   57.161933085346682     
   55.942127094628688     
   54.424126994612351     
   53.535849400332623     
   51.797003706168724     
   49.711320348811903     
   1072.9751159483819     
   1035.3452663051542     
   996.26415863873945     
   949.41699712726108     
   902.84953318845578     
   859.29808443848856     
   821.38838837251114     
   791.59983180543043     
   760.81155278433812     
   732.72691457491283     
   709.82948513222561     
   689.10679101988035     
   665.42225509497871     
   640.18917854296171     
   618.87529497591402     
   594.85573936615026     
   572.16479695240128     
   552.33860947954474     
   536.83053534761905     
   522.86651116053167     
   511.23253720753149     
   500.77852412352320     
   487.68825235281912     
   475.11801931794241     
   463.60392787973791     
   451.64580439593107     
   438.74577830694079     
   426.93765334080842     
   415.02404502294075     
   405.19506235744677     
   395.54819422309095     
   385.02849425871239     
   376.50852072414403     
   367.66365844113363     
   358.35567519089051     
   349.76366728754277     
   342.19265340790980     
   334.28614157151230     
   326.67824247211922     
   318.90452221406611     
   311.20376422885067     
   304.67273258956953     
   297.71995600014168     
   290.54144971151896     
   284.90013688071463     
   279.26503228039189     
   273.04852509537039     
   267.66127445671651     
   262.31216442143983     
   257.25099786234222     
   253.19437011966733     
   248.90192635238500     
   244.84354121111949     
   243.45657188954124     
   242.87504758500503     
   242.09270123489500     
   229.77171545950307     
   213.90614301956768     
   200.34820484949711     
   185.29430266956115     
   173.08038225612123     
   161.91677976088982     
   153.62596898597920     
   144.83793027057206     
   137.86830945171715     
   132.56679106382032     
   125.89192396442121     
   120.12142415125898     
   114.55054434353703     
   111.11548228776633     
   107.56329667927582     
   103.77495608470352     
   99.896264227744254     
   96.214732285818883     
   94.095208778940744     
   91.408979437012505     
   88.572250871494973     
   86.243459541345686     
   83.989638920424568     
   80.960592335929363     
   79.078083268519478     
   76.921046658718524     
   75.370518385859157     
   73.718436985597435     
   72.261396530176341     
   69.463905606124570     
   68.090888342272038     
   65.730236684328531     
   64.345608456262454     
   63.107054314118436     
   61.633171385690716     
   60.425633147978552     
   58.914580212658997     
   58.010152020457753     
   55.533132430367786     
   53.300600546371541     
   52.527875534885084     
   51.010034224074353     
   49.687469732614204     
   48.261058557804738     
   1084.7381561827674     
   1039.4302424401128     
   982.43193204756199     
   925.39520078720830     
   875.59963497807848     
   829.42582944714150     
   793.12523968318897     
   759.89628612040451     
   730.44824079276884     
   706.82972967004866     
   680.16621488418366     
   654.88459890266529     
   630.07542622941946     
   606.50650282635070     
   583.33619212971246     
   552.85381723685271     
   524.13840648438122     
   512.47910078600785     
   503.38768131957539     
   494.07308621364336     
   484.97314838638601     
   472.87177150195441     
   462.59245634753222     
   452.81484334529489     
   442.28559433507422     
   433.89432723862893     
   424.59912835870341     
   415.18170892741836     
   404.64939028257436     
   395.90222663631243     
   386.98864170873344     
   378.35671637881717     
   369.00536048699536     
   360.60777787753949     
   352.05333387850794     
   343.23094286770464     
   335.95824366267180     
   327.66033950215808     
   320.59814401681609     
   312.81864789883548     
   305.62752469996610     
   299.47562904259746     
   292.35821034367291     
   286.13213747213138     
   280.98860609831672     
   275.87025936218839     
   269.89148091381469     
   264.14833875327116     
   259.39265294229779     
   255.49712160598384     
   250.62309742790416     
   246.98906690850748     
   243.48558993023727     
   241.69125554712701     
   242.77953116666117     
   242.34228020385069     
   226.07515422292386     
   206.91021177387375     
   191.91127204584203     
   176.50906553511936     
   163.99820223383523     
   153.55515948343640     
   144.29588385065625     
   135.34975741178141     
   128.74440942611380     
   124.80697512297451     
   119.29676655061097     
   112.64664426744746     
   109.15875121917799     
   105.02611491724512     
   102.42002429407734     
   99.662619455296451     
   95.402180901051707     
   91.649662177400131     
   90.572250863138692     
   87.351245674511972     
   86.024082644329596     
   83.726162288194502     
   81.909748034504062     
   78.909244623221198     
   76.779582556695104     
   74.807197770645615     
   73.091038468877485     
   71.560418337498817     
   70.162292983205404     
   68.655243316674273     
   65.975844785123172     
   64.216297421359471     
   63.005109510372350     
   60.850190535421632     
   59.960120110060402     
   59.306442028282326     
   57.591421852798533     
   56.534945913062131     
   54.755610338087223     
   52.654684207993228     
   51.057556319430844     
   49.930193611488448     
   48.747604483491962     
   46.522482950505442     
   1095.7656820623706     
   1034.5562773141924     
   957.09394807388071     
   886.69483580175779     
   830.24865452065956     
   785.40253687942186     
   750.84636056850070     
   717.39899074136440     
   685.35355103032100     
   659.15778991748482     
   632.65341562387960     
   608.78345145977983     
   583.42679135355536     
   555.44245403447326     
   535.66193427789824     
   500.09672701645900     
   464.33954521816219     
   457.33190545382206     
   452.23382478092742     
   448.84451599402723     
   444.99969825692574     
   439.46118402392619     
   434.44039348769940     
   427.11452170477088     
   418.52132681762856     
   410.37378113138971     
   401.75675455594256     
   393.20171697987246     
   386.28230078450144     
   379.47010456483156     
   370.80948644954378     
   362.71223673487538     
   355.43611138715926     
   346.38361345332260     
   339.03004422432412     
   331.78227686579288     
   325.17384922883360     
   318.30367331377937     
   310.75230774110588     
   303.61930159348941     
   296.90437042670760     
   290.05959295445734     
   284.45089982692002     
   279.36928183948612     
   273.12511820895986     
   267.40203558745742     
   262.52629527332584     
   257.17742606263818     
   253.12837097536220     
   248.12123819244962     
   245.06068435112326     
   241.20432700427176     
   237.98404871711887     
   235.69840132376012     
   238.47544436460291     
   240.07022747680685     
   220.67397120426523     
   201.63237528078656     
   185.43474045720257     
   168.73787256103270     
   156.86859400702266     
   147.52502160941953     
   139.30628934580426     
   130.86210495798289     
   122.44256214289126     
   120.17015593588090     
   114.87970009214146     
   110.59922497162093     
   105.64413480791123     
   101.14946151228466     
   99.364220886542398     
   97.252378978707725     
   92.902995180826949     
   90.589701873207659     
   88.493877376600153     
   85.103677467808382     
   82.841115041612085     
   81.542595190900713     
   78.519698943740224     
   76.946227899452083     
   76.192333391335524     
   74.068890474401542     
   69.502569846431101     
   69.493326047200739     
   67.148640852061021     
   68.071268696133913     
   65.794189033932440     
   62.460093354193440     
   61.836662156827906     
   60.183166813277843     
   58.527341055425538     
   56.428564668364274     
   56.094014171875479     
   54.750112540288299     
   53.148825233741782     
   51.555769453157581     
   49.950271046726563     
   48.900243488128623     
   47.289400429839183     
   45.823040300601534     
   1106.0863470689374     
   1014.7399713051698     
   914.04146642640308     
   835.63293740218455     
   771.19562180506341     
   728.18914642351740     
   690.01187636145937     
   655.65202700326176     
   622.73681071271324     
   595.64593301107982     
   572.68448181960423     
   549.14718812892011     
   524.36683816711115     
   497.43183237409681     
   470.63868210998811     
   430.16376760550725     
   384.96674089174036     
   386.71714869850928     
   391.58552739821010     
   393.58610624385551     
   392.11554003417655     
   393.69944319685624     
   390.41923667603845     
   390.67984639358571     
   387.18967251270431     
   382.19481592042678     
   376.50885786956076     
   372.22791299932425     
   363.77756692481842     
   355.23029815686107     
   349.41141643044853     
   342.80951609014522     
   337.33318839475521     
   330.62568780046803     
   325.30407108185170     
   318.66066936569035     
   311.69888618417451     
   305.45672360743157     
   297.65559482601827     
   290.79370020501182     
   284.75900765438462     
   279.25221782132530     
   273.24111661418601     
   267.96989920702009     
   262.40395750025141     
   256.94927647558978     
   252.05764708103254     
   248.11963366389551     
   243.51382142421321     
   240.32236988651158     
   235.34416049203509     
   232.64026726586999     
   229.88137340042326     
   230.24395357216335     
   233.50122267388105     
   236.79776185155106     
   215.57523220666542     
   195.28648280273882     
   179.26504264051789     
   166.40810050271500     
   154.01061874996725     
   143.78645610938420     
   136.97920557841024     
   130.40340806648149     
   120.89740772193973     
   116.96358474225107     
   112.39850911861062     
   107.94374238584007     
   104.30949507322150     
   99.895460933659649     
   96.470161287640565     
   93.347825132510408     
   91.949101891685231     
   88.668401264646263     
   85.776885334810416     
   82.218327996810288     
   81.777016767589217     
   79.428355252749327     
   77.924202274225465     
   74.875845252381794     
   73.931916839459248     
   71.197361987348685     
   68.781915605719675     
   68.598261622150517     
   66.089586364631117     
   65.274215786506744     
   63.290284686588706     
   61.900119636728498     
   60.348554157097539     
   59.904010416734728     
   57.355935567020971     
   55.574876407306704     
   55.056205678547855     
   53.798680901039518     
   51.812827001590776     
   50.435064373186535     
   49.716684295134613     
   48.253349681678984     
   45.403778358740333     
   43.606132680583002     
   1124.5108949059243     
   981.55873962047326     
   854.14414365055723     
   768.57643004935926     
   710.13540093692268     
   667.18407555804288     
   625.91488212753529     
   591.98961335984586     
   561.12234051778023     
   535.26994831886293     
   520.78679613486997     
   492.54276394908447     
   469.25374646945676     
   442.62484621470873     
   420.13754694059315     
   370.59810867763804     
   309.71431889285572     
   309.98120259577416     
   316.53113735276247     
   324.80835277107508     
   334.59722460997574     
   337.88237089933136     
   339.74948774822525     
   341.74990962675838     
   341.86076895367273     
   341.49412807352229     
   341.96035043060652     
   339.80128873154916     
   337.68537476629604     
   332.68793852637788     
   329.15722549327143     
   323.77150730667330     
   318.10552596642981     
   311.50918598868850     
   305.69350444275517     
   300.22896409170403     
   293.48741806428899     
   287.18703342142408     
   280.99844128209202     
   276.62644734244475     
   272.13781775070800     
   266.15105259830784     
   261.36761791338790     
   256.28255857535066     
   251.80624382173130     
   246.57307279527208     
   242.35602820424944     
   238.60710625950256     
   235.12162384927490     
   232.48475127755816     
   227.73789587709649     
   224.69409717449190     
   223.27317792233208     
   222.82084409375429     
   226.57991625813264     
   232.77698992143999     
   211.19960915983830     
   191.34134566798971     
   176.48106393560948     
   165.27985093155183     
   151.07098617694822     
   141.79934096017485     
   135.27997159663471     
   127.72221852176679     
   119.67830386587194     
   115.49139841424486     
   110.39129043522273     
   105.13772927741377     
   102.19586333667027     
   98.606982013734836     
   94.419280683976595     
   92.378127580503303     
   90.590882831776497     
   87.937258977851286     
   83.542895941150348     
   81.723710824073436     
   79.299198122440345     
   78.365381559701945     
   76.134250366446821     
   73.875021606114117     
   72.264789275830069     
   69.586036064006777     
   68.222672257919754     
   65.769782568395016     
   64.900347511305469     
   63.946597929607350     
   61.730343528492455     
   60.884305256404559     
   59.776011807271509     
   58.576193421726799     
   56.842590110919346     
   55.267215322660064     
   55.135026365095669     
   53.706051091226072     
   51.309218201368779     
   49.138223248538608     
   47.407404266011028     
   46.350057733960398     
   44.936574180360580     
   43.051151327848217     
   1146.7542446667399     
   951.36704871831466     
   809.66684021472770     
   722.01700898402373     
   663.46159201608737     
   621.86898279119987     
   585.75798900315237     
   556.98356328355226     
   526.17058054508584     
   504.10674993234500     
   492.53148184007836     
   467.74254360938198     
   449.24816715903711     
   426.62369644696821     
   400.10140864139282     
   344.21433269649765     
   274.62666046656796     
   259.68677774272885     
   262.69640834637357     
   268.49960092923891     
   280.72278617391231     
   286.25931507466248     
   293.20696540700720     
   297.12972436362247     
   300.85475205020100     
   302.40270137139555     
   301.42347590910788     
   298.01346619054050     
   297.61321935377811     
   299.33463152539389     
   298.06773678947434     
   294.98321308222864     
   291.79820688816540     
   288.25343915309588     
   284.75688575734478     
   279.86990902374737     
   275.52693334237148     
   269.98980224296338     
   264.96692165446700     
   260.85375684658254     
   257.17364515767025     
   251.88071956440433     
   246.50070800823505     
   241.45145913536129     
   237.64802764457107     
   232.80753117342363     
   230.89413201972425     
   226.94667643319380     
   223.82273446650817     
   220.46145962472283     
   217.57123836653224     
   215.66053979130493     
   214.66736960839074     
   214.98900012233412     
   219.44114413803788     
   225.72834746659871     
   205.89380133515417     
   188.18287001501932     
   173.30333730527059     
   164.10999185442321     
   149.88891427550894     
   138.13696501166638     
   134.19831025172155     
   127.96929577872626     
   119.99536720982572     
   113.52261701027055     
   109.57009495270887     
   104.22693014182904     
   100.38872594739827     
   96.592304042073920     
   91.675637690602457     
   89.999679471225519     
   88.693456290455202     
   86.564134259770569     
   82.567900208985563     
   81.952544385259728     
   78.601317836014360     
   78.079846651021924     
   74.080940664809475     
   72.349909053784017     
   71.302975624661613     
   70.039560080930471     
   67.588749140204982     
   65.284746998122884     
   64.514622596040667     
   62.450456154221499     
   61.478201193070916     
   59.677452984084759     
   58.874879213959069     
   57.835722784300785     
   55.995618143431415     
   54.256603538873520     
   54.102252486756242     
   52.539798760302453     
   50.626527925095864     
   48.629080944205732     
   46.384662677038889     
   45.048018420509635     
   43.525672738817484     
   41.523871957133075     
   1179.2622860911542     
   953.99637167932042     
   807.52711283794201     
   709.32612372318340     
   650.92133010529540     
   609.58270280218687     
   566.23054964781045     
   548.12734880307664     
   520.13829843243889     
   495.48825105115753     
   478.70575356446119     
   458.73568251206746     
   448.49632018049800     
   417.18773433840772     
   390.48813174422810     
   325.10121959101110     
   255.02265171578080     
   249.56055119072533     
   245.80002468840317     
   236.97060344432467     
   240.69253394712925     
   243.30801372529123     
   251.40947795825016     
   253.61362362435966     
   260.32427121209383     
   265.39150928439773     
   268.13462949009141     
   269.11885782926294     
   266.77099096644474     
   263.01979728199348     
   263.86008432907693     
   260.27417222262085     
   257.10441736500650     
   257.63307068300986     
   255.91787180607795     
   254.14648073594958     
   250.79343728461873     
   247.14629673001906     
   242.55696330613949     
   240.42941331161444     
   235.78782442112421     
   232.14253008548118     
   230.15896737768205     
   226.33471785179694     
   223.09571244232910     
   219.03265861900792     
   216.76852859115067     
   211.23676353551281     
   209.29168381445820     
   207.19814950702104     
   204.06714295592352     
   203.55414498462000     
   204.38146028877043     
   206.13437925893584     
   212.29186583875148     
   217.87332980561825     
   200.11720082837545     
   185.66364382328348     
   171.36522625862938     
   160.88275454320822     
   148.93433615431667     
   137.45836334468709     
   133.24903297275375     
   126.64685760967269     
   119.15889998724009     
   113.20657054490151     
   108.95824254354447     
   104.05375273009632     
   99.181016896243591     
   94.494521064344752     
   90.194198861969312     
   88.105327459135651     
   87.634133700508670     
   84.306080017505565     
   82.420457154075777     
   81.445107527348711     
   78.390459302769813     
   75.422163325377682     
   74.194646723113664     
   72.232351535689247     
   70.961754667013423     
   68.606668800877131     
   66.672275130275295     
   64.711337089248033     
   62.437483467405585     
   61.926429796758093     
   61.003213818856224     
   59.691170780034064     
   57.756399121958545     
   56.275144821574465     
   54.562251616266209     
   54.188099185034481     
   52.464698781800138     
   51.439986911308324     
   49.740852501524387     
   47.973280438866425     
   45.901583441462137     
   44.421952451493873     
   43.412336761879565     
   40.469862190955666     
   1216.7404367814927     
   979.14549427309225     
   818.55078099376783     
   719.77684566065989     
   653.07084019282786     
   615.47791260441181     
   570.14038708893997     
   552.21748279664575     
   512.56034799842087     
   489.53708763581642     
   478.60737526978158     
   463.83042589288380     
   438.76736041497475     
   417.76464571031988     
   386.25076582734698     
   314.23126895613103     
   239.37067720692650     
   246.74471651868589     
   233.37017897230064     
   224.09398130895792     
   222.70984931646888     
   221.52789029421530     
   220.21409275136679     
   223.05222971430015     
   219.53811892104164     
   233.30582479767492     
   235.24524810501379     
   239.09026637910841     
   238.55597653061943     
   240.31406498855077     
   239.05967232597280     
   239.54307465629014     
   235.50953934530477     
   232.49278909049940     
   228.32752463130663     
   224.76301940128923     
   223.74444525784139     
   220.63517898719857     
   219.30185584949214     
   216.71150206274058     
   215.33094238651768     
   213.31922157298933     
   209.56220577059915     
   208.99881237781949     
   207.04512312467583     
   205.40628047900927     
   201.96626235677263     
   199.48113122280665     
   198.91631436065893     
   197.43515846587681     
   195.59023578231029     
   194.50240979139156     
   194.73962238417408     
   197.52301355401622     
   201.63552986727501     
   210.21785972818944     
   195.40495356945507     
   185.30929704628048     
   171.61688878521514     
   157.98564072531025     
   147.89720167238235     
   137.43073781053732     
   132.01541151591996     
   124.45306237387754     
   117.89458181521042     
   113.25375169295000     
   108.23711770537378     
   102.62316067828746     
   97.386102847283084     
   92.037747594750556     
   89.292168388023200     
   87.633334671175419     
   86.123808580640087     
   83.034419091895728     
   82.281827507773542     
   79.433193471605506     
   77.791067332192682     
   74.700807609403000     
   74.247877977409871     
   71.888409126638877     
   70.287461092468504     
   68.631960423011037     
   65.894263564702300     
   64.491508889694899     
   61.544275196488684     
   61.409764316559126     
   59.247869095154613     
   59.582752178214001     
   58.113906464286664     
   56.371956012509784     
   53.406777033277592     
   51.531169778731304     
   51.280625771194984     
   49.550719196013787     
   48.807424000052841     
   46.927935714090751     
   45.002485121050114     
   43.877200639104558     
   42.227505000014510     
   40.707532015405754     
   1254.1954996585343     
   1005.4156688462816     
   847.39890438121211     
   743.00035320489371     
   658.40181415947688     
   628.26925773629762     
   582.47470941672634     
   552.45402545830029     
   516.03066079242535     
   494.27704530582696     
   486.50932103775421     
   472.55963990887108     
   441.76357940627946     
   428.11818260240796     
   378.84360928042287     
   314.88697559356484     
   232.29997774546683     
   234.44873146830523     
   240.54210239433147     
   229.04849464363005     
   217.95777438901297     
   210.47064737604555     
   216.13881267544542     
   204.73329277306021     
   201.75898064497997     
   206.28931715139191     
   210.53025655183296     
   210.10211304023053     
   217.14194508346486     
   215.81592801880279     
   215.20324890172100     
   217.08704019023861     
   215.20907917908846     
   211.90252557809146     
   209.37811382085843     
   208.25560940514148     
   205.43854046001178     
   205.02495434549314     
   201.19671984844189     
   199.16489559280274     
   198.43993392453547     
   195.40789868863891     
   194.68903813538964     
   193.59161512055334     
   188.94201237228310     
   190.49286377380903     
   186.88116517404796     
   186.45057518434004     
   184.91822526132177     
   187.44666936622514     
   186.35596678280177     
   184.24888830787037     
   186.88951830407132     
   189.24948623412700     
   192.99393978327498     
   200.03355808506623     
   193.06478459951842     
   182.17312717198936     
   168.75101512733761     
   156.71538078168578     
   146.94071496640865     
   136.92741770208931     
   129.71183084447551     
   122.69424316543940     
   118.37079500261606     
   112.26743954805042     
   107.51783770967876     
   100.93241494973978     
   96.703949821962155     
   92.342566110995136     
   89.378729450874786     
   87.431315724752821     
   86.699172028073491     
   83.508505463651488     
   80.288047003669902     
   78.740364379069220     
   76.478181186980734     
   73.401748892764857     
   71.353323677263504     
   69.806049857059747     
   70.084673933696990     
   68.551370786111562     
   64.577781953949369     
   62.985167502099443     
   62.098959922401193     
   59.867395638661563     
   58.065796394012850     
   57.911867818276463     
   56.827222604487162     
   55.625931940205369     
   53.803856290916443     
   50.931590317113525     
   49.858369475751985     
   49.853757203312277     
   48.496747097327038     
   46.253329093648340     
   44.586471280024220     
   43.391733836337096     
   41.296795378445886     
   40.264859004939240     
   1284.3731257254562     
   1043.2498766591041     
   880.45821531662000     
   762.30574516825402     
   677.49414963110121     
   639.12596553376670     
   587.28649949287853     
   556.59067583852072     
   523.46234150717100     
   507.40001295567566     
   487.76459619850948     
   468.42590995698652     
   437.70876221566726     
   432.88830308532056     
   381.87254366911895     
   298.98802490891967     
   227.29357883324406     
   227.04101276970744     
   235.08800726977412     
   220.50764470607643     
   220.26887909477392     
   211.51418827852402     
   203.55837469306900     
   201.19519859165976     
   199.23925838877221     
   194.42053694117138     
   193.64714531952444     
   200.47117440975018     
   202.53968284251221     
   197.24296925754049     
   198.61479060910366     
   200.10856275697077     
   196.28591122152073     
   194.48565231791142     
   193.02121818397450     
   195.22843715858048     
   188.66284480948696     
   189.86257670730356     
   188.21591130191803     
   185.15080621909087     
   186.85580259378912     
   186.70891795252845     
   183.73309575192570     
   181.95976124502030     
   180.10614093791668     
   179.52044771286333     
   178.37864048460443     
   180.45291400508705     
   177.98261404814997     
   178.98224500551271     
   178.98588433238129     
   177.55169487853451     
   179.84114069423126     
   184.10907867422262     
   183.96886898382601     
   189.37525113129578     
   189.09754043231862     
   179.00340474464741     
   168.76273327305219     
   156.59424293603871     
   143.29293829966102     
   138.38911132265892     
   127.56254393755793     
   123.37755327285072     
   115.48330027201418     
   111.38161504258156     
   105.50580853108887     
   101.93973839809027     
   97.180401107976095     
   92.242209477867092     
   89.962846500514388     
   87.655512609020775     
   85.492211922853656     
   82.806420387600113     
   79.693950340099406     
   77.190670177772674     
   75.732638189904492     
   71.649152266169637     
   70.903270281869283     
   69.520486556852930     
   67.860127493634337     
   68.272862703290613     
   64.824047772358554     
   62.598011834973597     
   61.107305435406573     
   58.777852984571027     
   57.549323905707382     
   57.443368433003712     
   56.538454704299852     
   54.927630295960817     
   52.805614068560999     
   50.618685977199249     
   49.476512278242602     
   49.831905137341515     
   48.621873102767665     
   45.981696823954145     
   44.749959922209449     
   42.557501889746149     
   41.160195666221910     
   39.733517625819140     
   1307.2790895788755     
   1082.5053618788675     
   902.16015597663886     
   780.86394585774985     
   693.18851366485569     
   660.94189201889924     
   603.64121416344449     
   552.85569662422290     
   519.83943333352317     
   512.19706518412181     
   493.46948539948926     
   475.02902784802552     
   445.66303418451537     
   425.67515508413504     
   372.58311155511547     
   293.66806172032364     
   218.47693503619217     
   224.65410472616045     
   221.00842275498928     
   217.66009348486520     
   217.82287171959712     
   215.13045252960654     
   203.17341192500368     
   195.47717411802046     
   192.63063814682937     
   192.56565998205846     
   190.35267737987536     
   191.90353784096885     
   190.80891285551127     
   190.37996693702112     
   186.25982783247895     
   185.09537979730158     
   182.03215307203374     
   181.12041918874365     
   181.22214834037979     
   182.13610714692200     
   180.89960947566777     
   179.95970122982732     
   180.08760571922588     
   178.63096781881322     
   178.92345892950891     
   179.41966744867332     
   176.41139825959254     
   172.96583095945979     
   170.79217004391606     
   175.81226957214361     
   173.14649206653868     
   172.74895481841759     
   171.67273279486781     
   172.98312145124396     
   174.05508763583475     
   175.26418397729151     
   175.99438868445822     
   180.21034808159993     
   177.79826188027812     
   180.81692658032455     
   183.95927180902140     
   178.22278783564488     
   169.16046897951333     
   157.45398485148689     
   144.62591132033126     
   137.80008587850998     
   128.92323913045459     
   120.80854488648296     
   116.02975775700098     
   112.20369729095913     
   105.91835671991751     
   101.04218759496879     
   96.745218399517498     
   92.021092555164756     
   89.158142100150542     
   87.488079392030414     
   84.255771666192715     
   82.142010531504340     
   78.282135058727192     
   76.966832210208750     
   75.843922603303938     
   70.603408704542773     
   69.876528164275470     
   67.954010887446401     
   67.325094346211870     
   66.568581057097944     
   63.796303271637086     
   63.479609199458579     
   60.645860598900825     
   58.554086206880307     
   58.113182051505355     
   57.490857258485619     
   56.155416982347212     
   54.221318713236109     
   52.670339790685979     
   50.483675693130849     
   49.606920104716295     
   50.218694425810355     
   47.658842988041144     
   45.882903666075833     
   43.063328104735859     
   41.497886895657047     
   41.126975245958057     
   38.889493876463646     
   1318.9443789968877     
   1126.9811736677966     
   939.11108096130079     
   803.46391336597492     
   693.42434922305813     
   663.32327302312490     
   606.61929804575232     
   560.24554084707313     
   527.50575473410811     
   511.17277732701285     
   481.69094692755777     
   458.70333199445395     
   442.09267396882024     
   425.78995292244781     
   368.59192293623539     
   299.67424472417298     
   209.97292162112825     
   215.17079202938442     
   210.54468642292349     
   209.35050315031782     
   213.86002910235996     
   211.54226470884467     
   203.33948971819567     
   189.60840108224102     
   189.04612416858745     
   189.88882806347402     
   190.64766802115676     
   186.24466188498599     
   181.39041945764589     
   185.46344491180108     
   181.89313114842156     
   181.97982060642622     
   180.88592239149131     
   176.94845831085325     
   174.57263311757339     
   176.45530945751270     
   172.71719345312715     
   172.74491577989690     
   173.83791052977597     
   174.53028818146652     
   170.96111911807461     
   171.81907935639185     
   169.18309354254177     
   164.49860153658943     
   169.51501558348750     
   170.32112170983353     
   167.64567935406060     
   167.77954903564438     
   169.07402412074282     
   170.35205863965777     
   174.28837694814979     
   173.57890204991008     
   174.60812571912822     
   176.76827701870269     
   173.63681978332286     
   176.50089158240746     
   179.97924315621466     
   177.16610140604973     
   168.94704665050648     
   156.03640790986287     
   147.39512592460329     
   136.83408149376652     
   129.65802031204774     
   120.76991773949813     
   116.29284142183856     
   110.85220731961529     
   107.14143521620946     
   100.02092409571542     
   95.196775157142781     
   92.124346580157692     
   87.434031230089218     
   85.615297924173461     
   83.053898017598698     
   81.566801327809031     
   79.637018081180670     
   76.811295356411094     
   74.374598230673115     
   70.923164631714855     
   71.043374439434743     
   68.521425551776986     
   67.134887039944417     
   66.144850099690586     
   63.455889690876560     
   62.045604345788121     
   60.873937040774521     
   58.907834454138602     
   58.691399809065281     
   56.755800327222985     
   55.456973535395178     
   54.853838333585600     
   51.624257940869278     
   50.611636664772888     
   48.843001152273146     
   48.773847329474215     
   47.768533808995620     
   44.710518713699337     
   42.712773769419584     
   41.791021867438630     
   41.369710506835780     
   37.693578983947461     
   1324.7196813885041     
   1147.2546717494149     
   980.64332161061532     
   826.92546914868035     
   724.07198949247527     
   662.46860031829135     
   613.60532502537444     
   567.50061606911493     
   540.75747625455028     
   530.91759830777528     
   491.24482057518668     
   454.23831526391547     
   454.36474138227061     
   423.73671616638666     
   388.96743775065244     
   296.35635602378670     
   208.41091683556465     
   208.34620080951112     
   211.92546166538355     
   207.01229585559591     
   201.65501013688203     
   200.38512723960162     
   199.57960598728860     
   189.99266537718566     
   187.18887621139766     
   190.03123471482076     
   186.17277382032395     
   181.79460277390410     
   181.62222843230873     
   180.51727842573223     
   177.89316362617183     
   175.53360122658802     
   170.32234645042931     
   172.78273412269692     
   171.77371533553813     
   170.00181711376661     
   171.23058722231593     
   168.97278200824613     
   167.83316625077214     
   170.33901639842600     
   168.74847327632048     
   166.71641122523010     
   167.47677249900457     
   166.74958340584055     
   166.52935666444660     
   166.85126060332129     
   165.75577192627688     
   166.88117546361022     
   168.49947695507672     
   168.39159730791118     
   171.92891517862540     
   171.35461886773282     
   171.12753565147983     
   173.32594709740991     
   170.26195681067009     
   174.66860719442332     
   176.95284936287899     
   174.89747369600676     
   166.20650039435424     
   157.08428918820053     
   146.98257771047335     
   141.26361986572908     
   130.66390367041868     
   122.05157582530435     
   117.17575868692442     
   109.66249536195284     
   105.54690350915760     
   99.707173065795033     
   96.786879826922657     
   90.536201227257777     
   88.187144209093631     
   85.418763086449843     
   82.688036035283631     
   81.530206446218529     
   80.925229533360181     
   76.835165795435046     
   74.682782949192529     
   70.735575905576241     
   70.611911932628772     
   67.577267785836739     
   66.898365941312079     
   65.117571532946670     
   63.465570484703591     
   61.349353293359670     
   59.925600207010604     
   58.338047232069769     
   57.782093343263718     
   56.988572493277154     
   54.157458649505813     
   53.046612164552315     
   51.771908030150520     
   49.351101197428243     
   48.570101631693753     
   48.877122993064063     
   47.399485171200411     
   44.888971144366565     
   42.263734233708860     
   41.412747564769639     
   40.638984163773884     
   37.481537320206186     
   1354.5300271250285     
   1157.8009831064185     
   1003.4342352614308     
   836.70953260549095     
   745.73189901185719     
   650.78275790878808     
   621.03188817514717     
   572.69066688103271     
   534.59321738634594     
   520.91341023989480     
   494.46034318731137     
   467.10394274490665     
   465.77888089817475     
   442.85211923115520     
   412.34078165593439     
   302.87294626469100     
   210.13017509560711     
   210.30823119532570     
   206.76368846660165     
   205.39086806995024     
   195.97414579009123     
   193.10100352182855     
   199.44942014749711     
   190.03389112076695     
   182.11581541709316     
   185.92794337706320     
   185.54798988396806     
   183.63870701688586     
   182.16808076245331     
   181.19602526042820     
   178.50504048194131     
   172.52937817574428     
   172.24284362845833     
   167.84279579314378     
   167.70725320276276     
   170.24499473052447     
   167.51426036098343     
   167.34285406000453     
   166.89706172842949     
   168.04367802301670     
   165.62278486928489     
   164.92192143138135     
   167.00480835203570     
   165.98465321996994     
   161.81089223013961     
   166.33312912392063     
   163.74880339528698     
   165.46132637194080     
   166.55813276397959     
   168.29040764735876     
   169.47990251740359     
   170.23413684433714     
   172.08584869696239     
   171.91352763449896     
   168.00316345601698     
   172.27993213044940     
   171.27782022904475     
   171.80183078745824     
   164.73423372551849     
   156.42617107919398     
   146.73753118025712     
   141.70602625460134     
   130.04706029521952     
   120.71967911376900     
   119.34930280729267     
   112.39304620190670     
   105.57973627305479     
   99.915664563893472     
   95.570101127088435     
   90.407082235446836     
   89.958191196873670     
   83.809516532921691     
   82.358191457199936     
   79.829339058667586     
   79.066649499333991     
   74.542100920485296     
   73.600989958574928     
   70.085185633518265     
   68.589682302973259     
   68.050393871115489     
   66.827381452719933     
   63.709739950386265     
   64.525264681044007     
   61.554403341850815     
   59.548331006095104     
   57.457322423164229     
   56.709036290136922     
   56.893756541787589     
   54.030751019755094     
   53.459557341774826     
   51.183860941915398     
   49.804383371533440     
   49.369258602077267     
   48.746955495489182     
   46.916955252778379     
   44.259331979488771     
   41.899544843278946     
   40.255545568347372     
   38.598142328167611     
   37.033179360635536     
   1355.7679731342773     
   1172.8314074875091     
   1001.7433023560168     
   854.68011309508029     
   723.73538060903502     
   656.70195705489311     
   620.84855545302446     
   582.60269979721886     
   530.14505171419125     
   524.64232202319840     
   520.07034341500241     
   490.38704163418009     
   444.61321143423413     
   445.05047743357443     
   389.67321627876385     
   288.47099505749202     
   202.22439817575815     
   209.34160999585794     
   210.46556391714620     
   194.85425246325471     
   193.50701246460682     
   190.37770054570791     
   186.72477956325923     
   185.95522638856636     
   181.89515893778099     
   185.65889447462132     
   179.21257585103939     
   183.30432616646397     
   182.89104185899424     
   185.63271725422800     
   173.88858450092584     
   172.89730316270260     
   170.93477147048836     
   165.65485393532322     
   166.34395712675922     
   169.17657425727270     
   166.14540007974816     
   170.35934545033410     
   166.76794629035413     
   166.51650555254648     
   164.52560983014672     
   166.73973201170708     
   166.33800188531254     
   164.97823313505231     
   162.70123797485979     
   166.47046207949927     
   166.30850324743915     
   165.54601596296678     
   165.44351714026092     
   167.56784713013030     
   169.35015001448136     
   170.03835411889605     
   169.32933464253205     
   169.86053251188275     
   166.13163929777446     
   167.00602462372530     
   169.44508789743486     
   167.83712898299899     
   167.46563948706722     
   154.77199065672167     
   149.62459014735899     
   141.30631323780966     
   130.38040601047189     
   120.61673327110219     
   119.36010650061402     
   111.44993998387112     
   105.71743621811090     
   99.997690677437276     
   94.184776105902614     
   91.969130567500599     
   88.024728309049593     
   84.063951019976471     
   80.577005961441429     
   79.003200557534484     
   78.532706476545840     
   73.910555495009859     
   72.444218941591458     
   70.314540596879340     
   68.710791790441135     
   67.611392695377205     
   65.744353990513900     
   64.535651785672997     
   64.868496232047860     
   61.862334831776032     
   59.014883701188133     
   57.035415516952796     
   57.049906151440993     
   56.029907067874163     
   54.125388310521899     
   53.366615092925407     
   50.978898581433555     
   50.275695806346150     
   48.709019953378601     
   48.738313869796727     
   46.859843485338324     
   43.884563390086740     
   41.059222244229233     
   40.723328436024161     
   38.822603187504043     
   36.540849686209611     
   1345.6239663882236     
   1207.3140063985543     
   1022.2671580281806     
   858.21671503394941     
   751.00401758549594     
   668.89904189684478     
   605.73971555049070     
   597.30238672697328     
   548.05561457990734     
   521.79294535127406     
   518.33102096855646     
   481.47760319293388     
   425.89879783452312     
   407.33031670135000     
   347.09193634178263     
   288.40951374780741     
   209.82751914171382     
   204.08716334131066     
   198.39478907123549     
   189.87746419516503     
   186.57387431983187     
   190.24451260394102     
   186.88885500616627     
   182.72857651210620     
   181.44385321477429     
   181.58956166110823     
   178.41365949374637     
   183.41935423006797     
   182.34816244014783     
   179.19091756075650     
   177.82356546900456     
   169.15601929876945     
   170.76260718871083     
   167.74245673655869     
   162.20471266616636     
   163.23095436932883     
   164.62894642499558     
   166.45343238117400     
   168.55201307612009     
   163.43496826795740     
   161.34634560046990     
   166.22255627691112     
   163.13305498985994     
   165.32557298706030     
   162.95393273886043     
   164.05272304853213     
   169.32770071122684     
   166.02871180870324     
   166.06987452565915     
   166.68178551551171     
   170.39870350886048     
   170.91843748949384     
   171.31029924682417     
   168.83942786034319     
   161.70992843267072     
   164.87901059982644     
   168.16353990954431     
   165.59663442247671     
   165.47411098324133     
   155.54075811755985     
   149.66209004316400     
   140.88787217743106     
   131.57548119360979     
   120.88125154785929     
   118.51197487581162     
   112.32066042421246     
   105.06578537504753     
   99.846616521428686     
   96.167723049750322     
   92.210847779287946     
   87.822002666939312     
   84.572417654247801     
   80.144782890959050     
   80.763310342796530     
   77.549655183372010     
   74.274475209966511     
   73.571015206204862     
   70.740202027425070     
   69.461318124246844     
   67.953856879538378     
   65.790779559395787     
   65.094088436497870     
   64.012839957150987     
   61.988116878732697     
   59.112823065449987     
   57.278221778587010     
   55.740058947488336     
   55.390755842783804     
   53.283041515212446     
   53.692620524160262     
   52.259516997865433     
   50.114541536051291     
   47.617035020244337     
   48.532125463900549     
   46.694258093845512     
   43.687267714984927     
   41.970980519974617     
   41.253380386764263     
   38.540132464213926     
   36.456891690934341     
   1349.8053894790060     
   1215.6709734745218     
   1062.2573351082699     
   835.55437482126968     
   762.12456779316528     
   676.84483941045607     
   601.61763732874590     
   598.24861568444294     
   559.34407301095723     
   525.96321138842620     
   493.62394080108709     
   453.32755912126834     
   438.00917052695678     
   412.48633038600218     
   309.54400275321223     
   262.70640516214775     
   210.50258370005258     
   204.10543643425612     
   193.66352023777932     
   194.48526421874979     
   195.34626206997416     
   189.87288759900227     
   188.17711689402026     
   182.45202017797121     
   180.36288827507562     
   180.37898995391441     
   175.10457007901920     
   177.93080653535526     
   179.35833125978920     
   174.80841737692151     
   173.29867220440440     
   169.05152793561007     
   170.84162665974503     
   167.98455542954429     
   163.19089067253395     
   164.68685964821711     
   165.71467181526631     
   168.50335649841693     
   165.21758931526841     
   160.81327877936650     
   162.87822964992151     
   161.68687380862190     
   161.56037077525838     
   162.56794951685865     
   164.28416571632116     
   166.99035310026156     
   169.03849436464191     
   166.97565123773589     
   169.31672998330214     
   166.45786482543974     
   166.88118368929304     
   170.47043449457550     
   168.73828988501018     
   165.42917057965604     
   157.27329839405647     
   162.74863062816402     
   166.53444730528003     
   166.19609462896182     
   163.51936517975446     
   159.04489008753234     
   151.53724230645605     
   140.96091006257208     
   131.37750909041591     
   124.06154104112716     
   116.95963206030436     
   111.84309927997612     
   103.19456268970950     
   100.24327461032600     
   96.317706830897578     
   92.183218003672096     
   89.116302205188475     
   84.110062516818857     
   80.642193108494851     
   79.961555822036360     
   77.332811648432710     
   74.997151354123702     
   71.317727055200109     
   69.469392681853279     
   69.111864114520586     
   70.014248427426708     
   66.065718220214137     
   64.419956615075535     
   63.738418009078330     
   62.241248511007186     
   61.070430051209044     
   57.282500674850866     
   55.767273885060511     
   54.851441056216046     
   53.094532235244003     
   52.519371702591648     
   52.748822684780905     
   50.646928430704932     
   47.926222881685732     
   47.594831969604236     
   46.621498407708643     
   43.784223475392650     
   41.818181362156714     
   41.283259761851433     
   38.558793314343369     
   35.883143437082651     
   1332.9817120620464     
   1192.9046606671943     
   1068.3684492522998     
   862.89367613988713     
   762.55267181916452     
   713.96136911353904     
   597.02452904287327     
   605.28163702234315     
   584.19009462630538     
   532.72972360700328     
   491.49865075683772     
   428.41161363171079     
   421.15367770886405     
   408.71021876982400     
   317.34849028381836     
   267.39967289635138     
   202.84509996238467     
   209.45062270217372     
   190.74414414326122     
   189.95595498758030     
   194.38361067703548     
   189.07924526275082     
   186.68044937605839     
   179.26445267730583     
   178.37195756977209     
   179.85078804831534     
   177.98999929553349     
   176.97090860333398     
   180.75241364428709     
   175.62017426659759     
   178.09747657591970     
   169.06164582871168     
   169.15736609177367     
   164.32522461700759     
   162.33147422932643     
   161.60718088311927     
   162.89178677101256     
   166.52809892512371     
   164.76383634688926     
   161.22215535852072     
   160.98309783559350     
   162.51600964532986     
   163.70496822819587     
   162.76140154623872     
   162.92452178310020     
   165.86842473231860     
   166.88085023808841     
   167.23839180099719     
   168.17490794330610     
   166.49498100983823     
   167.26955460514128     
   167.31899631000292     
   169.05492502982071     
   163.81036269688582     
   157.15288473840644     
   161.16862192087544     
   167.03982758432258     
   168.70981461439186     
   160.50030739288624     
   159.91757390560088     
   152.24085976746682     
   141.85831841910596     
   131.30080168791196     
   124.24275739601177     
   116.91499723468245     
   110.75526869817526     
   103.64039907495584     
   96.618126773873541     
   94.046763508455484     
   88.552792426437605     
   88.261473057101568     
   83.333947288776216     
   81.078658333338964     
   78.991197366413758     
   76.308451442456914     
   74.809406115179641     
   72.204450698581368     
   70.613911932815199     
   69.616173356440797     
   71.114111256525987     
   67.544996119497284     
   63.058938869042905     
   63.479802668339524     
   61.810498415531811     
   60.464121254208251     
   57.976522689331915     
   56.211302518893561     
   53.292822863857687     
   52.845175901562442     
   51.797481827868765     
   51.165008981556319     
   50.419353528796520     
   47.851729658210289     
   48.602956790936908     
   46.872343626154453     
   44.026014941612829     
   41.714951520070869     
   40.896007722473783     
   38.543983493719097     
   35.266319934949884     
   1315.5805045775337     
   1202.5468797900044     
   1064.3322493904602     
   864.02072035972697     
   760.11268810096999     
   718.85430208573769     
   629.44389410265615     
   637.89272652438706     
   609.84452807988089     
   554.11303246243585     
   522.08379346435731     
   443.52323448572508     
   401.90069553504480     
   418.02458620893685     
   351.52799676669696     
   323.98153198542838     
   209.60190809962751     
   208.89866896415623     
   188.38505755280218     
   185.22712502126046     
   181.18220816327118     
   190.57295142754361     
   187.51422305966202     
   177.14148116043540     
   175.97083471533546     
   185.40209196764565     
   183.19565018021370     
   168.53434435772780     
   181.74744231038548     
   178.77927088218303     
   172.96299568558450     
   172.20137861390089     
   172.28938276792132     
   164.21208773062688     
   163.36023343377872     
   158.98369593748399     
   158.15821245897180     
   161.19102335479735     
   168.04056113526818     
   165.72197395600523     
   160.69798569659920     
   160.72148575141338     
   159.42830375017274     
   161.33679746667025     
   159.50450981575682     
   164.02021298106129     
   165.55898963208293     
   168.88193432122171     
   166.12424733815197     
   166.71861498884067     
   166.63131090425395     
   167.72122720254774     
   166.72814745381154     
   162.66482956679283     
   155.32262184754853     
   162.51353610663176     
   163.64700409677934     
   170.74666843617996     
   159.40308976738234     
   161.18506293161511     
   154.07464014424551     
   140.68402341333169     
   132.63894155298911     
   126.87201480567664     
   116.95697152927335     
   109.85576496585503     
   101.15828322469929     
   95.954680472771656     
   93.855082561497085     
   90.194942741324269     
   88.976056004226820     
   83.846886670058211     
   80.680070518251753     
   76.633750638231561     
   77.182248631972385     
   74.299221373416685     
   71.492007525160943     
   69.343132796090387     
   69.032708691280149     
   71.334174440414671     
   68.543911384444087     
   63.498258469902829     
   63.319260166251688     
   60.963231733268692     
   59.276594350411102     
   59.303323082261770     
   56.140224061293523     
   53.208354592249378     
   52.673883353183086     
   51.433018550219288     
   51.120996028134456     
   51.152305764148238     
   48.493510962855758     
   47.631603661941050     
   47.322093035187116     
   44.243706415834332     
   42.385106594301483     
   40.163110822162146     
   39.936449702595368     
   35.309038991480016     
