           1
        3200
           1
   993.13431093065572     
   937.08951891922709     
   896.10596493584217     
   863.36184476931419     
   838.39710441762190     
   813.21539009524440     
   793.76114469258528     
   773.65859093082759     
   754.47489281557228     
   734.71808999480334     
   717.06777443178589     
   699.27120160682807     
   680.76386670392242     
   664.35167792767368     
   646.86720638090924     
   629.63605578626687     
   611.84608281023634     
   595.79358429020908     
   582.60389427978077     
   567.21364360544658     
   552.50120029246489     
   539.37730811189545     
   527.00882911184567     
   513.87286567761885     
   500.92313922908625     
   489.68229417960242     
   478.13775931036457     
   466.87744078239729     
   455.06868648891759     
   443.94845964347184     
   433.52436549969696     
   422.33809609779723     
   411.46603093360125     
   400.73345686621826     
   389.94288008971967     
   379.51530431352666     
   369.82613437933122     
   359.79330176460144     
   351.04817668417678     
   341.99668319925570     
   334.09989526679897     
   326.63436994528149     
   318.18545835081267     
   309.38276899038181     
   302.46321766264094     
   295.19755107833339     
   288.13335673204443     
   281.06756404781322     
   273.95500328605755     
   266.99879848898331     
   260.52050989839330     
   254.09262291238437     
   248.26218281539698     
   242.54873454056445     
   237.38889356745435     
   232.07691422568607     
   226.99428394049522     
   222.25384900818170     
   217.34945914157890     
   212.14060907508085     
   207.95565093252532     
   203.56208306879458     
   199.18395319134555     
   194.90999691040898     
   191.34038830521811     
   187.14328804029907     
   183.30986494976401     
   179.37289820346891     
   175.98033777673177     
   172.48536180030533     
   169.08125661243869     
   165.67604146583980     
   162.38371467809321     
   159.05695884240316     
   156.09667403617630     
   152.86978726753685     
   149.86317746818165     
   146.95542156808656     
   144.06255674404468     
   141.20859728577608     
   138.50967108603871     
   135.88150685857494     
   133.30129896614542     
   130.78604409036348     
   128.08259258064425     
   125.70370395566428     
   123.38683299473757     
   120.91589364591098     
   118.68844524742210     
   116.40364548487561     
   114.30866946805031     
   112.07017332139442     
   109.99660589580279     
   108.04133980559777     
   105.94124671092763     
   103.91048538712008     
   101.94011941444573     
   100.11240475311433     
   98.184579785425640     
   96.260276888392269     
   1010.1424599022705     
   978.88236088720305     
   936.11104827368911     
   898.25433517497493     
   867.07778479774834     
   840.65814018318622     
   813.82255714996677     
   794.71267078861388     
   773.82312479199879     
   751.07071824197169     
   730.56224153069502     
   711.20862213654470     
   693.86545386683451     
   675.67638439287271     
   657.37230589564842     
   641.58262262158894     
   625.27597592588586     
   610.49330290391958     
   595.18781191082780     
   579.05069109349483     
   564.16777259908429     
   550.07084784430731     
   536.74551966121339     
   523.49914888579053     
   508.46867390079171     
   494.96980995804546     
   482.14227379255613     
   468.50310984825592     
   457.19063582705945     
   444.67637081827013     
   433.57836862213128     
   422.79069617832363     
   411.85751829083631     
   402.06348916810146     
   391.26468440085824     
   382.24145118257184     
   372.57704537275185     
   362.38029121195666     
   353.30054586386296     
   344.00187198747113     
   335.99027120708723     
   326.62145096779551     
   318.78648069402180     
   310.49664827830793     
   302.03634433051309     
   294.62824448901250     
   287.37138149792810     
   280.14498802349908     
   273.50858781494281     
   267.06113426378317     
   260.31562974480914     
   254.66070803068908     
   249.18440504591760     
   243.52527760205120     
   237.50500342087940     
   232.11089538315682     
   227.35523517523495     
   222.42037314882796     
   217.73572068104812     
   213.23622168327401     
   208.83100210973072     
   204.18478808088199     
   200.01611341063622     
   195.70741270499519     
   191.63380279458374     
   187.44729065948275     
   183.47073192526872     
   179.74927625096225     
   176.13306358651752     
   172.24322687164849     
   168.97493187362443     
   165.42513552618766     
   162.25343327364146     
   159.16436629296319     
   155.89924332834727     
   152.59917295163197     
   149.74464718610488     
   146.89375487072186     
   143.99825449518781     
   141.07393607394607     
   138.53615199092670     
   135.89068506671299     
   133.32650901718733     
   130.72174079344825     
   128.26666720043488     
   125.83784862840817     
   123.41676231182748     
   121.08003490164033     
   118.88652523667076     
   116.59838266148054     
   114.38238538589687     
   112.19617105652128     
   110.03172584477494     
   107.86243360300622     
   105.69496396417583     
   103.69123288514166     
   101.65783548236057     
   99.686665243090118     
   97.792259493865686     
   95.958890288601452     
   1016.6813845924864     
   984.20656955483446     
   953.09099164112195     
   920.69906103630615     
   891.27109509216211     
   862.63172012723930     
   836.78855037820631     
   811.99139185672834     
   788.29547352666509     
   765.80163094390196     
   745.91660326027545     
   726.29787095033885     
   705.66477967041396     
   686.51696407767349     
   668.59307245707521     
   650.55463923331934     
   632.48083744213875     
   615.82904769676770     
   600.05360539406524     
   584.77098227285410     
   568.02305688419528     
   552.91079291079291     
   537.12388180945868     
   521.65456451325815     
   507.20156307437315     
   494.92409146929953     
   481.62821899897381     
   470.03079004099897     
   458.77121626082652     
   446.81289199541698     
   435.70373640083642     
   424.58672584703771     
   413.18967756313191     
   402.28675967611946     
   392.09783111292990     
   381.89295202197286     
   371.93317616657527     
   362.26342578315780     
   352.41616136653982     
   344.40584525145607     
   334.62853262789412     
   325.45201754742254     
   317.33517409162266     
   309.47809599634684     
   301.77411308635561     
   294.83007200710642     
   287.35580576890999     
   280.90966745549440     
   274.19937602664879     
   267.83012296496719     
   261.57935645725308     
   255.94086660386148     
   249.86307503634077     
   243.75742155557191     
   238.31578966999766     
   233.32090776777704     
   227.46520602248211     
   222.94131618014848     
   218.20003914558777     
   213.43080595650576     
   208.77002044830525     
   204.11798035674263     
   199.75031127908673     
   195.42380276442856     
   191.44699032398006     
   187.54604367895999     
   183.84237003736970     
   180.04257172311776     
   176.41856261429317     
   172.68972831767343     
   169.19049915947198     
   165.85843611758293     
   162.70385304431804     
   159.46424937402256     
   156.34432336779599     
   153.20950286137429     
   150.27438883411736     
   147.35589913639672     
   144.62211483688944     
   141.61915850608941     
   138.81204978340148     
   135.96439214571674     
   133.41539336348890     
   131.10015084965295     
   128.42600786896250     
   125.96508515273705     
   123.66582875554035     
   121.25340512412023     
   118.91042722675755     
   116.47569787030341     
   114.24532291626048     
   112.09941884804786     
   109.82621969013891     
   107.74221356287973     
   105.58329262267780     
   103.62771238192903     
   101.57831131951332     
   99.623318861529754     
   97.706418559577969     
   95.863562448301494     
   1020.4765708941263     
   988.23541082563884     
   959.48753789156410     
   934.68075736771652     
   905.93686939709539     
   878.31027273178631     
   850.38352237651247     
   824.24515192892545     
   802.20713661530260     
   779.08475589553029     
   756.85988795209539     
   735.92813342739726     
   715.57104582711122     
   695.59005116122785     
   675.20642911280765     
   658.69236307490041     
   639.93721392032216     
   621.72500420767449     
   603.30496761511540     
   585.99217922956097     
   568.63020243674021     
   552.33695192273626     
   536.56019675518235     
   522.22170366542082     
   507.83731076831248     
   493.37779583065657     
   480.03979092785340     
   465.89573671820574     
   454.62254137874714     
   442.99865428291287     
   431.98051501834323     
   421.03194602750744     
   409.20901717932384     
   399.29832757590304     
   389.06023155805048     
   380.17430863590283     
   370.57461440133034     
   360.43288231744913     
   351.53438633719139     
   342.61895312240677     
   333.72256621421337     
   325.37964064479337     
   316.98089728307974     
   308.74349749367644     
   300.43403396075848     
   294.03558800530294     
   287.28174122101086     
   280.41491618818759     
   273.61322457264305     
   268.16736402754702     
   262.28042415950773     
   256.02907713774306     
   250.17222481038425     
   244.80294881304729     
   239.37789056538185     
   233.78521302437645     
   228.42034433410640     
   223.67380590818840     
   218.36981958385547     
   214.11070895371307     
   209.51242506257427     
   204.87393542501911     
   200.81180234341983     
   196.14959223644888     
   192.29398132454298     
   188.38981448387253     
   184.61908663282028     
   180.34841108476053     
   176.56093636065265     
   172.96112155333103     
   169.78079494981145     
   166.37904436810871     
   162.90605127781095     
   159.57636101921418     
   156.46686793149991     
   153.41087829730048     
   150.31227685621280     
   147.28106177923792     
   144.22806929909962     
   141.31840413971779     
   138.63217104242014     
   135.96186404978502     
   133.53564262390793     
   130.97388537765417     
   128.28278947318705     
   125.69773404996339     
   123.08970051689225     
   120.68767997751814     
   118.27899964764563     
   115.98930669016988     
   113.68450708411186     
   111.43622522884556     
   109.21618953863637     
   107.10814435431929     
   104.96153824846580     
   102.96870974252386     
   100.85375615062469     
   98.867787476083748     
   96.786919714900876     
   94.818617701578574     
   1026.0156946177217     
   993.24734273080185     
   960.68458334945058     
   934.28032935507940     
   912.10719258352913     
   886.32636426996692     
   863.33750630338307     
   839.22984303528892     
   813.84340936954663     
   788.23724007593421     
   765.87690735442300     
   744.76685864951969     
   724.16647642731243     
   704.97224326328387     
   686.57096950625191     
   665.09420955034011     
   645.47378842790067     
   626.00625264661983     
   607.30447884100909     
   591.23628370458607     
   571.25065257845142     
   553.11037002903788     
   535.29513552617527     
   519.92907075652738     
   504.62801930215960     
   491.31950314513676     
   476.91975817602281     
   463.86167341833323     
   452.92627108376917     
   441.51641447896856     
   432.14064485011909     
   421.18292950973648     
   411.23452384001018     
   401.29144916903874     
   391.05449936636182     
   381.85869201525338     
   372.22474014493139     
   362.80178158351600     
   354.01705234318462     
   344.95859830837566     
   335.88276853756281     
   326.18769965407989     
   318.42040629092389     
   309.53741032378070     
   301.71623396672118     
   294.38582864868749     
   287.16808496893964     
   280.32499213514103     
   273.28704901878308     
   266.81426325267540     
   260.60358546192873     
   254.54729394355289     
   248.50842523185787     
   242.91442906315461     
   237.44830734554574     
   232.49670699563274     
   227.98359773311276     
   222.34367750989608     
   217.73635323809268     
   213.53518607289735     
   208.97124116746227     
   204.66220437510333     
   200.24967153278303     
   196.23843618509733     
   191.96371529177833     
   187.82998090208528     
   184.15158641040307     
   180.17543909578791     
   176.67407014426632     
   173.00477950826820     
   169.51002777091804     
   166.01208611016358     
   162.51834760886541     
   159.45594876686775     
   156.02214990054668     
   152.95971595184454     
   150.05926971953485     
   146.95522839149913     
   143.86805272969227     
   140.93360860313362     
   138.09945349635885     
   135.19309984096230     
   132.48750972448835     
   129.88764410300053     
   127.21988907559739     
   124.78585904925822     
   122.28868986435143     
   119.73394103708570     
   117.36779415650025     
   114.89821870325061     
   112.56168372932588     
   110.32871152233363     
   107.99358792964604     
   105.76270349915995     
   103.57664411916510     
   101.29239120786886     
   99.174561617738831     
   97.083991991055868     
   95.016113009109958     
   92.956540305689657     
   1030.3338952006711     
   995.87713602787278     
   966.89602285809860     
   940.39256001079775     
   912.41795463877838     
   891.68477758469953     
   869.32768384931694     
   844.67641235811777     
   821.97335172532803     
   796.87737893841881     
   774.83950535067231     
   752.38594344150465     
   730.98294964101854     
   707.49645314601776     
   686.15679376744311     
   664.98594452159728     
   644.39010858435120     
   623.82486445400514     
   602.47237998376261     
   582.29424845105507     
   566.07334286929972     
   548.94809919708177     
   533.90511949917357     
   517.90518871389804     
   504.08896112590031     
   492.13297979748165     
   479.07432036468083     
   467.55122588998609     
   456.91894349126454     
   445.13116913999841     
   436.11599955407627     
   425.26485558957677     
   414.14652234196541     
   403.64105405184330     
   393.30632369710492     
   383.72688488873365     
   372.06464052649562     
   362.68257404835686     
   354.33727863627939     
   344.31950232573314     
   335.59675282668894     
   326.86947385014724     
   318.95290464776269     
   309.97002423799967     
   302.49989835239421     
   295.11185817643911     
   287.49667646429299     
   280.60355304229398     
   274.32531987006269     
   268.15089118963618     
   261.75319183321801     
   255.56812959912858     
   249.69040676235170     
   244.38642600872797     
   238.87867474061625     
   233.67819980683322     
   227.99624976068426     
   222.82766273832334     
   218.52399895030374     
   213.89675339279407     
   209.19217008101350     
   204.77141149948557     
   199.94519998227960     
   195.92460701834591     
   191.49335982191133     
   187.38915361713214     
   183.42214866740534     
   179.90559857742548     
   176.04219288039036     
   172.30064920892386     
   168.78628581527008     
   165.26300374089666     
   161.68657814999688     
   158.39183718138682     
   155.25703826939471     
   151.99149348328660     
   148.79790859489859     
   145.76015462200900     
   142.72806042606391     
   139.56097054133448     
   136.67997119451874     
   133.69187795477114     
   130.95593597255964     
   128.01936820751885     
   125.40688631864167     
   122.74431333716262     
   120.08602772818639     
   117.50553779998904     
   114.95634870793972     
   112.57647702408688     
   110.08580774564564     
   107.70408629482800     
   105.36498227139991     
   103.07067760571871     
   100.66733000226832     
   98.312649415562760     
   96.247066888960589     
   94.016549108221469     
   91.951317812084895     
   89.792748348867121     
   1033.8874977524010     
   998.38455959838416     
   967.89669808121675     
   943.72915601239731     
   919.30402746230243     
   895.66684181854805     
   870.56672578588302     
   846.56822852193886     
   822.66644363834769     
   800.65350773345256     
   779.44042980836048     
   756.65296606330469     
   734.21480673669066     
   711.08937018605002     
   689.17908402199703     
   665.62230115717898     
   642.07975309844267     
   621.35195602915746     
   601.27836850987660     
   583.87844563340025     
   566.87601311001879     
   551.44258765871405     
   535.83305642349285     
   520.46808454550853     
   504.33585013956770     
   490.29980116605009     
   477.71691541866278     
   466.53431541434702     
   455.27320828528002     
   443.42209274613742     
   433.78933977774750     
   423.39860725689147     
   414.33253723766114     
   402.22687583130977     
   392.15095587802989     
   382.98199350466831     
   372.82795062675723     
   363.74391494401044     
   353.51751755196614     
   344.85936515103293     
   335.32986425413628     
   326.92468079766604     
   318.01945218762694     
   310.92530606014998     
   303.03894766184033     
   295.48475623812800     
   288.32678606282582     
   281.34761975326029     
   275.52782712245062     
   268.58260243445636     
   261.89673573417275     
   255.39096137611330     
   249.93013901546371     
   244.40099895353188     
   238.99022134950999     
   233.68774177718939     
   228.60760151470305     
   223.57487454264486     
   218.49750689241367     
   213.51884225291818     
   209.05227024933777     
   204.35970463843023     
   200.20773126512893     
   195.60959936607946     
   191.01695408000194     
   187.28515840456464     
   183.21007203844590     
   179.11084424805287     
   175.05479775293395     
   171.23985017099119     
   167.67667168635268     
   163.97250000853029     
   160.62481894360934     
   157.05088801958158     
   153.47954920671521     
   150.25042084279534     
   146.61399094404430     
   143.42447540155152     
   140.20454570582231     
   137.05737883239865     
   134.10200015094833     
   131.04640200990843     
   128.28632815495246     
   125.33788340457880     
   122.50004476061505     
   119.60174886282209     
   116.74592673284104     
   114.01458253922731     
   111.42795829367273     
   109.03779295483523     
   106.60475974620387     
   104.05686845336155     
   101.53028610046823     
   99.164084191792767     
   96.850659190193241     
   94.585532032239840     
   92.205395113123345     
   90.154330156312696     
   88.087766237854183     
   85.764363054912550     
   1039.7788789410101     
   1001.4342005814033     
   974.12507206038936     
   946.63286303518862     
   920.17029765501275     
   896.54333558753399     
   874.24310476497828     
   852.15518113799885     
   830.25562701278022     
   807.99690269589178     
   782.28014365742183     
   758.39821063801355     
   734.61486154720512     
   709.38560389477459     
   684.93291577253183     
   662.62023147430546     
   641.01979739746889     
   619.37241155974846     
   599.90446157405233     
   580.01367414650622     
   561.83412839187883     
   544.22463616546202     
   529.69741676129865     
   515.09924750896994     
   500.71299612197913     
   488.07841584923739     
   476.39407289598302     
   464.88067891528641     
   454.15324978314072     
   443.32482957736352     
   432.72113004417582     
   423.43603083582911     
   415.00716403858661     
   404.54131880503996     
   394.96643232157163     
   384.16102421531752     
   373.22043443393227     
   364.29261794327238     
   354.47358647399312     
   346.27926001574042     
   336.65880156225279     
   327.29475565021727     
   319.28501631615484     
   311.26317220505740     
   303.03341221681080     
   295.47161668785674     
   288.43474200061598     
   281.26359435456823     
   274.10613806799915     
   267.55139330485952     
   260.84514081290217     
   254.97217308746647     
   248.84582092778743     
   242.79970615346053     
   237.20820227892628     
   231.56288356006911     
   226.13047715589983     
   220.93212420387064     
   215.60484212136879     
   210.49964291917465     
   205.59671518125498     
   201.00824845482816     
   196.23025519362000     
   191.28602271656251     
   186.58925341963862     
   182.39370140357704     
   178.31683760778819     
   174.00605389357901     
   170.01916030625250     
   166.35627144397677     
   162.47654064840239     
   158.82903575946639     
   155.05777091882757     
   151.31279988683542     
   147.77914753982702     
   144.17964802298638     
   140.49452532955073     
   137.31379304241020     
   134.31620763847357     
   131.39262411132006     
   128.19153715010904     
   125.28141878133130     
   121.96868655138725     
   118.75441196625235     
   115.83860901124997     
   113.00077154755184     
   110.53540697775139     
   107.77857434524219     
   104.91863748734293     
   102.49180832421959     
   99.722773641656119     
   97.226791269089702     
   94.571432694508474     
   91.998549798115491     
   89.984849107107237     
   87.419752388631821     
   85.064890458691679     
   83.032763802199071     
   81.246722169617314     
   79.169277202091635     
   1044.8126566752580     
   1003.7845422337178     
   979.41884722199495     
   951.02035555557859     
   922.96951000671277     
   897.28405371312795     
   875.27251741865905     
   852.53719777682522     
   825.93868995484092     
   801.67137772049216     
   779.32262386418824     
   755.10427873457559     
   729.89817839094621     
   705.21714704890280     
   679.82539684163680     
   656.22740295774247     
   634.11885401643303     
   613.13677771191465     
   593.03096590680809     
   575.44090052882120     
   557.48448299584129     
   542.26146530016229     
   528.67400434655963     
   513.04768390176287     
   499.35699010507244     
   485.46711756459257     
   474.50345899559125     
   463.33418345686243     
   452.32809205015513     
   443.29499954643018     
   431.82215616248669     
   422.15233063969708     
   413.50273427876130     
   402.14362514056842     
   392.39048173039885     
   382.77739010845858     
   371.35817097111772     
   361.75687085338188     
   352.61524233925604     
   342.80308667682925     
   332.62372390690967     
   324.14799282485990     
   315.16977950122003     
   307.94238923994766     
   300.07541239005491     
   292.94564050109000     
   285.68972872422313     
   278.07146799946833     
   270.82886178288942     
   263.78103623908913     
   257.16335821942988     
   250.94047346867484     
   244.81899540304278     
   239.52971092346573     
   233.03585144362461     
   227.77424017260068     
   222.12206266841287     
   216.28458137284127     
   211.10445108475224     
   206.38383606430827     
   200.88176827910240     
   196.26371196850772     
   191.20936482072983     
   186.69733969593139     
   182.14888425214991     
   177.55499733618839     
   173.33760789359420     
   168.78382455748641     
   164.25367490303029     
   159.88637236202649     
   155.84278177182665     
   151.85816679887560     
   147.80946683831951     
   144.18044008758449     
   140.94518347726111     
   137.02125154882975     
   133.05854518510341     
   129.48335349963546     
   126.29165006780576     
   122.44336389041257     
   119.14997177704180     
   116.14175597193440     
   113.33977079944583     
   109.92066484391542     
   106.76022814841943     
   103.88678769054042     
   100.98603999139189     
   98.292959480678732     
   95.400445538518611     
   92.849191077210307     
   90.508516067467880     
   88.287311877998079     
   85.755746686312719     
   83.436099481522049     
   80.799945435380280     
   78.385939862783829     
   76.221065690745007     
   74.085611797582189     
   72.137241351450086     
   70.016289135738660     
   1049.1018599186946     
   1012.3248992227652     
   985.59755310823812     
   955.32913834274473     
   926.05052600447868     
   901.42971917633804     
   875.80606174876982     
   847.20840365813763     
   822.62116315418962     
   797.70471754975779     
   770.61903329780034     
   744.27235548137878     
   719.43676810316947     
   695.14845590231744     
   672.52488559365497     
   651.59825006441781     
   629.22885423916864     
   609.19997552563643     
   590.25917248656401     
   571.41291071778755     
   553.93445668228799     
   537.97716476779021     
   522.92429571226830     
   508.48894138223329     
   494.01595922970159     
   481.46898773151577     
   469.62646144517373     
   460.15342951219873     
   448.88852216659171     
   441.08661335477672     
   431.64465397209585     
   422.22916522924362     
   414.86286873222451     
   403.27886231075740     
   394.02202306567722     
   383.33611266749614     
   371.52952511141302     
   360.18753101792277     
   350.18683242221869     
   340.16545778567701     
   330.91921592222411     
   320.97155059623788     
   312.40190797505272     
   304.62279754937219     
   295.88808688526632     
   288.18122615729146     
   281.63551119022299     
   273.18443807025062     
   266.10181570271271     
   258.94882171771656     
   252.78057211252042     
   245.88461149124186     
   239.19905487763214     
   232.90615461668034     
   227.33523069365174     
   220.67370070939324     
   213.37306443412069     
   207.93602580646234     
   202.24383466091155     
   196.88591457755143     
   191.59322875469906     
   186.11549339212422     
   180.77965481003056     
   175.47256743353785     
   171.39318374410624     
   166.71452434424953     
   161.88001308012002     
   157.28009199207850     
   153.16327125377671     
   148.44698538346168     
   144.83751764424747     
   140.17574367359828     
   136.14338110138493     
   132.44171489711897     
   128.44735122915068     
   124.91868661494931     
   121.36634135957246     
   117.71095332034595     
   114.36417997545453     
   111.61190898708251     
   108.19806405059188     
   104.62296319748361     
   101.22819058964137     
   98.344445118055262     
   95.643097153960952     
   92.633502284636094     
   89.358377185222011     
   86.987645938589466     
   84.294088211141926     
   82.139036948320552     
   79.916541417058085     
   77.673528246807578     
   75.218270553018684     
   73.094598249777775     
   71.138956366919956     
   68.662682508849485     
   66.430014788411597     
   65.115486208363947     
   62.719872762849015     
   60.901462493892190     
   1054.6718361110316     
   1015.0326868110711     
   986.49061422742761     
   958.53135417308317     
   930.05164270512876     
   904.17492786496678     
   875.14489104052723     
   846.01813644120239     
   815.86459863193909     
   786.96504860886932     
   760.26890728517401     
   734.31744529221692     
   709.78430970917316     
   687.23720991241589     
   665.44050579854661     
   644.37131595549783     
   622.90474438125193     
   602.38446617835893     
   584.75362025949380     
   567.01233461707557     
   551.44696282392169     
   536.83445299838627     
   521.78752226296410     
   508.49938248706701     
   495.08839420973345     
   481.31633112747119     
   468.41770655829600     
   458.35740414209124     
   447.94062652918944     
   439.40624945302409     
   430.39763046488878     
   421.82889534246192     
   415.66596804410744     
   404.89181767005067     
   392.89433042235834     
   380.58642107894559     
   369.76914230446994     
   357.88023428111046     
   345.83097160592882     
   335.66129310528260     
   325.14175690366716     
   315.62863533148396     
   306.65819006502340     
   297.50525268951424     
   288.15955190338582     
   280.60319145436654     
   272.13719643469790     
   263.43436310039647     
   256.18398067278042     
   247.91588410906672     
   241.35911109966423     
   233.68719267709952     
   226.77937528603184     
   221.64687624889484     
   214.86289871828615     
   208.09854259925959     
   200.75727054811924     
   195.69620447167347     
   188.60161956197058     
   183.17115952339810     
   177.97035383601815     
   172.14358633236486     
   165.94565209278269     
   160.66606867700040     
   155.20724286042312     
   150.28578390000288     
   145.61635673965736     
   141.06751806320136     
   136.38025078745812     
   132.37804884596773     
   128.40935984964588     
   125.04557896482119     
   120.87242981203710     
   117.18542791707664     
   112.98675373121515     
   109.89423987797676     
   106.20923471340525     
   103.71977517423736     
   100.15252408627650     
   97.448723001215029     
   94.976557920691903     
   91.600603910504248     
   89.066279673552160     
   85.812110934619795     
   83.324278407443586     
   81.526212508018332     
   79.522684555525217     
   77.362194350275885     
   74.858324956901683     
   73.322002364132516     
   70.639371236024445     
   69.716015403503533     
   67.418260907658876     
   65.821511820021385     
   64.040196544776407     
   62.362337724511249     
   60.428827536720448     
   58.655059038177654     
   56.534306238693681     
   54.641706823887048     
   1056.4986978793834     
   1019.4608576169471     
   991.30376158844422     
   961.57503450238778     
   929.94123801077978     
   896.46626448492395     
   866.96849296000050     
   835.51596438364095     
   803.13330459098756     
   774.72892537536859     
   746.39899922409450     
   722.83631151023974     
   702.71249543195358     
   679.94421471588237     
   658.81487071019171     
   636.22379116178877     
   614.81182347995252     
   594.75655433739098     
   575.87857923294428     
   560.35487271853935     
   544.45181610696727     
   527.98440846440656     
   514.59959897550823     
   501.17594851140160     
   490.25068455925287     
   477.07262195652493     
   465.92799119141733     
   454.41368411152877     
   445.85186969820450     
   437.31637337965662     
   429.53449042973455     
   423.66005911874049     
   415.21948928520516     
   403.87385059172095     
   390.76016099687229     
   377.11294197966515     
   363.35773561919046     
   351.12774614894272     
   338.91559762009456     
   326.94465417639140     
   315.61894753541281     
   304.16267644664765     
   293.74453085457844     
   284.96715971196545     
   274.86041331449775     
   266.22989860500633     
   257.17532317497290     
   247.31322853720883     
   239.70574347880924     
   231.82952660007220     
   224.32788394938751     
   216.98448523415883     
   209.31840458962836     
   202.50949521807519     
   195.65879401770792     
   187.79867588317040     
   181.21384041705363     
   175.82339514176152     
   170.57789191718791     
   164.38589215327818     
   158.86798631472999     
   152.70927011031409     
   148.52353703255181     
   141.86994104800442     
   137.84298695789150     
   133.14121992567885     
   128.52941494328252     
   124.43640683646410     
   121.99698931103700     
   117.11750659189410     
   113.02833116313688     
   109.22874178566579     
   106.53266442593898     
   102.93863595525005     
   99.185163526354174     
   96.103628100668459     
   93.528023787261986     
   90.713410896119186     
   89.394273373826934     
   86.347662238334038     
   83.607427821164336     
   81.897616807356371     
   78.675015875065299     
   77.217997040872064     
   75.474116126186289     
   73.729545246073343     
   71.988293418077362     
   69.302693742983593     
   68.326253005807899     
   66.161828727672216     
   65.447955098144519     
   62.641568336357309     
   61.705213781434040     
   59.891203474011249     
   57.879970958845682     
   56.247427751716884     
   54.700584492856450     
   53.468945479207385     
   52.407998135474287     
   50.352470294013564     
   1064.5750828878856     
   1027.3407723825846     
   995.70595485095805     
   959.82651769075994     
   927.26976185958051     
   888.27303693696922     
   849.62874724593189     
   814.41353465994086     
   785.58641407597167     
   757.77788196266692     
   733.58269376164083     
   709.45952718888952     
   685.56985217521242     
   662.11628181932974     
   640.19273238645656     
   618.99279204663287     
   595.71512245869735     
   575.49213199988117     
   558.90091266548779     
   543.15671373198290     
   530.52749668909939     
   515.61021730883397     
   502.30550235613617     
   490.55640054697233     
   477.92495637899884     
   468.14796122157259     
   457.92557209687516     
   447.82805725482706     
   438.51124440788703     
   431.66982642141875     
   426.21827291242971     
   420.91420240497411     
   413.70916301975609     
   401.21219289539272     
   382.87065523798469     
   366.26975509234921     
   351.92718399530071     
   335.53529123939529     
   321.54296048936328     
   309.79782535947493     
   296.69978970065586     
   285.48935963827881     
   272.73577966636975     
   261.41547284966765     
   251.61741534912417     
   242.09931731464167     
   233.38916792552249     
   223.36971369484638     
   216.94498778976740     
   208.84493496641983     
   200.39357224690750     
   194.46909274942985     
   186.19389227404727     
   179.76032970672421     
   170.80651502612170     
   166.00116301071597     
   160.81512453766408     
   154.65141867890173     
   148.73922175107845     
   143.64179408783914     
   137.84756467018798     
   134.47876214578932     
   130.04317084966019     
   125.08695556229071     
   121.09001563059226     
   118.02981189216580     
   115.13751797365089     
   111.33622328092807     
   107.45918929996347     
   104.61872442790494     
   101.88999569642263     
   98.536540316672586     
   96.001839622966159     
   93.646119993946868     
   90.101878866778762     
   88.660904298119988     
   87.126018624260936     
   84.504253311622094     
   82.848423316127764     
   80.635882709761120     
   77.966871388547588     
   76.569350022070310     
   75.618520695896095     
   74.913491375649784     
   71.956994892822991     
   69.712427180547110     
   67.789404882135187     
   66.237951736620261     
   64.585047489316850     
   62.410102531131969     
   62.074741516375248     
   60.718156930888135     
   59.420306562748962     
   57.142398125532985     
   57.019922158225910     
   53.881745681797184     
   53.629288337836783     
   50.493928204382641     
   48.999865595268531     
   47.747461290331209     
   1070.7335197131652     
   1036.4358312399158     
   995.11402476763806     
   951.67200536233406     
   906.40461106776479     
   863.48278454125716     
   825.27314721263951     
   790.24756819142431     
   760.33854117845613     
   735.79184552364825     
   711.59134382650677     
   690.06008144508189     
   668.59859696166268     
   645.14796009065481     
   620.78836905355172     
   595.56981102909754     
   571.90902130554912     
   555.39635947567172     
   542.73782882777550     
   530.02404369187980     
   516.64005937637558     
   506.95481777694692     
   492.36452345908287     
   479.70695331576536     
   470.18860363602766     
   459.57872678538877     
   448.79645554377544     
   440.46886569807958     
   432.59460881900770     
   427.35869283324882     
   422.95638787903977     
   419.25783528648935     
   405.42644748012174     
   385.69794318547372     
   363.72155786923520     
   345.16658744657855     
   328.86282467574159     
   310.50125358597131     
   295.18930140155146     
   281.55995629860439     
   267.84778527148359     
   255.73282029295615     
   245.52089875800291     
   233.42669724457869     
   222.27932204038240     
   215.53494094251869     
   205.27385777396080     
   197.63320626659697     
   190.08801379856737     
   184.66133839328509     
   178.06511190157056     
   172.72318667514503     
   164.37551731136512     
   157.64285192250713     
   151.46087653022968     
   145.62786580593951     
   140.75784048738279     
   135.81495729567021     
   132.38986723713720     
   129.29642998166636     
   124.80718465687272     
   122.59448954247875     
   118.55019497133935     
   113.28347271576523     
   111.94893469270805     
   109.07522915767808     
   105.64714671654005     
   102.32775989467912     
   98.819454621764095     
   98.003727227092014     
   94.639151299435454     
   91.914376122526647     
   89.674291270237362     
   88.441995392533372     
   86.368302584464431     
   83.373083634259260     
   82.653795417713837     
   80.236538926405117     
   78.248645400747037     
   76.438609400124705     
   75.772030273865724     
   73.568362173276938     
   72.806375156035244     
   71.203953963605301     
   69.453526840600304     
   67.045342815787123     
   66.483597129238163     
   63.567119520263311     
   62.438630885027820     
   61.377702979113238     
   59.923411726911489     
   57.635855220322341     
   58.056153320387835     
   55.871305174285908     
   55.182589865882129     
   53.878489976762609     
   51.801158009682190     
   50.827871355459472     
   48.489139472261805     
   47.040679864442573     
   1086.3346518961180     
   1039.3742402259902     
   983.36032658828049     
   929.03737403074456     
   880.19295552747349     
   832.94300436885351     
   795.76365588226645     
   763.36837050167628     
   734.95410628588456     
   708.36705666163084     
   681.74494130282210     
   657.32500749521103     
   635.76570370700119     
   611.37382561497725     
   587.57797274532413     
   562.00573031170336     
   532.53953531425395     
   521.18695575744380     
   509.88530851959808     
   498.77960575599747     
   489.49095148599633     
   481.19809759212802     
   473.53434945577777     
   464.32162233085006     
   454.82905122010590     
   446.10745177059374     
   439.86088692244505     
   432.97931657393184     
   425.24496632845648     
   418.79823394050061     
   416.06644970743946     
   416.56743512124422     
   393.72714479840397     
   367.00378547051417     
   341.13621355230060     
   317.58205799235805     
   297.23220029666197     
   279.34215529240794     
   264.37731328141280     
   249.93725255311563     
   236.19721798587969     
   224.79864880792661     
   216.78363962389977     
   207.15763362606450     
   196.71999623219918     
   192.61508320088001     
   182.94301532470791     
   174.86021637607851     
   168.44330712413060     
   165.59561753222593     
   159.53053602818639     
   155.35442164755420     
   150.94600010544613     
   146.18549995845646     
   141.76637929648965     
   136.00764708098188     
   131.96081548388744     
   128.91873253948026     
   122.91329353151720     
   119.73247123562594     
   116.94694105405907     
   114.52955269643834     
   110.40335487036916     
   109.64393174104551     
   106.71515470252719     
   105.22356521301910     
   100.42671660336705     
   98.443828371747415     
   96.513768230651323     
   94.838916360445097     
   89.811250482334628     
   89.739924575001226     
   86.693783653549573     
   85.376073480883363     
   83.854681646260062     
   82.441152377222352     
   81.141221527402976     
   78.779043321150326     
   76.061259639199321     
   74.357551356787823     
   73.084421353701572     
   70.882946265280864     
   69.918399333648452     
   69.243936800775671     
   67.501833696884290     
   66.226121000514496     
   64.880501982392488     
   63.766457927155386     
   60.799298863430465     
   59.938769962487868     
   58.783398114509843     
   57.143956346658072     
   56.834169683184676     
   55.555009136942537     
   52.801728733037400     
   52.205120147312371     
   49.778404464029535     
   49.213368385163655     
   47.885599423637260     
   46.153646373140347     
   1096.1088668778534     
   1036.8906166528959     
   961.52773860572415     
   888.88889773595940     
   832.90951788932796     
   788.61047105840794     
   751.59129886916844     
   719.55496760006122     
   688.41890756403848     
   658.93881515532848     
   634.06560360466881     
   607.96896079475960     
   584.82819538002309     
   563.75289714931739     
   535.16677436608018     
   501.75940676803936     
   469.86323675321682     
   466.56286344530582     
   464.63778615582095     
   460.44447813173440     
   454.00558695006021     
   447.52467594356892     
   442.69042332461180     
   436.56116587600729     
   430.03011047075847     
   425.38755021895486     
   418.86442960060060     
   413.83988147585416     
   410.09072219272332     
   408.08724094098466     
   410.63648384390262     
   412.57663708131679     
   381.38266943575888     
   346.92632660499572     
   316.64514937422598     
   291.98571537431275     
   268.26531952572236     
   253.27915989954892     
   241.28412569281153     
   228.26193878260875     
   217.99655040993304     
   205.64105731925503     
   198.16518516340119     
   192.95764813660864     
   184.76615816062304     
   177.85257922898251     
   173.96587480428150     
   166.29373215958674     
   160.30527359460717     
   154.82601452262463     
   150.75871339382326     
   148.91329840299940     
   143.44402695473315     
   138.11052781719070     
   135.11721241295021     
   129.78775255703280     
   125.25651262023901     
   124.82792646013013     
   119.72114155488592     
   116.68938737339018     
   112.39235144493856     
   110.65811427297274     
   107.76034371422395     
   106.13306218030029     
   103.08639325773771     
   100.32428543279048     
   97.139700744084507     
   95.385243371232320     
   93.409944698909982     
   91.946395838289320     
   88.661646586802988     
   87.367193305333274     
   84.522744160926322     
   82.456084176381665     
   81.768155658388537     
   79.894355982156597     
   78.345556838021139     
   76.757916899355280     
   75.470190127251499     
   73.619231147087135     
   70.821104611127367     
   69.407532463674841     
   68.625792771647411     
   67.510568630313173     
   65.581277074515782     
   66.098237076084033     
   63.871421987857879     
   61.497856442995200     
   59.929702038761569     
   57.870480086917297     
   57.444778898118770     
   57.390421084562988     
   55.694582930617585     
   55.047606723212418     
   51.672568980238538     
   51.042620115679831     
   48.804233101659364     
   47.291413723542647     
   45.750890622135358     
   44.737321304082734     
   1106.3051450202347     
   1011.7282821789586     
   907.90953136115832     
   835.45260932510530     
   775.95896503809445     
   725.90474883441345     
   689.98876032329713     
   659.15920348244060     
   626.20673887303133     
   604.02593541576721     
   574.65458275452443     
   548.04846653110133     
   522.90459672373277     
   504.80767787806087     
   479.34399072103042     
   434.92532135566239     
   395.96661792639486     
   396.33410228542726     
   403.10544159104245     
   407.75543689507447     
   407.81610095849504     
   409.12415563693014     
   408.29480948133073     
   407.28578892833104     
   403.72619479364675     
   396.92322902363014     
   393.75988366623523     
   390.79448676650992     
   387.26540732884121     
   388.69097969832131     
   394.92227270464792     
   402.77092402988438     
   364.20398458639977     
   327.00401055576435     
   298.77011925645439     
   278.19772859820654     
   257.40730037470212     
   240.12153993814991     
   231.53328709641653     
   220.01849081631605     
   209.97978419586198     
   199.39832250726064     
   191.69733172028850     
   188.19851233761304     
   177.43433432521877     
   171.61710218436639     
   165.62913138616787     
   160.89594269482041     
   155.39136632241249     
   152.86778717798751     
   145.26049377059107     
   142.83795844888979     
   138.48486574855630     
   134.73600684849148     
   130.19445323541419     
   126.15368635262126     
   122.25972632115580     
   121.39878558077535     
   115.66091267785549     
   112.49119802169807     
   108.11116416096098     
   108.35287075074919     
   105.21416796289763     
   102.77799099849764     
   102.96595353195877     
   98.230398925964849     
   93.833510610293459     
   94.561741405967041     
   89.818662649741100     
   89.499513375328021     
   88.535289787465061     
   85.514406181663873     
   82.401991432136143     
   80.097794368068804     
   79.374630804334714     
   77.046208097548444     
   77.327098483939068     
   73.621682237309841     
   72.900091794106913     
   72.166546325603704     
   68.974152616014365     
   67.477843327820835     
   67.253960562733681     
   65.319090469573155     
   63.967226207136100     
   64.160725868678597     
   61.531943824991451     
   59.681198294415559     
   59.424655901163575     
   57.713626960170750     
   56.343432494159650     
   56.377236055022834     
   54.789475971026164     
   53.881711015431151     
   52.565605657481619     
   51.021211727097622     
   48.842610665594691     
   46.808351371007831     
   44.624541862708966     
   42.565007128347517     
   1124.4601332930322     
   975.86404650282361     
   847.42708227066919     
   771.26465803658778     
   714.79740018590428     
   662.04878895004401     
   626.68407132333164     
   599.07804722556580     
   569.78071172923887     
   543.62162332609137     
   518.60432389376479     
   493.52033176289899     
   470.72270908056834     
   453.91817572255030     
   431.58348034692420     
   386.98498939117593     
   329.84334144332269     
   325.45014964468299     
   338.66441799871791     
   345.96036602047741     
   357.71647145394462     
   359.86717520797976     
   363.45035192094531     
   367.21696909154275     
   369.77619997177214     
   368.27152766840595     
   367.96682663434149     
   368.75289248652825     
   367.54417788637556     
   368.40456426153310     
   380.68041879030835     
   396.18562500562393     
   354.64722331845468     
   318.68145748738982     
   291.83338465423083     
   270.46788343759857     
   249.94304504082146     
   235.28162176934757     
   223.24258474048537     
   213.16599607290644     
   206.03371467295514     
   194.44030920707834     
   188.96528956862130     
   181.40522757249127     
   174.06523561672810     
   166.32682783738045     
   161.40574436243094     
   157.19914785055852     
   150.54127024015281     
   148.37196065135882     
   143.56870894809521     
   140.71470561670733     
   138.37461356813154     
   132.30714729067267     
   129.10064222580706     
   122.61228250446993     
   120.88322363798960     
   119.90541545329705     
   115.31661556452386     
   110.86639789415415     
   105.67248700978833     
   105.66918985003328     
   101.30080351549537     
   100.50903398509513     
   99.477273523637308     
   96.216143758532752     
   93.772536894466555     
   90.449582076663972     
   90.243733871836426     
   87.277333966829275     
   85.258015740625581     
   83.840469314480629     
   81.217243687498183     
   78.444732401824893     
   77.252477293180490     
   75.224963575339132     
   75.898098244693330     
   73.223379399065465     
   71.048868768260093     
   70.860189449587551     
   68.130190294024828     
   67.825318195588281     
   65.937492945143688     
   63.969737152877848     
   63.089882675304921     
   61.503478177629816     
   59.735023735655886     
   59.657895843196457     
   56.897560291603519     
   56.171211689771788     
   55.561496499589722     
   55.139004934353352     
   54.452924286820824     
   52.630876946790409     
   51.767149370270509     
   50.454862044166980     
   48.807553524946613     
   46.633351020459699     
   43.784157209725919     
   41.740289527370408     
   1146.9859624858152     
   945.12384963970794     
   807.76043604948654     
   723.67403810554856     
   661.80101678754443     
   618.36273562183760     
   587.75336403634742     
   558.17365039466426     
   537.00692766109876     
   513.45748879966936     
   491.89190850990917     
   469.02854782202661     
   449.22767498964180     
   429.80306873598556     
   404.60612842279716     
   361.85820463407072     
   305.80619256915679     
   290.35504759167202     
   286.79214259926584     
   295.14816760911236     
   305.02448270171124     
   316.89156397904964     
   323.17402617272990     
   328.75916876082908     
   333.77998882754503     
   339.87714965859254     
   339.65014738541021     
   339.67361448243042     
   344.61578222416227     
   351.73117264755820     
   363.20636918116429     
   385.76912127395423     
   348.78122149425161     
   313.13385880493240     
   291.02122238055841     
   265.81642913260316     
   246.95095386737859     
   233.40235570482793     
   220.41420192754751     
   210.27951657153159     
   202.89915544077192     
   193.07262674388429     
   184.93257371154922     
   178.29765481227298     
   171.76154526654122     
   162.73195579904882     
   161.27375142942543     
   153.26427681308422     
   144.73196269879230     
   142.93606203587660     
   141.45480706939225     
   138.79699904858498     
   136.53650376817424     
   132.38613708529789     
   126.89785228993111     
   118.10090143981715     
   116.20327952808734     
   115.45919464323858     
   114.38178841853683     
   109.30413950979974     
   104.22150354423849     
   103.57761761792931     
   100.73912979003686     
   98.648817753753619     
   98.331112023849954     
   95.190446044664071     
   91.895481842619645     
   88.083728541030155     
   87.334505009535548     
   85.397859207057806     
   84.217426880506039     
   82.973169062060791     
   80.349224849735123     
   78.328021954678562     
   77.054738351539413     
   73.928959212407008     
   73.684056134912055     
   72.267390427238723     
   71.063077362289988     
   69.149221104679228     
   67.529213837106994     
   67.397294011949015     
   65.042330836922119     
   62.825501153838339     
   61.345027178400542     
   59.505771560897685     
   58.522651985926487     
   58.416980483220271     
   56.543209625021504     
   55.371727063397941     
   54.204041758615702     
   54.215878633199026     
   53.464589372984392     
   51.417851438291990     
   49.958987577549600     
   49.153949533176970     
   47.054288596269842     
   45.637879654021901     
   43.105746464539322     
   41.281147166148358     
   1176.3375124515812     
   946.15250359819231     
   808.37357848459169     
   710.85674268489106     
   646.49541690218837     
   600.52361554197262     
   574.11491723151209     
   547.50290241484515     
   528.86875846002010     
   495.26566812128726     
   481.05871675546246     
   466.61986894599602     
   440.16903495237096     
   420.51937010610681     
   399.15143362454376     
   350.90120325665589     
   297.66372355669785     
   286.47698037489391     
   270.78880454603421     
   274.20952709151601     
   281.99386601626418     
   279.79254405369818     
   286.01782794506113     
   296.28167165057971     
   303.21324994632243     
   305.24995980317379     
   310.36144426004364     
   315.53107440467937     
   323.41416797055206     
   329.50374367599090     
   342.84600057114852     
   372.46787587113920     
   342.52642357104764     
   314.90424438968830     
   285.96616360403368     
   265.69878469107874     
   245.85282268271436     
   232.20868531458984     
   217.99140497749900     
   207.02802179453201     
   202.43384487000699     
   195.48607760240898     
   185.07034241152328     
   176.36579193048124     
   170.88128879859025     
   160.94812040386859     
   158.34244394161456     
   151.02472236222886     
   141.88175359574777     
   142.28250806747283     
   138.30101074238067     
   138.07625421550742     
   132.89906003076038     
   131.45069473043901     
   124.82659185611514     
   120.16308433355451     
   114.46009146924720     
   111.86039728190381     
   111.03433980248960     
   108.81596095799496     
   105.07840574241389     
   102.36367623391808     
   101.31509948369597     
   96.197974912004071     
   95.369504491637954     
   94.828415194741268     
   89.812105290796197     
   88.387940835526422     
   85.381425289931926     
   84.785630627528590     
   81.853005776810306     
   83.815738211381287     
   78.496863745385326     
   76.804441407812959     
   75.757770679565965     
   73.014104624779037     
   71.518079618289846     
   70.689187653018706     
   69.770167684376702     
   66.996311508613445     
   66.643977429454210     
   64.957366161838777     
   64.121712211492280     
   62.501214281046828     
   61.359475935394272     
   59.437069393285114     
   58.103285332846433     
   56.578975165084032     
   55.938906617420997     
   54.479056691166363     
   53.900552192467899     
   52.889952836314805     
   51.466140886917842     
   50.710722546901323     
   48.356862926672918     
   47.454051200757313     
   46.474319897675528     
   44.741178264762873     
   41.728400414580221     
   40.251114708220939     
   1222.3856962478187     
   981.54350233426828     
   826.71690168039720     
   712.02236938694955     
   642.73923346170523     
   606.72150579310778     
   571.03209210901719     
   544.66023863965358     
   514.85904216760389     
   498.33332212299973     
   487.32248578263778     
   460.50262284170128     
   434.81152457043470     
   415.18263156462820     
   392.66880555064927     
   341.20163731689030     
   279.75706647705152     
   277.69087217439863     
   270.73356903710180     
   272.50032474555115     
   271.61465193487373     
   273.63866585661833     
   276.04544880136984     
   274.62389257205098     
   278.00266818900730     
   283.91187429949298     
   286.57953019960053     
   292.35701763097677     
   302.85600038073625     
   308.70227667079587     
   322.91711092757879     
   357.87452484476768     
   339.92802171782165     
   317.02611381136205     
   288.12591032132701     
   267.12184242585329     
   246.00502922359195     
   234.76897145988306     
   218.68044518975762     
   207.17939021298417     
   205.72115976045632     
   193.17834225482903     
   187.05403883606877     
   179.14924652770603     
   165.43887675478544     
   158.38425063680478     
   153.74548509302875     
   149.30776703658594     
   144.38595090067255     
   141.55019974863856     
   140.66342554367139     
   135.05353256521892     
   134.00366691931040     
   128.18889822707732     
   125.01357415200275     
   121.27711385486884     
   112.59069026549487     
   110.48563156924291     
   108.58964899912560     
   107.62180679611670     
   105.02528555815597     
   100.43787329807697     
   98.104847885982252     
   94.772540296838429     
   94.801798948602638     
   91.982044830533738     
   89.568260357299209     
   87.267838000027695     
   84.816133638451888     
   83.509660624939656     
   77.739621166132778     
   81.618085416011269     
   77.558137164389677     
   76.550629801412725     
   74.271060339268828     
   71.480995214534744     
   68.753363415950261     
   69.144793843145351     
   68.571204673268170     
   66.439200915681681     
   65.859862550012622     
   63.199874174518563     
   63.013320599775518     
   61.611295254095872     
   61.013777387337676     
   59.439068102662091     
   56.997315425565269     
   55.598265044406105     
   54.855881500200113     
   52.824860946984032     
   53.436554763064329     
   52.210520141773621     
   51.149245225903165     
   48.967905726422444     
   48.442863455275933     
   47.760141268260448     
   45.406534142171651     
   43.221030928927050     
   42.226361215624252     
   38.806748279013135     
   1256.9126422398854     
   1018.5263503622623     
   851.80713134343716     
   734.86175975653123     
   661.60363635446515     
   613.52007468963870     
   564.06323578290517     
   536.44217939559428     
   512.15156591935352     
   497.66445096952930     
   483.53677352104972     
   459.73625639167778     
   426.44283072765813     
   413.39099653101914     
   391.59935812799881     
   327.90686813817968     
   270.96032071456921     
   273.98918601157180     
   272.50780195688691     
   270.91798357599532     
   270.44414116032380     
   270.30643300093561     
   268.93814204092354     
   263.89162437575550     
   271.12039020653282     
   276.58325316090287     
   277.29131215728609     
   279.52764297212070     
   282.48157968810182     
   292.15172430921348     
   300.29824003775371     
   337.79861421734034     
   334.52892364853278     
   315.16009216230304     
   291.94269029438226     
   267.69783526973987     
   251.37545022482490     
   233.88094728144577     
   221.95429858642100     
   206.47854922528180     
   207.88038281550928     
   192.60029334991151     
   186.50158021368105     
   181.96127453091782     
   167.19047829608564     
   154.93728589880854     
   151.71918792220580     
   151.56369075108529     
   142.42534338656802     
   141.27089911907589     
   140.87000850246704     
   135.78550418460910     
   133.13724343719466     
   129.90782058127209     
   125.31871594754779     
   121.12931352904032     
   112.51619197213073     
   111.82306615273890     
   108.58101204452601     
   106.94012820304556     
   103.64974987567172     
   99.233382293761622     
   97.029412131088861     
   93.614542435402811     
   93.528352941930123     
   90.540907902284218     
   86.818857210556004     
   85.957941438212032     
   83.898918798446090     
   81.087047711045059     
   78.917454103426365     
   80.295900639666613     
   76.066850469929349     
   73.634930439943915     
   72.394507648525291     
   69.496207656667110     
   68.751892459974158     
   69.529323004512293     
   68.209796085844374     
   65.745887923871607     
   66.144374257552656     
   63.254138817713361     
   61.700811885091113     
   60.529394611080718     
   60.265564509066039     
   57.571349765482410     
   56.930136887505412     
   54.261179209730642     
   54.591628090904152     
   53.427110497556221     
   51.977793516579403     
   51.345517621863500     
   50.665393064953875     
   48.739008901530028     
   48.448690255071227     
   47.651575847571223     
   45.072046386176183     
   42.427629213283097     
   41.316524774643334     
   38.737351139052834     
   1292.7004202907619     
   1053.8039005353246     
   870.56409018270233     
   756.35321723323602     
   680.76444874584922     
   631.83409553452316     
   574.37196340086359     
   529.82316322445058     
   515.47102415313839     
   490.11060766477846     
   473.50684000546306     
   452.15979546754176     
   423.01973654927281     
   414.84412389300695     
   385.04917723037681     
   318.65064328023414     
   267.61183413099877     
   268.61891227517509     
   265.69261736179647     
   268.52511108939757     
   270.20686869941528     
   263.92689064881290     
   264.51888878985596     
   264.06150621723134     
   269.36027618981785     
   270.71404075220710     
   273.21384816052898     
   273.87230479188548     
   277.77632038587296     
   280.02832497359020     
   283.76919958160681     
   321.71640472978441     
   325.84379486423251     
   312.02906544400435     
   292.39240090457122     
   268.99432650592962     
   254.58842014294549     
   240.23301432683212     
   221.94681451263224     
   211.05151658380026     
   211.36680337254018     
   191.45073849946681     
   185.76280098637818     
   184.88709306139177     
   167.13644911703739     
   157.14282111540302     
   150.44307682539784     
   150.49349777860877     
   144.46144642142221     
   141.94867411226079     
   145.10111989704669     
   137.29382421489598     
   132.09232199262775     
   130.48365341169722     
   124.93096964403547     
   120.47656226946948     
   110.43888044183190     
   112.20349267316551     
   108.98941830750638     
   106.83108598111770     
   103.60588141129260     
   98.843143529709224     
   96.687768699517477     
   92.994001819615306     
   91.848030023508130     
   89.677748372389345     
   86.432972510854839     
   85.285536399577495     
   82.650272177318627     
   79.019291884924272     
   78.028533870367710     
   78.274640587567561     
   76.269943606414458     
   73.139765624937382     
   71.835674003098660     
   69.462097605872202     
   69.121495191192494     
   68.792874695911948     
   67.775077391644516     
   65.618583689856692     
   64.101782568006129     
   63.576433333323024     
   62.406528440392094     
   60.361438177361521     
   59.217980831304921     
   56.987695453411185     
   55.991145138818560     
   54.461213145077643     
   53.219947969694140     
   52.910286572167990     
   52.020177107140228     
   50.819637685105221     
   50.581156920563309     
   48.021464705556241     
   47.086558736032231     
   45.899739712824683     
   43.118973800882195     
   42.681164666682584     
   40.739476501111319     
   38.108889878955928     
   1323.7593132873119     
   1074.2368489549490     
   898.29801514513701     
   785.00107278825124     
   695.99618089632690     
   652.64928407455704     
   586.39001490695387     
   538.45821234502682     
   509.64723973426305     
   493.76802949419920     
   479.32268814745072     
   440.84600380839049     
   425.43242754530979     
   412.67467566159485     
   377.08459006012470     
   306.92372386601403     
   266.81717661488398     
   263.92644784999004     
   262.55576788558699     
   263.47424665252260     
   260.34513526180535     
   264.96725070853171     
   267.11024921267921     
   268.31368295040579     
   266.92511597615214     
   270.96899716367807     
   268.37492146146224     
   274.97601354598368     
   273.57619992084483     
   278.24639787826499     
   271.00728352199042     
   299.75686115252154     
   314.72069456482274     
   310.93786842145607     
   288.83260072190433     
   270.36798414212603     
   259.13114669717754     
   243.88524740434045     
   226.29432269848252     
   214.22844871558596     
   208.34217779397738     
   194.51538631169328     
   181.98634269176316     
   183.35977437807912     
   171.36362709153065     
   162.31000603389089     
   153.06920726474530     
   151.03524172583803     
   150.67240498203481     
   143.89973392902408     
   147.51928641301328     
   136.64706222662633     
   131.59738526925412     
   131.09611619790815     
   124.22219611775941     
   120.93712976391421     
   112.31616715786605     
   112.34299108770442     
   108.81267811644076     
   105.77457849434522     
   104.38971331069411     
   96.779293561712095     
   95.650129585408450     
   90.190572006535490     
   89.194198062708310     
   89.406016959453694     
   86.666136803185537     
   83.935903691174644     
   82.640539327010586     
   77.763141289256083     
   76.936864628549202     
   76.636868879572987     
   74.970780832612490     
   72.354793168388056     
   72.950107004645048     
   71.160178110829520     
   68.185325202471319     
   69.104786801116092     
   66.096959069718181     
   64.177295962764859     
   63.531145492095121     
   62.971417265511150     
   61.623085952636131     
   60.190834372636630     
   57.953645716951598     
   57.387197661062928     
   55.767825096490824     
   54.585968974497661     
   52.513097169671589     
   51.975603397272664     
   51.684880806637707     
   50.080509378803363     
   49.945694947751690     
   47.628670268790259     
   46.629653136529939     
   45.014892761805427     
   42.897697164623281     
   42.164669306293732     
   40.785873191999094     
   37.653554355508106     
   1334.5789787987842     
   1110.5660852951871     
   927.82922143204189     
   804.54351448004695     
   724.87009049230460     
   665.95889048326865     
   600.51638447475000     
   550.79190859852326     
   492.42360833972145     
   490.33425541034603     
   470.49036558817659     
   440.95130079987905     
   401.83439891904874     
   405.13889769139109     
   384.99617735149479     
   313.29980200571782     
   265.82829225823792     
   260.03900651550242     
   263.53940977412896     
   265.12054508331914     
   262.11371225596736     
   264.22532522784985     
   268.89349508778395     
   265.76572584832167     
   262.79320583550162     
   262.73457009906855     
   269.10131593534834     
   273.07420065134204     
   272.77135793355512     
   270.20843617843923     
   264.93045884110188     
   292.09972481075727     
   308.32291718163981     
   304.50777265474619     
   291.38970137853983     
   274.49057505470813     
   266.31820577349589     
   246.37284839581875     
   226.48968290193162     
   217.56154984776856     
   207.47326791822036     
   204.73152217147816     
   182.94881339792744     
   182.40299811598999     
   174.98694182677718     
   164.78125457965390     
   152.41063959931267     
   148.67619102493950     
   151.43052537210826     
   148.53873431660006     
   144.76815607950888     
   137.31234909850696     
   132.18131433051514     
   129.97635003524019     
   122.66681650559175     
   119.13918030121968     
   111.48028827213500     
   109.71472449647356     
   108.72497618124208     
   104.11841893756065     
   104.64557661488419     
   98.498998857787925     
   96.933056069617038     
   88.655695834072191     
   89.418785946577003     
   89.463453024173447     
   85.158993530925912     
   83.459496615361218     
   82.561045850073214     
   76.827774324820155     
   77.224566028679547     
   76.015462307740975     
   75.120665326232569     
   72.261038496874065     
   72.552798845072601     
   70.506962749690615     
   68.458624272245089     
   68.427530730092656     
   66.619611468488429     
   63.845358293515112     
   63.710041104078769     
   62.329437473920734     
   61.181654323091607     
   59.101698099352646     
   57.854097374999533     
   56.083751230997940     
   54.721362851493225     
   55.263578880508447     
   52.365888564302651     
   50.247923666466974     
   49.963833550371355     
   50.064485369397417     
   49.318143247337105     
   47.415031535486705     
   46.609109216620411     
   44.115571260545629     
   42.983599542045283     
   41.479910595963588     
   39.220475943654009     
   37.531942447021407     
   1334.5972627679232     
   1135.5702422373056     
   973.54297268799019     
   841.69531273598352     
   751.52216250089430     
   671.88642385235664     
   621.15314491885704     
   570.12841308463612     
   504.76979785166839     
   501.60446366082988     
   471.65902639009386     
   446.18971898221821     
   422.03180050428398     
   390.92254001190315     
   375.51697919355388     
   308.61892664513249     
   259.20627895541770     
   261.11949713733395     
   270.33326635291098     
   262.45191832997898     
   262.26493330874854     
   262.93116360799945     
   263.58737622489360     
   263.40219315338749     
   262.07298651609085     
   262.58729842189354     
   267.55525136475961     
   268.22380169111716     
   269.04500501949764     
   266.53085124272741     
   261.81186675196057     
   285.02156745847373     
   301.77383558601349     
   296.40964354029512     
   294.42011656118717     
   278.08182447709515     
   261.10057319241776     
   245.58601677318993     
   227.93298020434159     
   214.14339394384211     
   214.63860421249373     
   211.33653474323341     
   184.06185225593364     
   187.79840402268809     
   182.77815551743697     
   171.97623589848681     
   157.22223684675402     
   149.60250004406285     
   152.61135635325124     
   144.14245643705800     
   143.03685887950331     
   133.65031991968783     
   130.42892504531497     
   123.58780907314791     
   118.71322488288313     
   113.75653087744540     
   110.71335458423329     
   110.16851633751597     
   108.99342702805262     
   104.06676202385441     
   104.21962551108402     
   98.561399499943633     
   94.225389936680358     
   89.148725198567945     
   89.111061363384081     
   86.885737196612126     
   87.579159720720796     
   82.562337823572165     
   80.736327244759664     
   78.017482960504651     
   76.569010379913053     
   76.250576881510497     
   73.472975454017174     
   70.524105327910362     
   70.475278540323529     
   69.827837649001609     
   66.449240571212584     
   66.876943600205351     
   65.832751933831943     
   64.145764570290254     
   64.987848094891163     
   61.986464966305839     
   61.002055297690276     
   58.966860125007720     
   58.069976177859559     
   55.465890420636583     
   54.625990887127038     
   54.068491726089476     
   51.460951052857681     
   49.575635720793976     
   51.119027378843157     
   49.097473098655399     
   49.142549176334427     
   45.857705327720396     
   45.703624829356336     
   43.331436533840716     
   42.909066334479903     
   41.686241766240784     
   38.669672712403361     
   36.023053279267188     
   1326.8719144968168     
   1151.6752849060194     
   1003.2354109801962     
   867.13167388608497     
   746.71040193344231     
   653.73973551797462     
   625.87448806896145     
   575.41053160955357     
   534.04213553778231     
   488.71699882803478     
   454.77021312185764     
   454.54394511203583     
   435.07388478409121     
   403.62149409634185     
   354.92804585347193     
   306.69526485730603     
   263.32493793292548     
   267.35686060180939     
   263.66998766220229     
   258.07177643905209     
   258.16003213546105     
   253.56470102481273     
   262.08327360218152     
   260.74767947448493     
   264.84939479108323     
   261.04322292411143     
   266.79266435152783     
   262.98721354712274     
   263.98749899574955     
   262.39236406622626     
   255.59391239890235     
   273.52543160725168     
   299.63355416751045     
   302.07185937777757     
   289.30031988803671     
   275.32965506639891     
   252.33636553379199     
   239.09569717889349     
   234.61689646300451     
   215.37768029488234     
   214.85527003486931     
   217.39152071459739     
   191.45601717080569     
   186.05681984217250     
   186.33682081264891     
   173.28609702256620     
   151.34089739444417     
   151.78056690890722     
   149.14366738949005     
   143.27246716950586     
   138.95409345978254     
   133.61029454068697     
   130.37525785370639     
   114.93644558561340     
   118.07627039131100     
   111.01581142779351     
   110.95489247772417     
   111.56221522242787     
   108.28409687143028     
   103.20690718696781     
   105.89592160692293     
   98.170741954370442     
   95.491122070770942     
   89.831202044979065     
   90.220178958358801     
   88.713438679209702     
   87.222430036730429     
   80.711641058113685     
   80.520432627299144     
   77.908114179854238     
   76.258831256809515     
   74.761562386377122     
   75.311615337304488     
   70.961691420373967     
   71.071698698396162     
   71.069766069183729     
   68.221622269793528     
   67.028882684760703     
   66.094445480363419     
   64.119830727664095     
   63.531347754608014     
   62.077276364590389     
   60.871799613405805     
   58.848887456666667     
   58.123887785938891     
   55.868316786317706     
   54.159152520226655     
   52.848014459934369     
   52.553992686878139     
   50.189227228220908     
   50.396759750522222     
   48.644361983588567     
   48.124653055588624     
   46.931548325819513     
   44.018851579758213     
   43.459933725334729     
   42.068177773049420     
   40.856685657941171     
   38.750468290515634     
   35.771703950474880     
   1350.6443069407910     
   1179.9781871301022     
   1025.0097089843039     
   871.51384326635548     
   745.38065704571227     
   673.56936938951503     
   644.65127494420972     
   597.70298914247439     
   532.17518444604400     
   482.70379619750361     
   476.44802738818134     
   452.14958154396732     
   438.36547761102719     
   411.48305496304459     
   348.72384333150859     
   275.28325412675650     
   262.87642796210315     
   257.18731869190884     
   257.78815634808382     
   262.69656669434534     
   256.80467436692891     
   257.35654894825956     
   260.52841091859227     
   261.96089550685565     
   257.64801798602525     
   263.26526797722249     
   263.62503735562507     
   264.32106923729214     
   261.29290516786091     
   261.36481209682006     
   253.99139347153789     
   265.37159058124570     
   298.72545705353133     
   303.37607128973525     
   291.15646429486947     
   278.46377064058163     
   255.68444748250496     
   238.38577464256889     
   235.45728028775872     
   217.86560653916251     
   211.47532836170205     
   210.05194064346998     
   192.42781627462026     
   186.89103085053654     
   182.73833095539581     
   169.51965794031764     
   156.71193021903622     
   151.31636034555851     
   145.36114427448911     
   144.67137835035399     
   142.39725527484345     
   138.01472383172808     
   129.69855457031429     
   116.96672814841665     
   120.29627250297607     
   112.77568164818811     
   111.10797066852345     
   111.93395569418223     
   102.48030225419174     
   103.47515128284961     
   105.85630744859535     
   99.012809696803743     
   93.670142690089108     
   90.587326778143975     
   89.031763474555817     
   89.250502462763379     
   84.477309795654179     
   79.468283611309914     
   78.290404593819659     
   76.479615884263083     
   76.290655672986716     
   74.446676804797747     
   73.362201775948364     
   72.203720617761036     
   71.787181014170145     
   71.366013326733096     
   69.243328082440186     
   67.118394397224037     
   65.490642882984503     
   63.044786259310754     
   63.851393153147441     
   62.451584049280470     
   60.614027299917105     
   58.137019720473575     
   55.958191856749487     
   54.904920744448241     
   54.866650421909945     
   54.017142461623152     
   52.392803357157383     
   49.950702873468167     
   51.242410392248559     
   49.351379058765581     
   47.716920864848376     
   46.647229223123489     
   44.243334464503974     
   42.539012417455417     
   42.285506293334471     
   40.420058945712718     
   38.786333711815175     
   35.263941481639044     
   1365.0122644231578     
   1199.6784293344485     
   1033.0895798630786     
   885.92628029468267     
   765.44654195676458     
   672.87443037848061     
   631.13726186426197     
   574.07966986745600     
   551.09254503767079     
   484.08151658650377     
   485.02586422476350     
   458.89950325588546     
   435.55089819174259     
   417.43362467495820     
   346.88789076864020     
   268.38782675852440     
   260.15229417218887     
   254.79226746225592     
   257.53535261258799     
   263.24084598826994     
   255.70837917883483     
   257.19081713157732     
   263.86500703527378     
   261.66196425897596     
   260.99451337179755     
   262.26306824643524     
   262.63878734281224     
   263.63467237741139     
   261.59515524284041     
   256.74973366782433     
   250.80313730390583     
   257.33773975508552     
   298.89407102297605     
   312.87620070894189     
   293.23459548488398     
   271.84910199352345     
   258.42607964346212     
   237.70846940115993     
   237.06077742255661     
   219.80209813394617     
   204.84211758303462     
   208.80313243880167     
   198.16750694463215     
   188.33531584117947     
   184.51037644951336     
   173.16357079609170     
   158.78554071667813     
   142.06880588381068     
   148.11945576229044     
   141.15914555924940     
   145.33494644499433     
   135.83974433292340     
   126.81674048610344     
   122.78078213038366     
   117.04397431870935     
   114.58605188948964     
   109.09601529157844     
   106.50737060703773     
   103.42350283422900     
   102.09324673537509     
   103.31209579974406     
   100.20312740589475     
   92.523187120727954     
   90.235613614939098     
   86.577154931605733     
   89.122281270599444     
   83.859711930511949     
   81.528402853160685     
   79.376236246784444     
   76.577356733361071     
   74.476757089918650     
   74.276955803326345     
   72.388572445125703     
   73.227289999386130     
   70.192892456592602     
   69.678651804070938     
   69.097259614005949     
   66.970702736416911     
   64.556937461919958     
   62.401488129209142     
   62.312508400496121     
   63.276914221758943     
   60.681975628774453     
   58.178662920711261     
   56.044412182018810     
   54.475989007099308     
   54.366105966412825     
   53.689652568916998     
   52.938549322180990     
   50.930460361511514     
   50.591342094670537     
   49.433757269280093     
   47.845953801953179     
   46.196838694226088     
   45.045748597705042     
   42.516389456826673     
   42.313060695035816     
   39.882531476206800     
   38.263064875268356     
   36.514861290102544     
   1355.8898192278039     
   1189.6558426666845     
   1049.3436837555155     
   898.89623753349508     
   779.24137784430911     
   676.39694247146758     
   626.72378798877082     
   552.86420191526179     
   533.47201892590112     
   470.23230756463590     
   493.86191395544375     
   459.18030860691863     
   422.27393991218628     
   402.55852778170151     
   344.40325810967477     
   307.07180440099853     
   255.66277420795026     
   249.94127600076368     
   252.86349879747263     
   261.83402991673256     
   261.15110137407663     
   257.79885565182468     
   259.21394334760987     
   258.45329844166332     
   259.78746219310113     
   261.93831713220544     
   261.50303963984811     
   258.42537766083404     
   259.61571667598309     
   257.87015565568385     
   255.75560485908977     
   263.04898619679534     
   284.97000217715492     
   302.35288032874712     
   284.12033174224621     
   273.99526600033340     
   263.80816112079719     
   244.93756811769344     
   238.78733775725334     
   219.37860922448618     
   213.49554950196003     
   208.90180166547714     
   200.28747100271607     
   190.17928145130949     
   189.70959165467448     
   171.60433487565930     
   164.98193045033068     
   140.21631753350951     
   153.48257097710788     
   141.64086621035645     
   143.41714141496001     
   135.17789580793641     
   122.19894452594849     
   123.66149770246757     
   122.71204887513817     
   114.40217596512548     
   108.74593192421682     
   102.77540759580006     
   105.35724250185800     
   104.90556120155394     
   101.64562021220905     
   100.27053022202175     
   95.531787733841753     
   91.747306574877257     
   85.544845804264128     
   87.939071258576931     
   83.722839743850102     
   79.207208244659199     
   78.998424673477018     
   76.014425686500331     
   77.535341424111209     
   74.392283217421067     
   73.247459839230785     
   71.828504316401720     
   69.818490429911208     
   68.558625757137648     
   68.295392888021439     
   65.636079431855720     
   65.458535685661658     
   61.282580173629555     
   62.343188470629187     
   62.096876305592012     
   59.412777719895594     
   57.792733515687104     
   55.159649397866943     
   53.656386496881076     
   53.473428227378335     
   54.625352585567612     
   52.727842305734278     
   51.386075923705988     
   50.820198271732650     
   49.399554340470090     
   47.751220802301333     
   45.872104378963670     
   45.201619182361227     
   43.200736604396425     
   42.210791271384792     
   40.705078884784314     
   38.361122301272410     
   36.089904930452775     
   1334.8055725443880     
   1201.4963992796906     
   1072.8069864252616     
   888.96193160158816     
   779.06421698679117     
   691.25046964125738     
   653.47365700379646     
   569.91573039580601     
   497.49582319002553     
   459.81198906124962     
   483.89981913063542     
   451.58055530939498     
   410.73936890531775     
   404.59442386780029     
   356.10060305419603     
   313.61925837226181     
   252.88577092351096     
   253.17048385079511     
   253.19344933632283     
   260.02600509349520     
   259.10913693510128     
   257.84022119949611     
   260.64341208263585     
   261.08592838485060     
   260.91999913352998     
   261.49399054700820     
   264.18132115855940     
   261.01809898337837     
   260.11489187844069     
   257.16249298457774     
   253.42831490587943     
   255.84424891564345     
   279.26261137534630     
   300.02896047766183     
   279.67347572520600     
   269.19779271566586     
   260.83278282615635     
   249.06903386045914     
   236.65696975772119     
   223.83389707097331     
   223.25473028862561     
   206.91614065774056     
   194.63465052416046     
   192.83584975742519     
   192.80629275270115     
   173.35062690694767     
   164.18262827423388     
   146.36435806968592     
   153.38040044945697     
   144.54505974047424     
   141.95123243746235     
   139.08391677281620     
   130.39360952687608     
   123.86237211531642     
   121.41695211805732     
   113.22619828312432     
   110.30206050869018     
   104.02625290744231     
   104.55320036353240     
   103.15406491843702     
   98.217373861321278     
   102.50884869078170     
   96.166653149785105     
   91.055233222667169     
   87.401523995031170     
   89.373200018640631     
   85.526169356375704     
   80.229110263446898     
   81.588956521694712     
   77.637315825459325     
   77.594648106452496     
   74.209499921476223     
   72.713653136278012     
   70.970149652030273     
   69.293575136393187     
   69.336124021407812     
   68.112791925543419     
   66.788812467659440     
   64.645449689109924     
   62.140773020859854     
   63.158117799776818     
   61.213798301291838     
   59.124929692025432     
   58.207664187029550     
   53.502543677528209     
   53.395647154218366     
   52.565578901297435     
   53.817708558595228     
   54.519818279518582     
   51.328150368888636     
   49.682809184571184     
   49.730233415851814     
   47.706297439706319     
   46.595957809154193     
   44.869511537436303     
   43.060250486218465     
   42.079183168998746     
   40.468719830755880     
   38.221293157778291     
   36.359572998703250     
   1327.1693510492980     
   1201.9847012051757     
   1062.0983455073651     
   903.16811810089575     
   782.37123618140868     
   704.28071065419124     
   685.33464423359419     
   591.34291552124353     
   487.09252627614126     
   471.17524195925137     
   481.79947326441334     
   438.35148678926316     
   409.40848784435758     
   420.89411646547615     
   377.28691096313025     
   313.23104142474097     
   250.85029596350176     
   251.96167331899801     
   255.57691114468534     
   259.77822611016910     
   257.82518712162937     
   258.90041959567492     
   261.31265466323703     
   255.66346919426553     
   263.48896559187659     
   262.35189062580116     
   260.29129399908436     
   261.16821457360891     
   264.81726878760833     
   259.17043004314587     
   249.82079284134511     
   257.35540461806096     
   282.11037643996883     
   288.75786002521698     
   276.74128809269621     
   271.26161513040017     
   264.91604657598964     
   244.44153619494324     
   224.63697227439005     
   226.48758277108425     
   225.98722537329922     
   215.15156128526186     
   196.33070119990532     
   198.89448623830435     
   188.93528311806509     
   177.43666467809862     
   157.59007854804574     
   137.64709404169537     
   148.34966953545882     
   143.42341222535083     
   144.78197412985344     
   134.46424136343038     
   131.57339298024263     
   130.79285132111309     
   118.74137370200781     
   115.61065130710695     
   110.71412830454874     
   103.52846022877800     
   101.64185962843165     
   101.91145947172008     
   99.826706706776179     
   104.90036154401407     
   96.004650251068995     
   87.504263094957679     
   87.448616224863827     
   88.698065873823253     
   87.788656368700259     
   79.369711141159684     
   82.357741439253161     
   77.210221528292195     
   76.929091741182134     
   76.162339074722439     
   71.657713063587025     
   68.548623917433503     
   68.053279112185564     
   71.178518557369202     
   69.271915888198990     
   65.867375191399844     
   62.680080232910541     
   63.994390846203572     
   63.482943284749155     
   61.942898006207500     
   59.159497842267996     
   57.430937799746360     
   54.360145590724784     
   53.529264845984187     
   53.183835814345997     
   53.171820493769729     
   54.400986982955999     
   50.961164958644567     
   48.528011938177940     
   49.621686949057150     
   46.535460800763758     
   46.139981976735044     
   43.152310524321443     
   42.963189262012804     
   42.578071200689031     
   40.799071855218187     
   38.322386089575062     
   36.029119320395196     
