           1
        3200
           1
   992.09831112675079     
   939.34112850550218     
   897.97716031197842     
   868.14366393293597     
   845.38989240541071     
   821.54811120993679     
   800.07411820810523     
   776.13554582091797     
   756.59416444965450     
   736.73076960737001     
   717.31625715538564     
   701.53603248854620     
   683.76215069306647     
   667.86673269270409     
   653.34629156217454     
   637.37332391098414     
   620.86038843161145     
   606.34990289261384     
   592.52326397751335     
   577.27488848515054     
   561.91306181533116     
   546.75372353865794     
   533.41273007058703     
   520.81976870115739     
   506.68415073049056     
   495.67098225769911     
   483.05302541125241     
   471.55727889205343     
   459.31559608450652     
   447.22200473805469     
   435.40545677510119     
   422.90783938346169     
   411.13433242537724     
   399.69739832270653     
   389.49610005892595     
   379.79568427375824     
   369.04897909551516     
   359.66472017609840     
   349.51400864408885     
   340.69070253316715     
   331.82371864947197     
   322.75281095658613     
   314.20059094993525     
   305.72663926711243     
   298.07836658058193     
   290.83237076800776     
   283.56580102532246     
   276.46975214134346     
   270.15894564858479     
   264.26746315346890     
   258.47191457188950     
   252.19947741077735     
   246.92239911145361     
   241.68255815412761     
   236.73432422041515     
   231.78492779087597     
   226.84468264731890     
   222.45414440108783     
   217.86267333840536     
   212.93109840396994     
   209.09680600143858     
   204.94483385067940     
   200.95397910055425     
   197.12764293728847     
   193.40299808491329     
   189.19309732559481     
   185.82072162333262     
   182.09696469504561     
   178.40606050002748     
   175.05480186226109     
   171.53237072339149     
   168.04837405435842     
   164.42589167049297     
   161.28997149570617     
   158.33287868557827     
   155.22054909761638     
   151.91258496986075     
   149.08034972314979     
   146.02578156887577     
   142.98390074046310     
   140.30720654182281     
   137.47595241077613     
   134.77865376199540     
   132.34762786999588     
   129.74042238742535     
   127.09165066647861     
   124.65090283833865     
   122.11280361118020     
   119.80707332527895     
   117.74096084008342     
   115.40627218913421     
   113.15188320922971     
   111.06596836504170     
   108.91600244938562     
   106.92153820234881     
   104.86806931455487     
   102.86899566244564     
   100.80387573009774     
   98.848426132394124     
   97.010870834319817     
   1014.0640448437612     
   983.36867161233340     
   939.21430130604108     
   901.71411789687181     
   871.95628405130481     
   840.62652072473986     
   814.44351608222757     
   793.34083710579262     
   772.56415246122606     
   753.03949871191401     
   735.04967259268301     
   716.95626418284155     
   699.48005569518750     
   681.45535860504583     
   665.68625733732335     
   648.91778549115440     
   631.67044924794050     
   615.16568728962784     
   599.29146183281853     
   585.31178834635841     
   571.19650515872956     
   557.42461040983426     
   544.16398852846237     
   529.69397266486214     
   515.50174690753181     
   502.17924049519519     
   488.31562126597441     
   474.52699058369205     
   462.60841897981499     
   449.63838085333146     
   437.48655624477419     
   425.44356812906960     
   413.95389115421028     
   403.17342999803367     
   391.41500603710671     
   379.57962762123975     
   369.42402354834127     
   360.00778064776853     
   350.32690555147394     
   340.94252344147645     
   332.14904701361945     
   323.26726510041891     
   315.35349529488138     
   307.52832338298867     
   299.95869147109283     
   292.63126832324360     
   284.98480473767950     
   278.14293324250457     
   271.37789487310681     
   264.44401446116819     
   258.16796801372629     
   252.64377007442121     
   247.32682689386633     
   241.76146770893655     
   236.46681152344479     
   231.44584131225483     
   226.48967525649172     
   221.81791720307581     
   217.43185515268323     
   212.96557960408188     
   208.16807851087964     
   204.15678850937360     
   200.17077407734516     
   196.63116043189513     
   192.65968168516946     
   188.79482508045442     
   185.39208589308419     
   181.52060076849324     
   177.92871559456324     
   174.34529693491984     
   170.72661206393772     
   167.41310674066312     
   164.14749889757780     
   160.70124079166189     
   157.55222710794828     
   154.25713062288116     
   151.33995309808276     
   148.59761014284828     
   145.61452511379346     
   142.69669631471567     
   139.88980813131423     
   137.03875398777777     
   134.40651932037758     
   131.86600023646179     
   129.31807530554110     
   126.77837513092069     
   124.34218915796704     
   122.12429985340090     
   119.76002989843933     
   117.40429294451567     
   115.14591410806639     
   112.95728707745029     
   110.82634045412900     
   108.77466051177777     
   106.65297082862706     
   104.60110200347407     
   102.60986423288509     
   100.53698362608841     
   98.713083685647376     
   96.760836080034792     
   1016.2185374247657     
   985.34457727829067     
   955.34652620031466     
   923.40889400644687     
   890.02845095339319     
   860.08065901445116     
   835.80421413851161     
   809.40032278742456     
   788.75891454676093     
   768.01096485724554     
   746.85360130656022     
   728.46167282880208     
   707.77528723643559     
   690.59570796751484     
   672.57199164212102     
   654.58908756053575     
   638.14634094460212     
   623.04907497975000     
   607.50219875964319     
   591.73527936541734     
   577.08493633219996     
   561.82345145030479     
   548.57124699708038     
   533.09732524100900     
   519.08264925119420     
   503.55248971726030     
   488.88077755469016     
   474.86287590572022     
   461.58663374783544     
   447.80343318720827     
   435.91832638789418     
   424.31227286384308     
   412.64010349384932     
   402.25820923907617     
   390.08163772179284     
   380.17095751093041     
   370.14934577500662     
   359.46495906158674     
   349.45447470445396     
   340.02267505199598     
   330.51843085454806     
   321.84337819324884     
   313.84661429859187     
   305.65500303256516     
   297.61731076007999     
   289.34681244084470     
   282.40538262683225     
   275.69778927232284     
   269.49072636979679     
   263.44670820268584     
   257.54344805835154     
   251.25886726715157     
   245.35783480641959     
   240.23025454502178     
   234.75364846807366     
   229.83611577008543     
   224.84679126850460     
   220.54153908310656     
   216.11743227276381     
   211.77557209541050     
   207.78633933614321     
   203.57751282195107     
   200.17351004432294     
   195.99403058903818     
   192.32220354040913     
   188.75531564809000     
   184.81231603642684     
   180.89161148129097     
   177.45721226487856     
   173.65963557662681     
   170.29046980158611     
   166.98479810325927     
   163.45545087092688     
   160.22188052352556     
   157.11641355526945     
   153.89531761867295     
   150.65873009393601     
   147.81454532438084     
   144.60246817178120     
   141.85015627913518     
   139.05776841714231     
   136.37175451060892     
   133.91301719683580     
   131.12972746650394     
   128.43108395161653     
   125.93160840749373     
   123.46250109109130     
   120.96230049774462     
   118.62054801224505     
   116.31484449609752     
   114.16506199344467     
   111.89317549416445     
   109.68921519371787     
   107.51676413964699     
   105.55379149759545     
   103.39045823382531     
   101.27413586042334     
   99.296344574583571     
   97.362841105595479     
   95.386882786163923     
   1023.0975741056404     
   991.42379598529578     
   962.16038065287944     
   934.36036494955579     
   905.89740355527988     
   878.27624128880552     
   850.41487293674902     
   824.90059903838392     
   800.90238434730202     
   778.92843364729663     
   757.44460600466914     
   738.06910866823296     
   716.86353183434346     
   698.72593473978554     
   682.46465275201740     
   664.30973028940321     
   646.89966972512707     
   629.82984461833416     
   613.31152201512373     
   600.22677131193643     
   582.88369496150904     
   564.88518489684338     
   547.51785780230125     
   532.58161940722914     
   515.75270827077793     
   500.83252981708017     
   486.96907123954202     
   473.13116370485517     
   459.74360809748316     
   446.14064570193136     
   435.05398038496122     
   421.51502656090321     
   409.26669906171531     
   397.77698160286741     
   387.49023612920212     
   378.10295050007943     
   367.25477566057134     
   357.02410058803645     
   347.96900324431306     
   337.76187552131557     
   328.60246958705045     
   319.88729951500079     
   311.41370084017791     
   303.12753588064578     
   295.63850826180510     
   288.34288495081978     
   281.42647063417314     
   274.55485574843283     
   268.53219583441290     
   262.33687036786444     
   256.10135146118813     
   250.56474972991711     
   244.71626912341580     
   239.49082517428198     
   234.56374196288755     
   229.63208735945048     
   224.98794329022368     
   220.33185509876520     
   216.19422898779072     
   212.08923061567290     
   208.43279058752836     
   204.40905721298628     
   200.48544112199681     
   196.59222548595008     
   192.94807354943009     
   189.28411670106505     
   185.92466481680495     
   182.51719668498464     
   178.55970916589297     
   175.21912971823963     
   171.70777893408754     
   168.36460929532646     
   164.77270932387088     
   161.66752573465209     
   158.37482052879926     
   155.16638546484245     
   151.88564892658800     
   148.97389372527078     
   145.73824047090673     
   142.98312781279540     
   139.92049115857805     
   137.26827964620063     
   134.53341535545209     
   131.85975036983803     
   129.44314671398820     
   126.85020278534304     
   124.26965102701786     
   121.90807002301170     
   119.31119003628595     
   116.93395986758968     
   114.62095513018488     
   112.35535491762116     
   110.12254998938029     
   107.90299773458530     
   105.74062965136541     
   103.62325699022219     
   101.58441416262696     
   99.557855896421529     
   97.641413374628456     
   95.588834096589991     
   1029.6858726452360     
   991.73604835014271     
   962.74633553130741     
   937.18799261695813     
   911.54156199169961     
   887.29223503429773     
   861.32449106237004     
   837.73657606449729     
   815.40757811829030     
   791.67685907546331     
   770.01295129740515     
   747.84899581011109     
   730.14375092364537     
   709.35763185635039     
   689.95654006168934     
   671.94597846888030     
   654.39357296126843     
   635.27381207475537     
   616.43847564669829     
   598.26906383227265     
   579.52790326111176     
   563.03864904323052     
   548.08280176273433     
   530.86815823808320     
   515.83619767782045     
   501.74477192610743     
   486.34580725835406     
   471.60889979600796     
   458.91323777080896     
   446.46742785227536     
   433.75645914220348     
   420.97660803051303     
   409.62191137582988     
   399.41910409659181     
   387.82662269070789     
   377.18824912382729     
   365.91220662928242     
   356.01658803870578     
   346.97223800893613     
   338.08312339520916     
   329.60579504047939     
   320.69678687025305     
   312.12925767370666     
   304.33914771074876     
   296.87595364412124     
   289.70959409585316     
   282.68652381031222     
   275.85391003502900     
   269.37032541885446     
   262.77094888704897     
   256.80918510645404     
   251.65041044016064     
   245.97330972094375     
   240.15053135647793     
   234.87707025952156     
   229.64813674083103     
   224.77455139791843     
   220.06119357949882     
   215.54311400618332     
   211.49806000036284     
   207.37062821213101     
   203.88132777018947     
   199.88075609836164     
   195.90565597307742     
   192.69152426110617     
   189.00732144712066     
   185.20884442351357     
   181.53959370022380     
   177.68606074299746     
   174.03636975816940     
   170.37483080755254     
   166.91384542888008     
   163.38436451128010     
   160.22728662466525     
   156.69998627006538     
   153.79911253315188     
   150.49148975930513     
   147.55778207854337     
   144.62133601537462     
   141.60745330358432     
   138.69618006232980     
   135.76964220124199     
   132.90596847594099     
   130.07067996866382     
   127.40423838378386     
   124.84451952978328     
   122.31236115574298     
   119.92501206618368     
   117.34582328171800     
   114.97448278672319     
   112.61286055024297     
   110.07259321793808     
   107.74109967418559     
   105.64100441179411     
   103.56290635024845     
   101.36102952123534     
   99.168311263018779     
   97.070079873136180     
   94.975132931614354     
   92.905286936045570     
   1032.7258868542617     
   997.43486717661608     
   970.94085089598377     
   939.62960902556824     
   915.05055297220338     
   893.29590252415642     
   871.57704560760612     
   849.24633383152627     
   824.09612140299578     
   802.46803914625059     
   778.48644020047607     
   756.55699979045789     
   735.36078822933769     
   715.14255233956840     
   695.39730064126354     
   675.21766698389513     
   654.82689128886432     
   631.70581012928778     
   612.80062856553468     
   593.92422468584016     
   577.08385634802198     
   560.63131969668825     
   543.25940300989362     
   527.53122209377295     
   512.16470652668306     
   498.10527554271209     
   482.66018593481243     
   468.81176610153477     
   456.50647298136886     
   444.16498491886637     
   432.35526909179089     
   420.07620755822461     
   408.21967342010942     
   397.49291121778333     
   386.44153846283643     
   376.95172863185604     
   365.89746016927489     
   357.11165329173519     
   347.51666129794268     
   337.86119961217992     
   327.90563561789071     
   318.94752628875449     
   310.63761537984595     
   302.36041701478371     
   294.67458559686787     
   287.83971401396428     
   281.18602842864880     
   274.76175516253102     
   268.88272617812004     
   263.07051374367205     
   257.08666096190888     
   250.95496243485923     
   245.39247689116030     
   240.10857678870354     
   235.32138487847723     
   230.62617024502836     
   225.71269573852203     
   221.23246434025566     
   216.98751906601831     
   212.97114424653481     
   208.99125612439218     
   205.48106217332361     
   201.99052785275782     
   198.23819810380996     
   194.53442830436501     
   190.36586586250115     
   186.78394237720755     
   182.13405039034731     
   178.24081625758978     
   174.44654832982275     
   170.66936788072107     
   167.65556166527537     
   164.00826332595489     
   160.36572426573642     
   157.01660670624540     
   153.52092699215297     
   150.30405564259570     
   146.94955040448031     
   143.84323469531606     
   140.72681474733952     
   137.58948844989024     
   134.79479330879724     
   132.09483760384305     
   129.23453151450985     
   126.34049740513768     
   123.80570764889653     
   121.07292109437913     
   118.33744322865533     
   115.78758087456137     
   113.23346621141000     
   110.85011219916144     
   108.39151817712418     
   106.01681898503377     
   103.62117227334886     
   101.20922305746441     
   98.987470868625365     
   96.755133798950936     
   94.690976174240603     
   92.476725726635379     
   90.383557143082527     
   1034.5984318281990     
   1000.5686044665790     
   971.38460900023688     
   945.39760037026008     
   920.51601907239353     
   897.42429311858757     
   873.16385233927588     
   853.07448820800698     
   830.13691648198653     
   807.07853989010607     
   785.34523093883695     
   762.44946134946940     
   740.55383240160313     
   715.87241058787174     
   695.19046949165238     
   673.41682295135809     
   652.03039584208591     
   632.72549426184878     
   612.34430037624145     
   594.20248300565834     
   575.90472671539419     
   558.68653944330185     
   542.24512529169851     
   526.57509367784428     
   510.32381847334426     
   496.75573183941134     
   482.67719532030009     
   469.48629125529339     
   457.26656360413750     
   443.29581373029737     
   431.12229710553720     
   418.87622255992409     
   407.74869407175805     
   396.65127774213710     
   386.00751307165967     
   376.23639403831282     
   367.05590226965523     
   357.78244608018133     
   347.20962672568078     
   337.80754032754277     
   328.84080927250835     
   320.91660754757572     
   312.83002059686669     
   305.14256372745666     
   297.36751047713074     
   289.92952540871602     
   282.63604009843561     
   276.13071985931481     
   269.45519194975708     
   263.54456803596730     
   257.46461025583426     
   251.54098996287550     
   245.87478757964638     
   240.54417327936855     
   235.19901151391579     
   230.29422117594282     
   225.90520453938953     
   221.27195041364209     
   216.72281738114998     
   212.53096142517757     
   208.49190731679690     
   204.77518270482943     
   201.21453389409140     
   197.64446191396320     
   193.76193633334813     
   190.17359253304215     
   186.11633314603085     
   182.16432894388373     
   178.58120111219893     
   174.37370484459689     
   170.52838018256713     
   166.86370475456636     
   162.64839250570191     
   159.01803655952031     
   155.69845071893576     
   152.16848179521526     
   148.71302737911486     
   145.25409313833478     
   141.76004057927088     
   138.61643016952755     
   135.38282084444495     
   132.49594167625943     
   129.45572399011471     
   126.62059416920457     
   123.62279768747170     
   120.70469728331989     
   118.00035867280522     
   115.42415692138889     
   112.66447142270955     
   109.98921248123297     
   107.42918901391469     
   104.97042512826297     
   102.45077633767639     
   100.03636347181340     
   97.701310853788499     
   95.423500239835263     
   93.153306462649709     
   90.936543862774997     
   88.713226748700066     
   86.524290393266085     
   1039.4373572225645     
   1003.3329560142419     
   975.54838451743751     
   950.13999126620968     
   925.87520483971434     
   900.15911031342955     
   878.68687334668607     
   854.08324201948903     
   831.02275796343656     
   808.94345820690251     
   784.17636724405952     
   760.93256853294247     
   738.99176997859399     
   717.24089477423991     
   693.51992205317401     
   668.05163708828604     
   647.22116910474870     
   627.08387240466004     
   607.24500858087868     
   588.73154317480919     
   571.81307843971467     
   555.08163742147349     
   540.43093399031898     
   525.01866296107312     
   510.31006664544805     
   496.83085035029723     
   483.59925461263140     
   470.46107903563006     
   455.79510506949003     
   444.04979613017809     
   432.22829841373823     
   420.41337333315784     
   408.97589011874430     
   398.82060548163912     
   388.04591424285070     
   377.57436721416821     
   368.16864401199985     
   357.69831014685565     
   346.83782714249264     
   337.35316969791592     
   328.44398357647447     
   319.58016860970861     
   310.64483393402503     
   302.42766988321591     
   294.89807768912340     
   287.60449548409190     
   280.56288300966861     
   273.67253311628701     
   267.76800635519953     
   261.53420670013122     
   255.58792849090148     
   250.31069590060940     
   244.83272025911288     
   239.16699259198637     
   234.19754349328264     
   229.99662390811631     
   225.00821642380433     
   220.60844206487587     
   216.40127559223924     
   212.62683086242399     
   208.43529488799288     
   205.30926048074247     
   202.41044542202914     
   198.56514589363383     
   194.26484442022647     
   190.18264038225951     
   185.40685593138141     
   181.08340059154369     
   177.42812752785179     
   172.80537902559863     
   168.94038078800662     
   165.13532387691316     
   161.15401977003734     
   157.16637949061015     
   153.35891770903248     
   149.72511652013907     
   146.18254178250169     
   142.84817271187194     
   138.89417699135316     
   135.46794175941500     
   132.18800143117795     
   128.76380635410371     
   125.76635010104104     
   122.32468597445474     
   119.22127993836365     
   116.14410338916366     
   112.95877763821333     
   110.22075648459099     
   107.41598361987957     
   104.51341865745839     
   101.95553149810593     
   99.347163904577343     
   97.002961485588997     
   94.441485100023669     
   92.141184817165993     
   89.652218113179416     
   87.189052628094885     
   84.874159190537725     
   82.586632641571200     
   80.212842939434324     
   1047.2772388667981     
   1007.9636802798349     
   978.79426467476378     
   952.20512484881738     
   928.49592434919157     
   903.18376144442755     
   876.32510104725350     
   853.71407088898513     
   829.13208880492641     
   806.64070604774190     
   782.58030892186946     
   755.80583656608940     
   728.34702718028302     
   703.54643895265963     
   680.21511256169538     
   661.52778791261858     
   643.18918891339445     
   625.74815736996300     
   606.70787683346464     
   588.52455581731033     
   571.07845443346639     
   555.27019187280655     
   538.87963004081223     
   522.47377380285843     
   506.38127084828022     
   493.28503857736507     
   480.05965776431009     
   466.92721585053471     
   456.31134960262648     
   443.21638678219443     
   432.09044838829584     
   419.85560180182250     
   408.84512155395504     
   396.92396588417296     
   385.30395997912751     
   375.14015798206134     
   364.46850476325983     
   354.82327374674014     
   344.55535523901779     
   335.92635530092957     
   326.00775662878107     
   316.19715509810476     
   308.02905636755258     
   300.06120862517110     
   292.67265842657133     
   285.49467852627089     
   279.01359636015411     
   273.18498164609593     
   267.18771817726616     
   261.19405747151615     
   255.19943667774552     
   249.40880304127364     
   244.30112791718318     
   239.35574107811672     
   234.45154176712833     
   229.75279414389462     
   224.94767921927729     
   220.25629528383112     
   215.98346730196428     
   211.88161902760504     
   208.51418037863809     
   205.06515556027804     
   201.34903231906881     
   197.56478388393583     
   192.84137960714079     
   188.98663400190185     
   183.78770137100520     
   178.97066926325172     
   174.19789083842167     
   169.34924134504865     
   164.82425622406970     
   160.30577447644725     
   155.59457037998493     
   151.36918136176075     
   146.74182263336388     
   142.61103447788457     
   138.77395823002809     
   135.54787245754198     
   131.98132139977966     
   128.03793996812016     
   124.74179310288005     
   121.08152279124459     
   117.36394157393977     
   113.98587601188996     
   110.95838961495457     
   107.87211056360402     
   104.72481842694262     
   101.94245037925695     
   99.242261968390807     
   96.531815894689103     
   93.725897468491056     
   90.996216408386289     
   88.724224350439329     
   86.221269274106788     
   83.943115946955302     
   81.416669696396610     
   79.367091930064049     
   76.943313149761607     
   74.772652128288414     
   72.545572186756075     
   1050.5992766528584     
   1016.1921879161728     
   986.45969793167001     
   957.81174678618731     
   929.65987512153197     
   902.22542899493806     
   875.30743293544856     
   851.30006979122277     
   828.54541535175508     
   800.80753753179374     
   773.02641551013517     
   747.77807875026429     
   725.32000961920141     
   702.85342593961639     
   681.54949183656265     
   659.25170018033816     
   638.72190925633390     
   621.31016594342384     
   603.33820415959303     
   585.75624766619717     
   569.40650350425301     
   553.98321326063683     
   538.75787661003733     
   522.91504981794924     
   508.40297262244530     
   494.48628349633481     
   480.79912945708548     
   466.30941960800919     
   453.51367741312640     
   439.80941291347835     
   426.20365492167497     
   414.85448246409481     
   404.55991624192075     
   394.15416778074785     
   383.28978986311631     
   371.31220986118853     
   362.00035534413951     
   352.65700745537106     
   342.46920394987092     
   331.31624560652835     
   321.15599435701273     
   311.51174212990514     
   303.43603379508630     
   296.33489359802712     
   288.90349321224062     
   282.19587051534302     
   275.78626435313595     
   269.35512591317143     
   263.32396004361846     
   257.38275130344437     
   251.21404652209299     
   246.27758651203021     
   240.96598417161093     
   235.77083982806684     
   230.52613891101828     
   225.92652416191470     
   221.21487762210933     
   217.22131142797514     
   212.71948150193629     
   208.73983207200450     
   205.43516689043304     
   203.18881018388211     
   200.09491403917451     
   195.26707434510590     
   190.28234456660687     
   184.69320327915565     
   179.09515056453643     
   173.33941528763449     
   168.61392884057409     
   163.07397060919209     
   158.87672599157528     
   153.59777737940581     
   149.17582058425671     
   144.46100672781330     
   140.34282143121499     
   135.83133027437563     
   131.45012792120130     
   127.25590119344599     
   123.11800853222846     
   119.42312716852565     
   115.67636606899904     
   111.95210078234513     
   108.30397685679144     
   105.23180983135975     
   101.51859245771446     
   98.557315015657665     
   95.319411982381581     
   92.271440546274206     
   89.438446660515908     
   87.477489481272144     
   84.918234127375598     
   82.777719832909753     
   80.394516017958125     
   77.726594119323238     
   75.936401319855321     
   73.779310821571826     
   71.532450778774972     
   69.472529610589646     
   66.920907774544673     
   64.695100499214917     
   1057.5129480130765     
   1019.6609527360281     
   990.36846140949979     
   959.40395962738592     
   929.35588160712484     
   901.56804456530244     
   876.99134036684416     
   846.40342571232327     
   817.40761559735085     
   787.07802888974868     
   761.86029575549207     
   737.45855292376996     
   715.10615272679524     
   693.44264023720655     
   674.57798129454886     
   656.60906397709903     
   637.04777407781739     
   618.05065047523078     
   598.95619628967665     
   580.48043268915364     
   563.04916168935790     
   548.02883919188798     
   533.28080799696272     
   518.04684658182123     
   504.23273489836782     
   490.46112017283434     
   475.96420931524301     
   462.52382641211409     
   450.06804072084731     
   437.81433561011380     
   425.98029677161321     
   413.78192934376227     
   401.04501216836854     
   389.38475571729930     
   378.47035757132778     
   367.63953331817180     
   356.21211640412992     
   346.19340336275047     
   334.59206396682862     
   324.29332612959723     
   312.67587995769708     
   303.16986969768863     
   295.38697171070157     
   287.85410954368791     
   280.93391192781968     
   274.59196521800550     
   268.58504389962064     
   262.48908766893328     
   256.34384538684867     
   250.94117486595954     
   245.60716336921018     
   239.92487143238651     
   234.55755634407410     
   229.74083947328921     
   225.12507607517222     
   220.63129263389985     
   216.09246567775654     
   211.98436006165679     
   208.15552494476381     
   204.92936007027276     
   201.63599812798066     
   199.63751337908585     
   197.17331469197515     
   191.22024213936655     
   184.60364474024161     
   178.25735637422741     
   172.48878704597422     
   165.62125979821431     
   159.03769682197955     
   154.03248828274997     
   148.91925300798019     
   143.34440214765507     
   138.25057610091790     
   133.68711210666672     
   129.31581714982153     
   124.98108692370064     
   121.00439924812241     
   116.78206021554908     
   112.90107720604675     
   109.04839983770997     
   104.65461217630961     
   101.66916856043781     
   97.753734076281290     
   94.612834809914119     
   91.398548885957652     
   88.473885356825392     
   85.459965089549584     
   82.605115026671839     
   80.054165597344564     
   77.845019523797390     
   75.594596210937425     
   73.852204240798329     
   71.025651616305666     
   68.872652031337097     
   67.129465988126299     
   65.547432778419875     
   63.642969761081076     
   61.516402962350838     
   60.039108168634542     
   57.518668246751020     
   1063.0945242880159     
   1024.5313417000079     
   990.92172766211866     
   963.50284530336125     
   932.48520710596438     
   901.06260968682727     
   867.68087298861747     
   834.49756179320525     
   802.53718721338180     
   775.53623114365587     
   751.30257677652776     
   727.06852898553348     
   705.07598343900077     
   684.90030246223614     
   663.02449617551383     
   643.58199549440451     
   625.11863969429567     
   607.20864977855263     
   591.03407083356694     
   574.21227156125042     
   558.04300906984145     
   540.53231781679483     
   523.12590565817391     
   508.78915851908516     
   495.04839702534218     
   480.01088031130422     
   468.04306111810831     
   452.34215718271946     
   437.34802600193223     
   425.35871051151497     
   413.56148584850058     
   402.06229425255418     
   390.77717280762090     
   377.51171215745433     
   366.83016924745209     
   355.20395087412243     
   343.44539891774400     
   332.41076353316583     
   320.51750588246728     
   308.34557816190829     
   295.63459286182683     
   287.27050833140345     
   280.51765436734672     
   273.66403525251769     
   267.60826409079084     
   261.29407771962872     
   255.54923800470274     
   250.14210081914752     
   244.95327276888997     
   240.20929091782369     
   235.69154141507624     
   231.11268403834146     
   226.40088093629481     
   221.82751789116128     
   217.55416954170002     
   213.32521890625327     
   209.56920468227634     
   205.30026720662556     
   201.78737731574495     
   198.35832879269554     
   196.21932527264630     
   194.08068219742748     
   191.98133181583242     
   186.08493418316215     
   178.10461082087025     
   171.00550935948192     
   163.34784360879212     
   157.07298132449625     
   149.89756302488959     
   143.37226472785721     
   136.78738033383331     
   131.79250084570262     
   127.10447024474820     
   121.43005969302649     
   116.11663638935890     
   112.40188834006452     
   107.33314461847301     
   104.25504169323348     
   101.09013516654936     
   96.850394701156205     
   93.594782164161614     
   90.996109875821617     
   87.633352010452441     
   85.421566573318884     
   82.811979585827586     
   78.473891568954173     
   76.253649602554688     
   73.886257787495140     
   71.847938840640111     
   69.428773805855613     
   68.220330990416628     
   66.548623663585431     
   64.725163094052675     
   63.425283785743069     
   61.110728965011994     
   60.263365973487680     
   57.361961682829246     
   56.472828078898701     
   54.618595244625098     
   52.987705612569805     
   1069.7446588002626     
   1032.3954604677217     
   998.38568983691914     
   965.34290699024325     
   927.31491605273482     
   888.29599816839607     
   851.21026379991486     
   817.19632853398730     
   786.91367153228566     
   760.25404744028515     
   734.39526741443979     
   711.31961766124459     
   689.97369960348419     
   670.22367746566294     
   650.13202044277648     
   631.06547198406281     
   612.53005499650521     
   595.92230474889675     
   577.79215312670226     
   560.13987016609622     
   543.07472945154905     
   526.03299974682113     
   510.68240172489055     
   497.63123534208694     
   482.09865359042408     
   464.88002034748985     
   449.83597602920321     
   436.82030348661175     
   422.30697304014984     
   407.94519026493475     
   393.61753496299991     
   380.04207290673196     
   367.55211599360882     
   354.93590769419973     
   341.10567909090565     
   328.10967574109634     
   316.64968538441445     
   305.21834196126662     
   292.79011391079791     
   279.41534233278247     
   265.32767221254426     
   258.65780173580055     
   253.82682070161087     
   249.87495237931370     
   245.46980009891087     
   241.33978454475488     
   237.01319065914774     
   232.70119880028838     
   228.39968534474883     
   224.09931136498301     
   220.03064284641005     
   216.01832807728499     
   212.37218356185673     
   208.47444615638361     
   204.82318208144363     
   201.22556836454964     
   197.57051842186303     
   194.60575798571000     
   191.47011533182965     
   188.48949180811584     
   186.14306034154060     
   184.91353166998354     
   183.35832537912449     
   175.25966915300495     
   167.00920553745755     
   157.99376180294570     
   150.46750021165354     
   144.62316116281104     
   138.03046033355656     
   131.21010050258207     
   124.55400934299678     
   119.40271786622731     
   115.22653626851974     
   110.80848404330956     
   105.27567338355998     
   100.82342413697289     
   97.985365181951352     
   94.183497910252967     
   91.365806515848476     
   88.197189053167605     
   85.565006739877703     
   83.437148659010120     
   80.868679615095104     
   78.652179762673057     
   76.278196428549293     
   73.761559491570537     
   70.869066058523089     
   69.499805588303900     
   67.340306741470357     
   65.551764595651804     
   65.224636304987044     
   62.341167128429021     
   60.784317208108185     
   60.211924277144533     
   58.603617195887210     
   56.543714254710949     
   55.295246431330213     
   53.225729393270491     
   51.575339803842084     
   50.292738773174129     
   1076.4718782629891     
   1035.8700402986328     
   997.31343317118194     
   954.43026379555249     
   907.86451915232283     
   864.70992253985196     
   830.17595203856911     
   796.19682937338462     
   767.16710434741697     
   742.06456245793754     
   715.24879926386109     
   691.46418682466538     
   670.61845924201634     
   648.93706003265572     
   628.90920697488457     
   611.03014498210598     
   592.13639580656320     
   572.45139187660209     
   554.69937674417270     
   536.07833440165598     
   520.36352405867399     
   506.16113445699557     
   488.25214242104528     
   470.18017068552746     
   453.29501825427656     
   439.44230210066041     
   421.64950165343328     
   406.30132594735960     
   391.36680131068522     
   378.38974009949334     
   361.95773890889177     
   349.51100811388881     
   336.16987543487556     
   322.76672814324985     
   308.39978406677278     
   296.94907980365394     
   283.32192479050093     
   270.87808282222619     
   256.62263640641942     
   241.93357370479663     
   227.81673293415000     
   223.27050471692974     
   218.30982802046728     
   215.00678540558945     
   212.39971370374897     
   210.54601958216068     
   207.88785510381328     
   205.09491795670198     
   201.95749101956946     
   199.36154155790078     
   196.20328213056479     
   193.44568396140696     
   190.18945836987271     
   187.50396062597409     
   184.85648854049163     
   182.05447779084582     
   179.99405793554882     
   176.99808737361050     
   175.69383694328582     
   173.73142820775448     
   172.29069324406458     
   173.05099661429477     
   171.72382387799496     
   163.08302259568188     
   154.16601386017072     
   145.96088677282324     
   137.99358710229555     
   130.66652954931052     
   124.18952638883965     
   118.59713307427685     
   113.88198064772986     
   109.06033694720938     
   105.92762668377597     
   102.13394006101575     
   98.431387643663399     
   94.783351844179549     
   91.673589548849293     
   89.412559618333859     
   85.989982842897462     
   83.823781783941001     
   81.682168682299164     
   78.579290986369912     
   76.333283490662112     
   75.134902197925342     
   73.613620917732987     
   70.630273244816280     
   68.318898888302201     
   66.501889921581494     
   65.955146155091640     
   63.742874482332716     
   63.349999128180571     
   60.609205552927577     
   59.812774991733356     
   58.201018194038184     
   56.977902567777043     
   55.399206432406380     
   54.193319257003523     
   52.199658721649740     
   50.192044068757831     
   47.969107217799916     
   1087.0465696142464     
   1039.7647719968911     
   985.64059213550490     
   930.38507685147397     
   875.98865746236447     
   832.77020587263723     
   795.48140523272946     
   765.26917581283919     
   735.94489174671230     
   707.13998083175125     
   683.48855615821776     
   657.99329758296994     
   637.16878453186291     
   615.31644233952170     
   595.48914713710656     
   575.10049506205814     
   555.45090723629880     
   535.86271017426463     
   518.16278807117214     
   500.29402560176800     
   479.51129387763370     
   461.54095214423012     
   446.30014451385057     
   427.35909190389691     
   414.38677906084780     
   397.50295995732245     
   379.35767301270920     
   367.26213514996863     
   350.97248119561743     
   336.89418401905897     
   321.39856370267285     
   307.86612316072825     
   296.01208486378368     
   282.92614112244001     
   268.87293918979765     
   260.54787707585672     
   249.03267754085493     
   238.48827542496201     
   225.65633570282014     
   208.93640541281579     
   192.24841830711057     
   185.65957004568799     
   181.81811100092312     
   180.82155807560150     
   179.96131165152718     
   178.56300683447006     
   177.08189772172037     
   176.97972545464637     
   174.71340104776181     
   172.52267473995812     
   170.95463851202891     
   169.01778536172128     
   168.53034830379363     
   166.79596630765860     
   165.30717181360285     
   164.12328926967098     
   161.78646667567153     
   159.57661170299372     
   157.52574842085528     
   157.32384609889340     
   157.88484801743948     
   158.09629973630925     
   151.87409302167595     
   144.27118555799751     
   139.01651731002553     
   133.71896637834601     
   128.57973056766360     
   123.16374076862785     
   116.78062026335769     
   111.75447682439361     
   107.82405848084784     
   103.17859941122904     
   100.68230057646382     
   97.117163603341353     
   93.789303202689737     
   89.552079920084026     
   88.366014940197644     
   86.035448420142870     
   82.913248040858889     
   80.726858097774681     
   78.677802311666298     
   77.171141184666737     
   74.087600936818419     
   72.127279976172844     
   70.385691000533598     
   68.504691036258421     
   66.621552003025670     
   65.035551866895219     
   63.743686281673718     
   61.639529148123430     
   60.914142166671652     
   58.888956801421493     
   57.466473726684526     
   55.758003981609647     
   54.496059129051957     
   54.294808841254110     
   51.517652413757645     
   51.014961357175139     
   49.670100540344656     
   47.447046230073660     
   1096.2445924324418     
   1037.9334828512297     
   963.24741911464480     
   892.83030241308165     
   836.94765562482166     
   790.85102688284212     
   752.07799963856576     
   720.64072979836862     
   689.42064339873627     
   662.56785405735616     
   633.41161358479974     
   605.39558028328861     
   585.94448457259705     
   564.97211419859798     
   542.28531265590550     
   524.63969936208559     
   504.53548773320381     
   483.27921216419873     
   465.96138677230385     
   442.88165036563726     
   424.50187622611458     
   407.50247310887687     
   396.11899903164340     
   377.16215651544252     
   363.80557482559931     
   348.88069298508378     
   333.33118781813454     
   324.11720819407708     
   309.32297777808412     
   298.01753489251587     
   285.48979682471264     
   272.45819707672632     
   262.77569727749557     
   251.99259956507012     
   242.10886562742229     
   231.80305808712265     
   221.50714881559307     
   211.26570563732793     
   202.54209457759589     
   181.98493123601915     
   164.02588666276142     
   158.60549025090364     
   154.94691050377810     
   153.07376107156938     
   150.92842911969942     
   149.04915342948539     
   148.09780197067653     
   148.19699765835162     
   148.73804075199251     
   148.14821300700561     
   147.55409742802092     
   147.42230149599899     
   147.17343256405661     
   144.77221434416032     
   143.85279779198174     
   141.86067196676103     
   143.28463263665415     
   143.04671178893693     
   141.88089179749971     
   142.51222858067467     
   144.06688372084329     
   146.55111917007295     
   141.89867800313198     
   136.05914911412944     
   130.18630119587218     
   126.33961191921424     
   122.52068581735523     
   117.66637538512076     
   112.04126801650031     
   107.98970594899691     
   104.36978162586996     
   100.71046063692566     
   97.983832370384093     
   95.016303854076313     
   92.486480494728411     
   87.053845685992130     
   85.801839095045253     
   83.756989917956020     
   82.427193393988745     
   79.237380384777282     
   76.876463659879903     
   74.703932500096400     
   73.199177318025704     
   70.550646918517117     
   68.728248885252526     
   67.129064772268379     
   65.238110381218405     
   64.130784261561388     
   62.951262753028068     
   60.372923323120020     
   58.870911027462057     
   57.570086713190555     
   56.182512724098132     
   55.464633288803071     
   52.440219173185952     
   52.317511862659103     
   50.930112557828238     
   49.207074808038932     
   47.639038538843856     
   46.066367559369866     
   1111.4613629155112     
   1016.5806446461970     
   911.64386586560124     
   833.27881247154676     
   776.47126542800277     
   727.86867550168165     
   689.53242844379349     
   657.19337439072683     
   634.52136279261265     
   607.67853116509843     
   575.43626445064956     
   549.89622640625066     
   524.72695837338983     
   503.82138700856638     
   480.49390686598679     
   460.43741926785361     
   442.46566019218568     
   425.82532571908700     
   409.63059758400425     
   394.61453787449773     
   380.59032022858077     
   362.92926591532938     
   351.10240047458853     
   339.68078976049037     
   328.59139117979441     
   313.02204284904587     
   305.14650112990182     
   294.40166798430579     
   284.04085852001595     
   271.51252788124583     
   263.26198840313259     
   252.41974881639072     
   241.94968984000514     
   238.76859612460368     
   228.73190174806302     
   221.25738036334229     
   210.14279860145390     
   198.12702076935804     
   187.38108647362068     
   168.10618292096228     
   152.11904027189530     
   148.31318741938375     
   144.18442299730424     
   139.39523329934897     
   133.64918138396928     
   136.47962919617268     
   133.31555937268834     
   129.45389944747538     
   129.97936881895677     
   129.77818747744277     
   133.19019540032812     
   132.82810310581044     
   133.03061569858508     
   133.13004953349807     
   132.73050245981946     
   132.30307179977626     
   130.98785957271949     
   130.48025013043184     
   131.32440762942548     
   130.76037579900202     
   132.67275806263063     
   135.03402544503308     
   132.47300358266841     
   129.24013169912698     
   124.26923297692035     
   121.81180457290407     
   117.94335190561505     
   114.48526590556875     
   110.85208941767431     
   106.81369587468912     
   102.24956616352797     
   98.777339954594012     
   95.112594478155131     
   93.331495453441107     
   90.486273231731474     
   87.175268124954357     
   84.252140605725174     
   83.506008502609163     
   80.414017520170759     
   77.705517903270461     
   75.770454731192785     
   73.925536286132854     
   71.705482317224295     
   69.726952875458039     
   66.476976129837126     
   66.021088396635463     
   64.220450328713198     
   62.425424642876152     
   61.054862486440314     
   59.522095284965062     
   57.727546581397924     
   56.663582338855477     
   55.595661998935910     
   54.432540273170865     
   52.158407240132846     
   51.138082680509982     
   50.485396413960920     
   48.621411842684452     
   45.955316684061366     
   44.886620823189944     
   1126.6896840816785     
   981.69834063177427     
   856.20900341412437     
   773.07492156230990     
   710.89076388335070     
   666.43790267436168     
   629.78284587318876     
   596.51390853011424     
   571.60640635238121     
   545.85615289401539     
   521.64632684610808     
   495.62709037899481     
   474.86221409051666     
   458.61859672710983     
   438.31569636016928     
   419.49548203202357     
   407.85044622839951     
   392.49063505736410     
   378.07213219218983     
   365.33190991155027     
   355.86819181510845     
   342.13514539656080     
   333.50857678659986     
   318.27511661033469     
   311.60513145727924     
   297.87719328635245     
   288.61311056993554     
   277.46262865455986     
   270.77516509667288     
   262.27362095668093     
   254.25042809466350     
   244.29592419954452     
   237.20912032379789     
   229.66565508005226     
   223.23374180151256     
   215.13885766675250     
   203.86364001942604     
   195.05243749150821     
   186.45820371947985     
   162.08039576209254     
   145.17365885999354     
   140.52682026525605     
   134.37851930113607     
   133.81741537528953     
   131.65289717297816     
   129.59922434155800     
   126.93734425001634     
   130.22830027239559     
   129.28549715908798     
   124.71742299066824     
   125.97938014403172     
   123.29163946864175     
   120.62151029353473     
   123.74827186714629     
   124.04422789678040     
   125.60891007855351     
   123.04743288059854     
   121.47326836879533     
   124.17785921074855     
   124.65424572826709     
   127.61377867793755     
   128.83304201624429     
   128.20336096160821     
   124.49038779277821     
   121.54129223742667     
   119.61867664667827     
   115.73392893500088     
   111.28090039729912     
   108.43808391854145     
   104.46112020847337     
   100.04921394824530     
   97.103234130521102     
   94.456314560457145     
   91.976517481769051     
   89.596707355442064     
   86.191707113557314     
   84.504818091829804     
   80.753710475511568     
   78.450764468809524     
   75.323086906442938     
   75.085572332448749     
   73.180675874534842     
   70.098516142152249     
   68.597300966547664     
   66.476349820171677     
   64.719647653260026     
   62.831396000613381     
   61.718100882063418     
   61.106995043663332     
   58.178357148263267     
   56.285014388015696     
   55.223797240450068     
   53.516624401833830     
   53.162122787549876     
   51.851724173422895     
   50.793864118063112     
   48.974886923721272     
   47.269793803523513     
   45.046157143145074     
   43.584851111449773     
   1145.6456705451578     
   954.18423062938587     
   814.09508281760986     
   722.82200625589087     
   660.19197998761808     
   618.01646387763662     
   590.91949804388400     
   553.02467201843911     
   529.37910223461154     
   518.59677419338698     
   490.76615648599704     
   469.32076038735170     
   457.90594346743438     
   436.33402656773080     
   425.81355157779763     
   402.17833627899512     
   393.00866980311162     
   380.50650289605346     
   367.81380529893806     
   356.92758863926031     
   343.51899173029040     
   337.01673850228809     
   327.67403097513886     
   315.53895743854366     
   302.92906740703540     
   294.30281725638469     
   285.05335910643930     
   276.51169252038443     
   267.57502504864203     
   256.75658788231641     
   254.33088599425437     
   240.83072434081521     
   234.88058417754530     
   219.86048393960206     
   216.38789228352783     
   211.19738676737023     
   200.92924596614205     
   191.35706533110732     
   179.69314609835399     
   156.27708447083256     
   136.10871445182286     
   134.00252743717624     
   130.88165587511531     
   128.97986342443252     
   129.97375138969193     
   127.44776249807990     
   128.04572222734060     
   123.83891666445902     
   123.71617466847148     
   124.47345315843867     
   124.93610741147359     
   121.00901870905732     
   121.83325498714593     
   119.85000049232920     
   119.77872924703344     
   119.20271278695193     
   118.60682175319059     
   119.73872965353515     
   121.01776423081949     
   121.72647499568892     
   122.53851793288453     
   123.64362414158168     
   125.48340096090314     
   122.33444877245677     
   119.93011784903388     
   117.52504847620953     
   112.77142117875731     
   109.70606446254129     
   105.94230149115542     
   101.50794458269571     
   97.690089831590882     
   94.865021174055755     
   92.239638287140806     
   89.571499111452553     
   86.863123070045077     
   83.873428642867765     
   83.540192926809382     
   80.450811700825994     
   76.897706627778604     
   74.783372942895667     
   73.194122727219849     
   72.895710189106893     
   68.220865145038346     
   67.530372890884252     
   65.255401097417746     
   63.902315072671442     
   61.759687655193531     
   59.969178379011765     
   60.372581910501438     
   57.279812728875214     
   54.868335922521013     
   54.007413686162415     
   53.071308844079070     
   51.878005884824965     
   50.677951398780365     
   50.645826813663291     
   47.656102987615753     
   45.974633137805171     
   45.000405410348719     
   42.624601026285433     
   1175.6638293893550     
   953.41492296979118     
   804.55291947125966     
   716.02350806969184     
   651.99240277775516     
   608.24313018152770     
   580.88639975372269     
   541.03258053323475     
   523.98449329873415     
   501.62055756101660     
   486.98690662707054     
   470.44927736455480     
   455.11276634895734     
   432.08511516132421     
   417.20943875621913     
   402.78419097436813     
   387.82530932029852     
   375.31696498285743     
   365.54930291635753     
   353.72331599511335     
   345.27245043397170     
   332.92232577037186     
   325.51496577024676     
   316.06974871682354     
   304.33043812902832     
   298.17665162942933     
   281.78746200759656     
   271.70060265583123     
   261.84849407073887     
   253.92039865239991     
   249.46001970279926     
   235.41603738397555     
   230.29932767639423     
   216.01367662728393     
   217.06638200873331     
   210.53503585866810     
   199.87957803055474     
   192.07051398655932     
   173.73279454371456     
   145.52571395310363     
   130.42868740323203     
   131.58588983639379     
   124.47872077100629     
   126.38187898799762     
   127.20284865414619     
   128.01376023848994     
   125.58381051857992     
   118.96522778895323     
   121.92284261708249     
   120.20522599142484     
   121.56702971798347     
   119.95019653560516     
   115.94630029638658     
   119.34775558549148     
   119.98347924276774     
   117.74476521523530     
   120.73627575641036     
   120.54131557258427     
   119.40649855109534     
   118.53683750371331     
   120.54909892768697     
   120.22578198356186     
   120.31986696472745     
   119.89703509508455     
   117.64907282743962     
   115.36714318841533     
   111.03305113270721     
   108.30945111749638     
   104.20222871562092     
   99.437593760454348     
   95.526258142624826     
   93.438276614826151     
   91.035868767614190     
   89.128179606795911     
   85.366806719412097     
   82.834887185032713     
   81.319212527453146     
   78.302869272714446     
   76.981214871077754     
   73.097566752630456     
   71.762392896058046     
   71.622239361778753     
   68.316386830782264     
   65.470494615062591     
   64.831721217999728     
   63.937206078049968     
   60.810772190431834     
   59.313532032391294     
   58.477936804563051     
   57.174533569168105     
   54.629156084463155     
   53.059893081752620     
   52.442714317762380     
   50.816801246675624     
   50.448416971361915     
   49.086547484817864     
   47.229599484214965     
   45.668518002746303     
   43.335180118908120     
   41.243121561877437     
   1214.5082423030105     
   978.27935247004075     
   820.45849359841463     
   725.67512612068390     
   655.48073083884378     
   615.57354051687173     
   571.70737140407607     
   541.45802293941699     
   521.97083396662129     
   497.43702134333728     
   488.44909120518162     
   465.18328893840328     
   453.94234594060805     
   434.83134489774392     
   414.11815636768773     
   400.60620260074938     
   382.81439420905451     
   370.49691137550593     
   360.16409128158421     
   348.06673266770474     
   340.46682858463589     
   334.04807620901295     
   323.15731754001064     
   311.67741011600725     
   298.21257007703252     
   296.76889148316388     
   278.58613505066069     
   257.03412744365340     
   259.28045589074367     
   247.45047190688416     
   248.78538837342055     
   231.47772982448728     
   222.61025253652201     
   214.75264904827907     
   214.23360029484067     
   212.99034729012192     
   200.47451495374528     
   190.17840170455145     
   168.35386152886221     
   141.54519698720816     
   125.50474528724432     
   129.70341317169689     
   126.64559904698598     
   125.06071046684909     
   128.34607104730685     
   125.24725907545417     
   121.06750302869149     
   120.00783034933258     
   119.42959982634524     
   120.74482926947752     
   117.73489361705619     
   119.52947407464660     
   119.21521593206774     
   119.04465956071908     
   116.54992682708370     
   115.70970404515947     
   116.42081348295113     
   118.74970217073758     
   117.59129111373527     
   117.64316858684944     
   118.72058874959765     
   116.98421521524460     
   117.18802441050468     
   118.54508339597601     
   114.37199484659448     
   114.39462881807339     
   111.46427824997713     
   107.66680020217208     
   101.94682045379612     
   99.146702649226256     
   94.328787987523967     
   91.148897150581973     
   90.878019151999723     
   88.817719584531758     
   85.520998954690853     
   81.524830508026213     
   79.980516290203127     
   77.697660051926050     
   75.799932865992389     
   73.497034105903836     
   71.748259418484508     
   69.377577106541068     
   67.080992558639622     
   66.042900220747185     
   63.777909918051051     
   62.422728515938473     
   59.490870969119264     
   57.575875987686956     
   56.772550151383243     
   57.222604381033072     
   55.165089280655408     
   52.893437373105428     
   51.649379728602810     
   49.611453041531263     
   49.030671984752360     
   48.171057554784440     
   46.685079387555859     
   44.542677866950690     
   42.152526891355954     
   40.365435714483006     
   1257.3552979435294     
   1013.2124576590636     
   842.30254970235922     
   740.44049556776565     
   660.63970303269241     
   617.94533036201346     
   580.47707121642532     
   549.14390871773526     
   524.40682086808170     
   499.55389850495430     
   496.52915226700497     
   463.29511742699623     
   458.89396349910260     
   433.42457384057246     
   417.17566757418217     
   401.59207951980591     
   376.66489517342478     
   366.01938310729474     
   353.65731678526487     
   341.33413160929160     
   335.92783786306944     
   328.73197852746137     
   319.01186891056960     
   302.66692526591441     
   294.07229761655094     
   295.20014615797402     
   281.34249885454597     
   258.62066863065252     
   254.95260639801080     
   246.58006498635655     
   245.60168820946876     
   223.51611482804725     
   219.08162167745135     
   212.42031118658744     
   213.45721177575101     
   212.35155089560459     
   200.81221184750757     
   192.87719869910200     
   171.86925104967466     
   137.91614765298738     
   121.62374840888050     
   126.24909961819847     
   124.12038548400206     
   122.22409602560538     
   125.23677382931089     
   124.32914461226726     
   121.88930013846124     
   120.98393138626065     
   119.21361073973382     
   120.64207258956340     
   120.70909139467415     
   118.93966788848215     
   117.40435808796759     
   116.18485839246509     
   116.43654605737689     
   117.74416725968904     
   118.56420573269290     
   116.04034277666211     
   115.82773877162427     
   116.45605775781665     
   116.20613851689805     
   114.93885267696592     
   115.01997714029919     
   117.55863257052644     
   115.59130601485373     
   113.14869415068526     
   109.69137125137343     
   105.63022977498650     
   101.48693766411309     
   97.550180251741779     
   93.442258755661570     
   90.438355633677162     
   89.306350974315507     
   87.451507527318412     
   84.771904265051290     
   81.742070123322733     
   79.548517828847991     
   76.531187697068333     
   74.849850119183415     
   73.488411405755670     
   70.904892671822807     
   67.996791422621513     
   66.446509264647460     
   64.934620564213276     
   63.059823542404544     
   61.144288435103348     
   58.850520759130227     
   57.531619834338130     
   56.662736903425071     
   55.144354707472587     
   53.726239016993077     
   52.162885139702880     
   50.032968140977822     
   49.507900796930301     
   48.215944916426409     
   47.458217239438831     
   45.411251840142867     
   44.382431184266039     
   41.739053833637541     
   40.918302501847791     
   1282.5932571059877     
   1045.5107277091379     
   868.32105069825070     
   751.49238007412316     
   669.58681036533790     
   625.15637338522231     
   587.13825842588267     
   565.19856620635096     
   531.13898900217941     
   517.01896858921873     
   501.05177313977623     
   466.70601699512406     
   455.24598236959741     
   427.93824958337450     
   406.93180124559183     
   402.45936015580088     
   378.94099764648911     
   363.50263015005305     
   353.76247887026335     
   345.02139711040593     
   338.66824735758507     
   336.39271138129300     
   322.71170480536273     
   295.81719175151784     
   296.74847756188461     
   284.13361908441755     
   279.82676716772824     
   260.92088319116129     
   250.87999513087783     
   252.01205893384011     
   240.05246305759408     
   229.41649289337872     
   224.51400966541277     
   218.95009476194309     
   215.42896756644024     
   210.33093035594086     
   202.96414322709660     
   186.03593960357290     
   164.17754792485263     
   133.24328788767332     
   120.41132530815806     
   123.73082742649007     
   122.79316750649105     
   123.55563739305538     
   119.87346814122246     
   124.90530647618030     
   118.00227113657554     
   118.77047712184712     
   116.88257050056654     
   122.43557610238838     
   119.84688183267700     
   119.24577323610413     
   113.54714609912108     
   113.47935715155933     
   115.80987193830869     
   116.65031310214968     
   117.49645441182335     
   114.18943289097326     
   116.62351994855734     
   117.33448129816344     
   114.43882085541613     
   112.03711782382325     
   112.13242748053892     
   115.09567057062299     
   113.96811158211183     
   111.26532435701907     
   107.49814502205157     
   104.31668697780820     
   100.58148597259661     
   95.091321166735696     
   94.230727541835563     
   89.914784155746858     
   88.328587149349403     
   86.908047541639803     
   84.237639398494409     
   80.765786249292091     
   79.140428957115461     
   76.376815079660688     
   73.475069692428306     
   70.951585984446169     
   69.271833488119569     
   68.250825637833671     
   65.563869738864298     
   63.577685325514793     
   61.580753604532980     
   59.755790027451035     
   57.702437980776800     
   56.241858729428159     
   55.804290344816245     
   54.476422251524369     
   52.475962104853927     
   50.776898185142770     
   49.984516610558316     
   49.526890465215011     
   47.929644815256168     
   46.989186053883266     
   44.702602131513487     
   44.382761759205536     
   40.593333271022274     
   40.447703568045391     
   1314.0369642375022     
   1082.9170078062862     
   905.77351118785475     
   785.04142386944363     
   681.24074660021620     
   638.76498767579324     
   588.82101100288628     
   563.95196723044182     
   539.91730293645878     
   524.28447255875426     
   489.56898659541343     
   469.44166801419675     
   447.47730587589086     
   419.72185584356532     
   400.70205597178131     
   397.67727858967305     
   382.96577396118721     
   366.26281239983132     
   349.69189247031181     
   358.56654095425711     
   334.95852271828159     
   332.52232275192233     
   315.83981967131615     
   297.80118644754884     
   291.19635903728744     
   289.89902099353463     
   268.13575710762564     
   254.06334514260490     
   251.13736002189759     
   252.21320921897313     
   243.80922830128497     
   229.09465667977494     
   224.20666133576123     
   217.17095462560977     
   216.48850674143199     
   210.33512860887794     
   202.20254676126828     
   184.38391392988319     
   155.01698741263860     
   126.16008492794398     
   116.19996185558388     
   123.45769878366215     
   125.65194790144501     
   122.59343014197165     
   118.03670875326438     
   123.94982496432971     
   120.39572903750886     
   118.45570291918000     
   113.03012142829223     
   118.78824181579434     
   117.47837991245228     
   116.75124326505252     
   112.37261276826312     
   116.24663247709806     
   116.68941511147665     
   116.28868260131878     
   115.95050537779748     
   116.26784428019977     
   114.43941582654385     
   114.01355457356104     
   113.52272814640816     
   111.29538630633701     
   109.33690397701950     
   111.49849187146398     
   112.92097118522017     
   108.71531428246128     
   104.47588766789565     
   103.04225803605773     
   98.860940353723862     
   94.019417377405929     
   93.941796502086504     
   89.896716794968000     
   87.350101367918001     
   85.584326014678112     
   81.759897560329534     
   81.153655033693511     
   78.577812150599684     
   74.909342122020135     
   72.497591328577869     
   69.749976655968993     
   69.137290127942308     
   67.815007081768059     
   65.825321230063636     
   62.859054313188636     
   62.733564179202510     
   59.855583027604908     
   57.729539757837721     
   57.232007188716977     
   54.867669309227466     
   53.461688418296561     
   52.247355758443256     
   51.432603985408676     
   49.274349861774880     
   48.613902115530770     
   46.600885688368386     
   46.025293650437497     
   44.606076970538894     
   42.896403496624771     
   40.761970835758582     
   39.122132831434165     
   1346.9270658324938     
   1126.7911268662201     
   950.32054421253213     
   826.51313960367577     
   705.41538617326523     
   671.09920334615140     
   618.39920660684049     
   570.86785000016334     
   549.01570815079231     
   518.59102338359889     
   492.11349020428889     
   485.11294148023944     
   455.35793535804390     
   418.86377537216549     
   399.46313586762199     
   380.82481971035077     
   384.91967113937113     
   354.30822666182462     
   338.67032250787480     
   364.08704329143296     
   339.24935366035442     
   313.08536825775076     
   315.38976479032482     
   301.27149228044436     
   272.70748819497413     
   282.56710005335322     
   261.46250556048699     
   253.35597133510231     
   257.24233065319595     
   256.47387072733130     
   241.01986422459748     
   233.40811561091232     
   227.37532687897584     
   218.89920135084805     
   210.48110197303262     
   209.44652796883813     
   210.17115160539208     
   184.15271199599988     
   146.96891924065679     
   121.06984780727441     
   120.10526439580549     
   120.54329803950448     
   122.02686934878736     
   121.11852949446256     
   120.89057142443794     
   120.87535533200918     
   119.57643544459089     
   118.19650497203683     
   112.16153647393307     
   114.26958866624945     
   115.59478092576254     
   115.61806877138690     
   113.46511688980050     
   115.80011532930619     
   115.15003012344997     
   117.48748598503400     
   117.85639071225516     
   116.17911461568968     
   112.42361930076181     
   113.12244593617413     
   112.81436193322996     
   110.40665402997070     
   109.44517825823107     
   110.73048168389495     
   111.52587982474083     
   106.74455227635033     
   103.28698515314987     
   102.18013133822035     
   97.037147030047763     
   94.452211955151938     
   91.758333473733416     
   89.049380110651470     
   85.820540531670929     
   84.449788903775598     
   82.561071401345572     
   77.944896682923854     
   76.497819448809437     
   74.153658614363110     
   72.905532554969582     
   70.346379426872659     
   68.975262569515252     
   67.586756370162192     
   64.834327665404487     
   62.650696655482143     
   62.797115831668172     
   59.393016176221685     
   57.715592515598672     
   56.943973277581925     
   54.203832224597342     
   52.384162812221675     
   51.629390944670043     
   50.877790812509566     
   48.702860749165737     
   48.608817077592462     
   46.120003381656382     
   45.238176901021362     
   43.772250171314511     
   42.473449024944010     
   40.224583456417072     
   38.072282117637506     
   1353.6230537036897     
   1165.1139924825140     
   993.68089047745730     
   868.53702935454658     
   745.65612128212479     
   694.23643440317744     
   643.72517013467927     
   580.57569499913870     
   563.76917828160435     
   528.09144621076803     
   509.41142061567518     
   474.28036716378102     
   446.04258471395588     
   401.55693344179343     
   409.04505942292707     
   367.81324561915005     
   385.94403949293121     
   342.79175363603872     
   355.12593656005640     
   359.01591640007450     
   321.63214515874677     
   308.91483896037289     
   326.43951597069372     
   297.48537376044123     
   278.08010123097392     
   280.56838947251543     
   266.64788041637030     
   264.03433604445979     
   264.39346890527742     
   254.06116739385013     
   235.62616697010796     
   235.46179788844299     
   233.56021483606915     
   215.57807847958605     
   208.72434370896957     
   211.11251130602534     
   203.70770961367674     
   177.63040213005360     
   135.82765288026516     
   119.82711099598552     
   122.11646473518107     
   119.59662250157504     
   120.72808179174643     
   120.51487808781326     
   119.73946210288891     
   122.53064845278897     
   116.83106822470008     
   115.64884835251436     
   114.37739082926083     
   116.71986060088517     
   113.10822990026115     
   113.41395893953283     
   112.48644408259958     
   116.22777913734001     
   116.89019073979438     
   116.52661461860765     
   114.29705543555289     
   116.58380181941183     
   111.54647157376232     
   112.83939917105153     
   111.44529695566685     
   107.01653931209086     
   107.25772572729851     
   111.77587722204368     
   110.57542057355337     
   106.33605122507419     
   104.73623294299929     
   101.57247136916595     
   95.977863592474534     
   93.070794728476329     
   91.262394836278048     
   88.735564322581013     
   85.270166716956354     
   86.334334772371562     
   82.631291157841986     
   80.433094491092390     
   75.958389659831738     
   74.928091773322365     
   71.168017163660281     
   71.096032369395346     
   70.093851833537741     
   67.807626727086344     
   63.826365806919029     
   62.686165669531540     
   61.584298867368602     
   59.818539684951290     
   56.418311496471858     
   55.363519459405403     
   53.539347998358224     
   51.910693175152602     
   51.419755646173215     
   50.339828118169677     
   49.262008105842696     
   48.350426621217132     
   46.887148722034162     
   45.076280607018823     
   43.322948121643570     
   40.700752689036143     
   40.265199956413149     
   36.988959452213649     
   1352.7157001731625     
   1170.0206046899875     
   1002.5475089027195     
   878.30297390633814     
   768.02954591031528     
   688.02185211636629     
   639.81373191071123     
   571.38513618789057     
   563.49398986905589     
   519.74595477212176     
   511.52044860341726     
   467.55952818037258     
   430.79451283387959     
   402.72510921717384     
   389.89352824018954     
   385.75132515266580     
   387.94471355555049     
   351.67383111425158     
   356.30724595374426     
   362.75989594290007     
   310.09259500927232     
   309.07036849097005     
   320.82996960768628     
   297.55719367486904     
   268.73807745649844     
   278.62840619061870     
   262.83297198785533     
   274.66201945942720     
   280.02022225630549     
   259.30610315897059     
   240.00688449226425     
   227.07459913751291     
   228.27656696262045     
   221.35044017117795     
   210.17732168408088     
   206.76735220461188     
   206.02012702367622     
   174.51921280203760     
   139.64724936279953     
   118.79231766261759     
   122.73475118345260     
   118.13521494136346     
   121.89682712933995     
   124.42771545508012     
   118.86372074469263     
   122.34347862078707     
   116.27027752650773     
   118.30483340009494     
   116.12364625730234     
   117.99690515673116     
   116.49222651857730     
   116.12504269374442     
   112.26014444577821     
   112.47911407682457     
   116.18919133151971     
   116.16737358287905     
   113.89608262705529     
   114.22704778366204     
   111.98749856782152     
   111.39802735977790     
   110.18780154386721     
   105.33512944191263     
   107.08154686195627     
   110.65295341537764     
   109.57830339147260     
   107.91910497603664     
   107.21920013435714     
   99.332203708944149     
   97.245609456764711     
   93.187854588054108     
   90.216353189474802     
   88.372628232687816     
   85.005563722501080     
   84.262516823810188     
   82.469819605394477     
   80.451040652386610     
   76.771553189601207     
   75.559534612053113     
   72.397566297457089     
   70.211630198904942     
   68.998845182336098     
   67.441387742606395     
   64.384452764379873     
   63.196814710074229     
   61.587060807021651     
   57.948967679354809     
   56.945931933828724     
   55.026432950966580     
   54.123352517695494     
   52.027830144855500     
   50.534114061008509     
   49.413998276426121     
   48.594970762625678     
   47.880465940286854     
   46.975757745384115     
   45.592605344448245     
   43.944538855442914     
   41.332419907037384     
   39.211987991030327     
   36.650412089083083     
   1356.5603170976422     
   1167.0802876295145     
   1018.5229693344146     
   886.57783853728859     
   789.76453052190709     
   696.36191069881966     
   641.15389098684545     
   577.52570884879424     
   560.59674114510904     
   540.67802218404972     
   477.66244523916066     
   475.91305066521170     
   424.58917544889982     
   398.54096248648227     
   400.85041991024781     
   394.88569360172681     
   376.65736544543250     
   357.94579036007764     
   368.18839310280032     
   356.24596916447251     
   316.06988138373356     
   313.62030176396951     
   315.20738769294582     
   298.05128838178030     
   280.87834728243570     
   283.06118870032685     
   260.53211744003568     
   281.78554050332485     
   280.16789335939222     
   261.56506113544140     
   262.67026770372797     
   239.51196771171448     
   236.13063823021938     
   230.41635225794602     
   213.69741576311756     
   216.33467841852135     
   205.67759935848161     
   172.31394837878418     
   135.88356393952083     
   117.62816792710278     
   114.39738206249469     
   116.18546037101964     
   119.89950502457241     
   120.57921184291027     
   117.65694830997774     
   120.20582300162903     
   121.41981226825828     
   112.48843206080807     
   115.96056763018399     
   116.90038415875499     
   116.04742801587150     
   114.72412059033806     
   114.18581816779314     
   112.47869899196630     
   111.81823941319871     
   114.60951167952183     
   113.95788464768685     
   115.15480407053113     
   112.37261447612897     
   110.08158314338529     
   109.40809824037410     
   105.85402323963351     
   107.73233205762604     
   109.02946163906125     
   108.93545877914146     
   107.31100527687376     
   104.63110056072944     
   98.990388604638767     
   95.774170496830308     
   90.947050881791739     
   88.754038598935495     
   88.602102958345370     
   86.354789108101869     
   82.697930304516206     
   81.154013935852518     
   79.137681184240265     
   76.499109405215847     
   72.708905843160622     
   70.800148195953341     
   70.590393912711846     
   67.074446565468875     
   66.664274750200747     
   64.754523924464621     
   63.239278671852610     
   60.823114167257067     
   58.217485321834587     
   55.678333228360188     
   55.160388022695351     
   53.271311677320476     
   52.522732215153788     
   50.006949839840672     
   49.352434051002973     
   48.431288833125535     
   47.456278522528081     
   46.834700077744927     
   45.916517453860834     
   43.309863075500871     
   41.470310845059451     
   38.496133649589140     
   36.788861847033566     
   1350.8150444169867     
   1178.9572293003403     
   1057.0322397725672     
   886.13926783967577     
   812.84578968719859     
   716.92990950971148     
   654.41134738302310     
   604.92015530587184     
   550.44020936145125     
   546.21990556032983     
   476.05698624923104     
   454.59760629671086     
   433.39276304041908     
   415.10345747834435     
   400.01740886314320     
   399.51879942305254     
   375.41117711063123     
   344.54438320534035     
   337.76321635042996     
   337.58771773887753     
   322.90961110346859     
   327.59708528786689     
   312.37471098783283     
   304.02903790507355     
   283.26505703116180     
   298.83329709166725     
   273.10022785166910     
   285.32795179775246     
   275.87038614235564     
   278.17565081275535     
   270.45379943435057     
   246.36788976597992     
   238.84848159190540     
   231.43352861949415     
   203.93483088389479     
   214.26317303335082     
   198.58126907125566     
   168.57312331697693     
   138.90747835808469     
   116.94872882227426     
   114.45371233262341     
   116.59600532794109     
   119.90603252419574     
   117.57539554033495     
   120.35632578472740     
   118.50718822994418     
   119.04244551038823     
   114.66236467456957     
   114.79769088262074     
   115.44081336177953     
   116.35779773350571     
   115.42845847834309     
   116.09357087915247     
   114.72683813576049     
   114.22378718284820     
   116.03213059178135     
   115.02590083390223     
   113.80867223837819     
   112.70456084289786     
   111.55550879372737     
   108.87882857950027     
   104.38109425824119     
   107.54072066305957     
   108.79986332886713     
   107.12028784198620     
   104.04708624608668     
   102.35989553720026     
   97.441751862108489     
   95.767462632886165     
   91.237702597666924     
   87.091435896940467     
   88.571644221988919     
   85.701650665684355     
   82.254649615783009     
   79.873904240971456     
   78.461396575720528     
   76.319878938413552     
   72.277544345305415     
   71.639262562787735     
   69.050955090995018     
   66.276171577381575     
   65.449029785803148     
   63.902452285174832     
   61.424317935196243     
   60.848587928713997     
   58.197552625545946     
   55.928624684473533     
   54.335318646259267     
   52.978197247075357     
   51.044704115410035     
   50.401990965577085     
   48.876081261885986     
   47.896052963110002     
   47.371070714782618     
   46.641767429464664     
   44.632654984345095     
   42.585688563015431     
   41.252277573457420     
   39.148768011555227     
   35.676433798152729     
   1368.7539063449738     
   1181.5194705393887     
   1065.8544319859298     
   885.11733178796646     
   804.80949073471129     
   765.87314465054419     
   676.98272649210776     
   601.68361958650996     
   557.29950844326106     
   539.18255645808608     
   467.33576640777875     
   451.77519120394430     
   452.01653194491962     
   419.61196690563065     
   386.16500773088507     
   399.88873580023733     
   396.63813865240252     
   346.66128800445813     
   353.37188199419847     
   365.85607423730721     
   335.75175286998552     
   335.04653811258481     
   282.92425659187234     
   268.76779273838196     
   287.09405929119015     
   300.26178656965948     
   279.34556039498665     
   279.10129325032312     
   269.99080790489495     
   276.00458854345868     
   266.09465561091753     
   243.25603715773289     
   248.96900510256211     
   240.02126269229552     
   211.21372836811042     
   214.45956633719160     
   187.99872134131303     
   164.11283266274154     
   142.41236771737283     
   122.46223744394356     
   115.71354939432854     
   119.04305592324300     
   118.45075530595675     
   116.95238057989766     
   116.12579276437798     
   120.46883580477420     
   118.00764187035217     
   115.21181123102573     
   117.69088539263922     
   118.02913981885311     
   114.78473991446941     
   115.15285285930392     
   114.44818920623615     
   114.79799437756856     
   112.43100040504588     
   114.20594321791721     
   111.42946443851794     
   111.97645167261409     
   111.16370177372465     
   110.31262200850495     
   109.51144785828276     
   107.33491791235950     
   105.51682215848011     
   108.91206372602295     
   106.46075356141299     
   103.21793853044740     
   100.77771457607372     
   97.568592881233585     
   94.450025695768517     
   91.831173801769765     
   88.394618366967180     
   87.890567278508058     
   84.707192410878889     
   83.679965884652162     
   80.301031193034646     
   78.383060057332102     
   76.305003584126325     
   72.829161407034832     
   72.702704115191963     
   69.396041317640410     
   66.296004108526773     
   66.107950921076508     
   62.565524799385983     
   61.523185918029967     
   61.102234436552308     
   57.989308068418808     
   55.975378764313042     
   53.477041136784329     
   52.528617002464202     
   50.042162090238051     
   50.293794808223332     
   49.298839509275332     
   47.413361034400872     
   47.462040227142083     
   46.718307484282512     
   44.885675789590138     
   43.064657756558823     
   41.607069227738180     
   39.563408514490774     
   35.137148943254743     
   1372.2214902640560     
   1205.5066670885581     
   1059.4079577779210     
   906.60266330907393     
   803.30799996945075     
   768.17235705006351     
   676.73056770801031     
   590.33487020441009     
   563.84495559089441     
   553.77520016802237     
   481.04781116483696     
   484.39555705813370     
   457.54073433553430     
   423.01505264791876     
   393.45039934178908     
   393.04998055545366     
   408.60431214542280     
   358.61616031278373     
   368.83338066033411     
   376.52392906333387     
   341.16546031890334     
   317.60371344112616     
   286.02099253686583     
   254.15762026934516     
   277.26669653343026     
   301.94279778775410     
   284.73379364131358     
   281.36974454377287     
   269.30600735198726     
   264.33007342407683     
   243.03333029112440     
   239.00975441041362     
   240.55763344025326     
   228.51706355652436     
   223.72610309159543     
   210.24708234388225     
   166.20485953296929     
   154.71979802003642     
   131.64743177579862     
   124.47245839004063     
   120.47900246622021     
   118.07139035103042     
   116.76288626300206     
   117.74349782065605     
   115.71674318732410     
   115.98989772259215     
   120.67887739567163     
   118.44049534798216     
   117.76968657496923     
   113.94529984862477     
   112.82006845439147     
   114.65572877102039     
   113.61559084170624     
   117.60194180897874     
   114.79938839947263     
   112.39426760757024     
   112.83643755229261     
   113.59593823474739     
   113.42815122998485     
   110.99192319355882     
   108.86791237598328     
   110.19774103891456     
   107.90499470131419     
   111.51062654605900     
   107.47573901045254     
   106.57297195000594     
   102.03678019564295     
   97.090131785538048     
   93.132549529491399     
   90.596686702835839     
   89.583835467715872     
   89.196841866019753     
   83.882538055191887     
   83.008561980318078     
   80.332103831139406     
   77.558613244218193     
   76.797988771228859     
   74.037219996577278     
   72.206838224451715     
   69.319106532397058     
   67.891802247519919     
   66.715252120695837     
   63.008147143435792     
   60.152296581021325     
   60.114395613375791     
   56.859153679184438     
   55.182055723090301     
   53.969640623599055     
   52.637497159931627     
   50.301475313572794     
   50.377957436055965     
   49.470050030441151     
   47.831747352105673     
   46.746362977237794     
   45.743723843432818     
   44.889533200738434     
   43.404320322073772     
   41.192719947118448     
   38.266561993794788     
   36.356665689799861     
   1363.8761239793166     
   1205.4341027502444     
   1053.0777480000709     
   926.40601153667535     
   782.03866720791211     
   769.25793796265248     
   677.60918931551578     
   609.87687802538517     
   569.22896252514181     
   557.22399512168658     
   475.37873746847856     
   501.47140350406784     
   441.40932972402959     
   378.55845021389200     
   390.08809842156438     
   406.68660648810703     
   409.96680021892530     
   386.17819245560497     
   378.08447981235099     
   353.60485457521492     
   348.88836303090574     
   302.27356567196819     
   272.68867943194920     
   262.43635617274094     
   261.66236882747467     
   311.74758428410433     
   279.42634065040613     
   269.33702594703703     
   270.61382734136794     
   259.91063874240984     
   227.81461507654794     
   237.91158701546169     
   234.28825820494052     
   231.95244978624939     
   226.60161767992793     
   213.12607474633114     
   151.55101693417089     
   139.45320954474653     
   144.70389210514469     
   125.94365052323083     
   125.06216661141687     
   118.53987020227333     
   118.66914959581885     
   112.84289053759443     
   115.67060340825306     
   117.59547975634858     
   120.41187264009434     
   120.64223488006115     
   120.17652140230317     
   113.74524093015927     
   113.08484644119433     
   111.79621034016279     
   114.63158942808269     
   115.98408852476913     
   115.49387350962351     
   113.11474763015622     
   111.16406090143684     
   111.34841485623664     
   111.21030389975792     
   110.96796026350698     
   108.84422253851773     
   109.93178864292787     
   112.05182173976947     
   112.46316326905722     
   107.76367687581421     
   107.75399664657861     
   100.19893831514467     
   98.848345459434896     
   94.835963457834055     
   90.355982309739687     
   91.113461891349942     
   89.207669133773834     
   84.195337312893770     
   83.033276612453676     
   80.367227889469348     
   79.898017326509859     
   75.682273758879305     
   74.572206769502628     
   71.549508072963235     
   69.181456262494052     
   67.321918912500934     
   66.763760402836866     
   62.633503869634026     
   60.753169576450695     
   60.489435963032491     
   56.814828329226110     
   54.788490571400942     
   54.284818912515881     
   51.715831443069504     
   50.356176379255643     
   50.089974663639161     
   50.405550650432239     
   47.859229908110024     
   46.187114551131415     
   45.572174662349994     
   44.661904984723954     
   42.498061644533060     
   40.532050052171570     
   39.252526775713683     
   37.300675843473975     
