           1
        3200
           1
   906.08110429090016     
   863.78966765966334     
   833.77545484264579     
   812.34864327199989     
   792.19416135588881     
   777.13470229923462     
   757.24977658099601     
   740.96288576720872     
   726.95311875462073     
   712.33283171246035     
   695.67123328676462     
   679.95785793030825     
   661.43930236728863     
   646.50663106610216     
   631.88801931032901     
   617.57290321914206     
   605.66517305745970     
   592.21708870537429     
   580.85089167236356     
   566.75885953935278     
   552.87698459074045     
   539.00705783497347     
   526.48821620778278     
   514.33884031887476     
   502.13143550007089     
   489.35406715908414     
   476.65883152216065     
   465.00366237047939     
   455.60136313164026     
   443.79917083979831     
   432.60815157146038     
   422.65979056816491     
   411.75984749694487     
   402.56118785297195     
   392.48861013790599     
   384.04832735427385     
   375.50470557721866     
   367.29128964297240     
   358.47188117144515     
   349.93751349605100     
   342.33926839006904     
   334.52250294815587     
   326.37668639319639     
   318.79713227048933     
   311.02619779341541     
   303.65313358487879     
   296.32151912417277     
   289.77918829319174     
   283.34432057106483     
   277.62335254940751     
   271.46739597205328     
   265.83816860802438     
   260.25309709927114     
   254.43429660841258     
   249.35262074710505     
   243.76806070887545     
   238.85238475786576     
   234.01657343205585     
   229.35909288598970     
   224.94048434544857     
   220.67514827959212     
   216.17793494285496     
   211.91750667255735     
   207.98655130688655     
   203.81317175754228     
   200.07486580352816     
   196.11929698152795     
   192.33891707285534     
   189.17417974130007     
   185.55759645346444     
   182.29044369891312     
   179.05921492627400     
   176.01181600245624     
   173.27036425871049     
   170.33346676488162     
   167.34962265298105     
   164.53295668898443     
   161.78323203958558     
   159.30763355837965     
   156.58460762645026     
   153.75505772128025     
   151.12719496565433     
   148.65729591274953     
   145.64861081671563     
   143.25928900628242     
   140.43555105506294     
   137.52775581316655     
   134.85871501674740     
   132.10437677862265     
   129.39882201739053     
   126.89861805298352     
   124.12635394678158     
   121.49820625781855     
   118.92824927079172     
   116.59184644845602     
   114.19082713463818     
   111.81471197051388     
   109.54073912875896     
   107.27322398925293     
   105.14403442835420     
   925.58975037289088     
   902.45770731506514     
   871.57055071638149     
   844.27557810619328     
   819.68719747074078     
   795.27250431499135     
   775.99493551115813     
   761.45315493455939     
   742.19100888644084     
   722.76500171171097     
   706.23315932827484     
   689.76398272183656     
   673.34880711968947     
   657.01371006068234     
   643.02826205732367     
   628.55777232099786     
   615.30561696283337     
   600.90845569032638     
   586.81377332108877     
   572.27853381273906     
   557.73264090888063     
   545.67152622567244     
   532.21029090634772     
   518.10184556534250     
   505.63554352965082     
   493.18957181903113     
   480.90137157347260     
   469.81802526693320     
   458.45691254839426     
   447.55648108895400     
   437.49976007032512     
   428.28890560646880     
   418.62063908904196     
   407.98436634992083     
   398.15291164922178     
   388.30932444027525     
   378.40777772003503     
   369.14787536978906     
   360.57731055252418     
   352.23305863006846     
   344.08225431540018     
   336.12028516638242     
   328.68429332963672     
   320.95595047088256     
   314.01998050573962     
   307.03300646634699     
   300.09815262629974     
   293.95858514585473     
   287.25544346887119     
   281.05830077216206     
   274.69987945266053     
   268.70529724576573     
   263.29749773200479     
   257.56832636360969     
   252.38618179501648     
   247.41361487871734     
   241.67226384791383     
   236.55140294030622     
   232.06709586873296     
   226.91686588517405     
   222.44146726129131     
   218.38790369442688     
   214.19837625973599     
   209.63733764892359     
   206.09140256081179     
   202.17311516048210     
   198.28298549194179     
   194.53224772111807     
   191.13770503983912     
   187.62077642851892     
   184.29081038720244     
   181.07357831358405     
   178.01632519580460     
   175.11792700089975     
   172.49117280037328     
   169.22500688313275     
   166.68533464679507     
   163.92145098624280     
   161.66157523189855     
   159.23417435082183     
   156.17341388667492     
   153.42583663710192     
   150.80989119061354     
   147.87415467523860     
   145.04134443404749     
   142.35286979653850     
   139.18383491004022     
   136.55119162382525     
   133.72381584432503     
   131.17827446010168     
   128.33984354131192     
   125.67929197309027     
   123.01979022034403     
   120.41341010019249     
   118.02810605087481     
   115.62687544624625     
   113.18858901800799     
   110.82308413024242     
   108.58518853992467     
   106.35158071877370     
   927.93952982451242     
   911.08932574585879     
   889.41707638241962     
   864.82730682594956     
   839.76047583782020     
   817.82478540462284     
   796.48711433218284     
   776.47199473887667     
   756.66352744430458     
   737.29838498590789     
   720.14006945640415     
   701.51297203745935     
   684.86127560971295     
   671.15227328384310     
   654.88829436377353     
   638.68826630121953     
   622.86901783586063     
   607.97707845708237     
   593.71187398033715     
   578.68973684747561     
   564.64264045702225     
   550.73608181300028     
   538.09438376705612     
   525.26889818237339     
   512.90398283098557     
   501.56384472166923     
   488.94258346886863     
   477.60164130619103     
   466.24105296963194     
   453.46395482998582     
   441.72598739695366     
   431.04115938257655     
   421.42802557372562     
   410.81474886511523     
   402.17413478200803     
   393.29831265062751     
   382.75395190510795     
   373.15927901265138     
   364.67198064134396     
   356.42026348390698     
   347.88173942190372     
   339.71125809498193     
   332.02208147343396     
   324.07009652672798     
   316.75250837438864     
   309.93413569623374     
   303.01338847974682     
   295.75843185624223     
   289.32073144620580     
   283.11108570016745     
   277.06740266381354     
   270.63016672900716     
   264.78565800132759     
   259.62956762209194     
   254.59092607163345     
   249.08957272937710     
   244.34867323233647     
   239.59133976141254     
   234.75691395111824     
   230.04630515485280     
   225.17642856732252     
   220.60435479010661     
   216.28061202064009     
   212.07826593679033     
   207.91294759660212     
   204.10598666248089     
   200.32480166784848     
   196.64628972072214     
   193.24077774145064     
   189.64448674029572     
   186.26423233210176     
   182.82241949238389     
   180.04730744439939     
   177.03727214446758     
   173.84547892378484     
   171.05102488544799     
   168.50474481788780     
   165.25056940068364     
   162.88947562563257     
   160.20406810580999     
   157.34983027287078     
   154.51639830363902     
   151.76139162115044     
   148.89800725714059     
   146.06581657330341     
   143.17273455592624     
   140.21337543086926     
   137.24348630518602     
   134.58145718995382     
   131.70621578795482     
   128.91924762792598     
   125.98725698347893     
   123.35351293590425     
   120.70243056027931     
   118.23913514931840     
   115.75491932523059     
   113.13512086718552     
   110.78247260743521     
   108.42363568841640     
   106.02543572497849     
   934.85711202462642     
   913.60066026624634     
   894.59184735458291     
   878.00685326170242     
   854.67697709717959     
   830.45598208689694     
   808.26787649646167     
   787.36021413308276     
   765.94857600643104     
   749.32568217621065     
   730.40813041184117     
   710.63507882702663     
   692.44905790421569     
   672.62690188624072     
   657.21273885984419     
   643.28786645676848     
   627.95452948576292     
   613.23713304196667     
   598.06619420530035     
   583.97306629160175     
   568.52854837754990     
   554.81346503285113     
   542.64513434329444     
   529.17134356798692     
   516.45697903657219     
   504.04741491159689     
   491.37315794004519     
   479.95506289234436     
   468.07549703943027     
   457.15403950791512     
   445.60135736804284     
   434.39027504988002     
   423.44135097938232     
   413.24721596522926     
   402.68106809704659     
   392.17413963256502     
   383.61381760650858     
   374.99395439630467     
   365.99810875212086     
   357.05484549154357     
   349.44307717769499     
   341.77216953810989     
   334.04798127498310     
   326.72145694658104     
   319.57158529919343     
   312.61314634945688     
   305.20123165994698     
   298.11468639819191     
   291.65368703113074     
   285.04490272967416     
   279.00996372476243     
   273.42309872550175     
   266.82539952490174     
   260.84251572090386     
   255.29361427288967     
   249.67951178732469     
   244.55099120752899     
   239.42466167682056     
   234.37409175327554     
   229.51378731550790     
   225.06163434705559     
   220.63197287167353     
   216.35447214880122     
   212.18649567019389     
   207.60778178555702     
   203.87101408538405     
   200.17671606479149     
   195.80816904899581     
   192.37779664844655     
   188.53202322619410     
   185.20455178938036     
   181.99798647207842     
   178.93541963932202     
   176.07364307725828     
   173.68254705076779     
   170.70290052303326     
   167.96308549107047     
   164.93082979022054     
   162.42766769795594     
   159.76578564478115     
   157.35706854884600     
   154.49748613793423     
   151.70885588716993     
   148.93811697996821     
   146.08933867517067     
   143.15967179923015     
   140.27228712135701     
   137.20910994925103     
   134.43615075583259     
   131.36069054388304     
   128.38676676568937     
   125.66182283479374     
   122.85854957532419     
   120.27254055839360     
   117.63099425635176     
   114.87203815947711     
   112.23404187967385     
   109.97413721465672     
   107.51003783792748     
   105.20493247586595     
   939.81355327839742     
   920.86181002721423     
   898.89909831219200     
   881.00890981617044     
   862.46502841435370     
   839.26192575963034     
   818.13737848243511     
   797.03552033370784     
   775.72754735443334     
   756.52458598445116     
   734.55334157473305     
   717.21835241330189     
   699.79023222035994     
   685.34769208696218     
   668.64492137121363     
   649.91169702786647     
   635.08972572430230     
   618.66334705816882     
   603.32293790207893     
   589.30748293444287     
   575.05327235594700     
   560.38206508571943     
   546.58838718410789     
   533.23821044662964     
   520.52186145550240     
   507.70182403989429     
   493.99564617466899     
   481.92433009078525     
   470.08286797885842     
   458.15181479073919     
   448.05288881691706     
   437.29034491498032     
   426.64002657422338     
   416.96626456604906     
   407.18203347783890     
   398.37389317933400     
   389.10157073919004     
   379.67762502619024     
   370.44387695594020     
   361.35278864153588     
   352.26097053290977     
   343.52567442165315     
   335.20852827051880     
   326.96020877012717     
   319.31752026384316     
   311.66079523642281     
   304.62995582816546     
   297.68813037485268     
   291.07633206722500     
   284.20042606082035     
   277.78192139727093     
   271.46733066485524     
   265.97900035125065     
   260.59452565258869     
   254.96630687185367     
   249.91154915389012     
   244.79524968927558     
   239.40059636672538     
   234.41116436392070     
   229.52414057772904     
   224.84208562014570     
   219.98602163478304     
   215.84017104376488     
   211.64630086789094     
   207.62683749573603     
   203.77941158897266     
   199.69741057890207     
   195.98732162802185     
   192.50222094023161     
   189.10398181645223     
   185.78553845748249     
   182.55017258857285     
   179.48577261522735     
   176.45818689067599     
   173.57056620348393     
   170.90395340060348     
   168.16046189970913     
   165.43309288613949     
   162.72677312509165     
   160.37301565277534     
   157.65890430913731     
   154.68561582303457     
   152.01780059040937     
   149.40633441056150     
   146.38526099267168     
   143.22391987872103     
   140.07853291339373     
   137.27973070458143     
   134.16026194289427     
   130.81625847242870     
   128.11009385248889     
   125.00524516008460     
   122.17183506842429     
   119.56369371549154     
   116.91213160008053     
   114.30580684685340     
   111.72945156843593     
   109.27971658077388     
   106.70450728446825     
   104.12197124131345     
   942.72677683775657     
   923.34646295921380     
   905.09990232692462     
   884.32322183052361     
   862.61421234901684     
   846.71715647544488     
   829.11128884524237     
   808.38590690907927     
   787.10589491790381     
   766.99195955760126     
   749.33359046584076     
   730.67602115468617     
   711.35630359106767     
   693.38943419169391     
   673.37645865469506     
   657.03518652553487     
   640.55044433196963     
   626.16990155787903     
   610.13716665552965     
   595.57073628344983     
   579.43082406148733     
   564.87287318630229     
   550.76976941633234     
   534.79638162230424     
   521.96969769816883     
   511.03391438392089     
   498.73851867515270     
   486.89973311378259     
   475.33831276762896     
   465.06411837074126     
   453.19351361112894     
   442.92590345998548     
   432.05068247048007     
   420.28363137892950     
   410.08742869172670     
   399.23657130572587     
   389.41124049669077     
   379.12988480641974     
   369.55409973640792     
   360.79971159206559     
   351.78254676453980     
   343.27213451426826     
   335.46969210365091     
   328.06346371803522     
   320.70001437341472     
   313.06969393840478     
   305.54094713932420     
   298.29897500580591     
   291.69643315493067     
   284.60142223423276     
   278.18456143805196     
   272.34966650401680     
   266.42087842381721     
   260.50885595750611     
   254.49488699779408     
   249.00398732712065     
   243.80969219893967     
   238.61850660762974     
   233.25843041273845     
   228.72748422709273     
   224.70707015835444     
   220.42147932174498     
   216.28945899634738     
   212.12363583899185     
   207.94498426611085     
   203.94927796098153     
   200.07517216631931     
   196.48425254846549     
   192.88450372131916     
   189.54984305360733     
   186.32444007587861     
   183.05803878682985     
   180.08248590825991     
   177.02399145408370     
   174.32167570810913     
   171.56096851971856     
   169.03927923835448     
   166.19217506920816     
   163.51795448899486     
   160.80514126463225     
   158.44875233761968     
   155.84734037474846     
   153.21553387696713     
   150.47877187249466     
   147.40850359276686     
   143.77766835514979     
   140.54953729656435     
   137.21954699033239     
   133.73082509346909     
   130.66627051639088     
   127.31460166859407     
   124.40003976395869     
   121.58656270350890     
   118.46387260259161     
   115.61982338121436     
   112.76667600404963     
   110.02411174193563     
   107.34845213743168     
   104.77046053402512     
   102.13385617510825     
   947.57848268255259     
   928.10078195185451     
   907.20794406210825     
   890.85613445164745     
   872.65592172085337     
   851.16345010218663     
   830.37146902711663     
   811.33293317885636     
   793.53094746972556     
   772.34698518135428     
   751.45205777788033     
   730.31754503111779     
   714.37200180952175     
   696.62646296076184     
   680.72403430061615     
   665.86941950006178     
   647.03940684981421     
   629.33638257892403     
   614.76675997408370     
   597.97805044044253     
   583.64347679813875     
   569.01674581667407     
   557.26207528503835     
   543.52459502404645     
   530.83562776782412     
   516.28312899893740     
   503.55803540952087     
   491.39061370578696     
   478.78498291880112     
   465.89214334875129     
   454.76441479643915     
   442.14842237168659     
   430.23874365649510     
   419.73988804153322     
   409.66515993071823     
   397.92113336904026     
   388.31874370333458     
   379.38838068922291     
   370.92064462669015     
   361.48894021317290     
   353.00816720233252     
   344.70670025991956     
   336.69990265370177     
   328.69295752163129     
   320.80689342673185     
   313.08718151727811     
   306.36368349920235     
   299.22942201272690     
   292.76398500039795     
   286.40106130731789     
   280.44129118158725     
   273.90330210655372     
   267.73194016968733     
   261.72379435509390     
   256.22402062261915     
   250.90952765652423     
   245.68340453667196     
   240.53015452653636     
   235.51702802870267     
   230.77518847045900     
   226.05809328955922     
   221.70480502319060     
   217.09754310709667     
   213.38628279484072     
   208.93966701530780     
   204.66394251753422     
   200.96235714352392     
   197.44298662916333     
   193.27049298979119     
   189.90158135415567     
   186.47102727432997     
   183.28888799881918     
   179.94470607219532     
   177.03470926422403     
   173.93175182222569     
   171.28006571368974     
   169.02686060248953     
   166.39948758065734     
   163.67172885389550     
   161.00820464109393     
   158.62633373309117     
   156.05026443590845     
   153.68652095249445     
   150.58317689256694     
   146.81666663011455     
   143.28353566050086     
   139.84452278099496     
   136.46367821696649     
   132.68840390030309     
   128.91624153458321     
   125.51721859021428     
   122.43050510774142     
   119.23506810572783     
   116.07108337475705     
   113.09495843224556     
   110.13397117315100     
   107.24259040990221     
   104.54225755390725     
   101.63315576038936     
   99.007109455785923     
   952.93059457959998     
   932.14339143205666     
   913.49098081386762     
   894.18634436215177     
   869.65972567579911     
   852.45599665803832     
   835.84012990257611     
   816.40035095304040     
   798.21408817194219     
   777.04354750335767     
   757.89106531707671     
   740.98099669443252     
   723.73485085706091     
   705.50434615785719     
   684.65474809206717     
   666.00310529263970     
   649.19642891951889     
   634.25348771899155     
   618.75010358975715     
   603.49478020381798     
   589.16839556696004     
   574.42654932447692     
   559.55128727187332     
   546.75032856407358     
   533.61208196161965     
   519.59723940128356     
   506.84775593338429     
   494.14597480063009     
   481.73519626125596     
   468.86840303107346     
   456.22659694426937     
   444.75531982475377     
   434.21866402215193     
   423.88824748075916     
   411.92434852861606     
   402.28186725985705     
   392.69295554599023     
   382.82849779730589     
   372.68642895917907     
   363.61624798273846     
   355.36520226551011     
   347.65335902363734     
   338.36675377187316     
   330.35194226792152     
   322.29369475893964     
   315.19855747741792     
   307.59720780164560     
   300.31296844598899     
   293.11961961946787     
   286.81548979958586     
   280.36695419284331     
   273.97832256016449     
   267.99694728681987     
   261.84966290812588     
   256.21444541653881     
   250.49776021028975     
   245.21529407226518     
   240.34164093967368     
   235.18804002206065     
   230.21613309513214     
   225.78616660065501     
   221.16099199550374     
   216.65884249257840     
   212.17022066493587     
   208.40502630380337     
   204.56183141466880     
   200.80539885319737     
   197.13751057199954     
   193.46850613683796     
   189.84590843462772     
   186.10145809775730     
   182.99041261300388     
   180.05975180687739     
   177.03488969258291     
   174.41833209519055     
   171.84794433410582     
   169.23630000502473     
   166.61285152531121     
   163.94116554874796     
   161.46427848248481     
   159.12388691908387     
   156.57400902763101     
   153.94818010322652     
   150.66589320823263     
   146.67839229334237     
   142.67895338963677     
   138.85029284262365     
   134.84278804045510     
   130.69388378197169     
   126.92633803433012     
   123.50667543452502     
   119.76511786495553     
   116.27736223035465     
   112.89300412497511     
   109.89525418338539     
   106.72635390308807     
   103.58696641838004     
   100.46559193856052     
   97.622920093056251     
   94.757313366534234     
   957.25676722655760     
   934.03879945668541     
   915.67046984273941     
   896.56092982507221     
   877.95010436078292     
   861.24581812426800     
   841.61399090263171     
   820.64993095538671     
   802.87231800068105     
   783.02277919760206     
   765.29641439855311     
   746.24178014622998     
   725.86057243945538     
   704.76328370857846     
   689.86063271363071     
   673.56597273221200     
   658.39874365088122     
   641.77947765348006     
   624.45908014671318     
   608.77875243691619     
   594.04451847120868     
   578.68744106872214     
   564.54327090175025     
   549.85314812979709     
   534.50925065819160     
   521.00725107002563     
   507.50600904419537     
   492.84454941885843     
   480.35902942104349     
   468.50290633992768     
   456.29836595080025     
   444.61394143127302     
   433.93410483636916     
   422.37965245322539     
   411.99900465770543     
   401.70083910840060     
   391.87619901752578     
   382.09436212305587     
   372.49822869388072     
   363.51618857203044     
   354.84348735385959     
   346.18873620023976     
   337.71999833979379     
   329.97728126870498     
   322.08484266066716     
   314.18981363533823     
   306.75126321509612     
   299.73555055397259     
   293.20961661698823     
   286.16165501457198     
   279.74146229482369     
   273.61498529049175     
   267.52247280467407     
   261.82202116319888     
   256.17610356481509     
   250.48677598895725     
   244.91854021151852     
   239.54240871564863     
   234.61133286796564     
   229.47403075933363     
   224.84052042006849     
   220.24168470271198     
   216.04319173496322     
   212.04499668118189     
   207.74180356439601     
   204.05091510016524     
   199.77358318055255     
   196.06884006044800     
   192.12705207398540     
   188.90724448187478     
   185.50436413902705     
   182.43461686306242     
   179.20621079509397     
   175.94029496725665     
   173.50902350240702     
   171.03680240050161     
   168.31214206216953     
   165.94519910528919     
   163.42062872965494     
   161.17361243974761     
   158.43408104818306     
   156.38148257275529     
   154.04296802529731     
   150.21338698951806     
   145.73737029622094     
   141.36575775478644     
   137.02953144305539     
   132.59349441136118     
   128.35225710666637     
   124.07476737318511     
   120.06002020356405     
   116.21086964474509     
   112.28755273748470     
   108.68300287284326     
   105.41590965653423     
   101.79655605434210     
   98.523017894130192     
   95.368910266106013     
   92.149822714950815     
   89.442885215427225     
   960.49890936253883     
   937.34059046654193     
   922.14501439074775     
   903.15458050988752     
   882.17991402587779     
   862.26684841531051     
   839.61367347196176     
   819.96709218479725     
   800.39923457875534     
   781.88820592374691     
   766.37687535223665     
   748.40501174122642     
   731.62173883604623     
   714.55187776241200     
   694.60929802593125     
   675.83251971685763     
   658.47067731184484     
   641.48358742219534     
   624.20953109724508     
   609.66784152542073     
   594.19397465300483     
   578.80964894677709     
   563.63035585318414     
   547.76738375437026     
   533.59402193396659     
   520.15770107886112     
   505.95197904499440     
   494.13653423753038     
   480.95743144939604     
   467.62186256258667     
   456.59242630191932     
   444.94044525106449     
   432.97573017676297     
   422.78735634485366     
   412.21635455187482     
   401.69708586731309     
   391.52477576738659     
   380.97107580816260     
   371.07411847591413     
   361.71579748408988     
   352.38047928198256     
   343.53122879699009     
   334.44497049092564     
   326.44465690726213     
   319.00119662516613     
   311.14975837460753     
   303.79779175123082     
   296.42194976957597     
   289.59096758366650     
   282.82798430051338     
   276.80590711399344     
   269.96045850158157     
   264.25821463980714     
   258.59818792039027     
   253.22126489073071     
   247.67718084243884     
   242.44875143987161     
   237.22109005751352     
   232.37795175711307     
   227.60963286935316     
   223.32105872111038     
   218.85706178987445     
   214.50320991392732     
   210.49776691351639     
   206.44830516140777     
   202.75390168952913     
   199.30657742255858     
   195.19943118987271     
   191.82324705699321     
   188.41317369100332     
   185.07672021728416     
   182.02073211973629     
   179.26048875624107     
   176.37406162709260     
   173.52884773905575     
   170.78290027218992     
   168.41253337219669     
   166.07531896491406     
   163.82221778292097     
   161.54797707880053     
   159.28920739815467     
   157.15536187881975     
   154.35563427632613     
   150.47695828067853     
   145.25045378762113     
   140.19046444093206     
   134.81683460486053     
   130.45033183912162     
   125.43108268672938     
   120.82984128499540     
   116.41867424156315     
   112.12792641670151     
   108.11845117992320     
   104.28601180881861     
   100.83606033097266     
   97.029868109512392     
   93.695865187878070     
   90.313844687991519     
   86.811687714951319     
   83.580120926748393     
   965.47206195524950     
   946.28507514286343     
   924.68146749212087     
   902.96423588921334     
   882.55763120212714     
   866.04862237249802     
   844.68353258952914     
   825.85761381331554     
   807.41567980790933     
   787.87726264378273     
   768.37111723527289     
   750.88479488208782     
   732.53926749703112     
   715.66929940116893     
   698.81213862021241     
   680.96021110105573     
   663.10002445048417     
   646.39590754202095     
   629.52022139527799     
   612.66932085675319     
   596.69953960431667     
   580.10590293111204     
   565.14753541315213     
   550.98653196764826     
   536.91946183965570     
   522.07316063221288     
   508.02821896754620     
   495.11220812530627     
   481.07083123317665     
   468.88307307710818     
   455.18719097296275     
   443.00272810656622     
   430.90604704647740     
   419.42826876180641     
   408.38688797523042     
   398.52654488009500     
   388.67197619981306     
   378.61452901017276     
   369.29718515212522     
   360.45373332455245     
   351.83763294474085     
   342.91794687729464     
   334.89741798900741     
   327.23158783190905     
   319.26399469473319     
   312.14925121700952     
   304.79403852643844     
   297.79937077961995     
   290.95339755519791     
   284.52766139055825     
   278.22201514177158     
   272.17223219199514     
   266.44501953839574     
   260.57664929770255     
   255.00514903398761     
   249.39915225631950     
   243.85314340416093     
   239.04103356044689     
   233.75532030716073     
   228.88173432800534     
   224.07995186513472     
   219.57850451852161     
   214.99967103977681     
   210.45714420997518     
   206.76405032667972     
   202.82606647243165     
   199.02698757271870     
   195.25289681861477     
   191.90774978711337     
   188.46853624975731     
   184.88952766314483     
   181.78233454677866     
   178.75635269120298     
   175.65016425006587     
   172.92952027552434     
   170.27513038769590     
   168.15989165852818     
   165.93256979323832     
   163.84761154688130     
   161.77190840272982     
   159.50221242032330     
   158.04885387632507     
   155.32121776171633     
   150.62471528046186     
   144.53585248818368     
   138.90275838242610     
   132.84846455772981     
   127.30276781766580     
   121.76985911401970     
   116.59655632120536     
   111.85156590239103     
   107.18593426583558     
   103.13278363608271     
   99.154318246895372     
   95.398454015071550     
   91.339162804845898     
   87.975797146940025     
   84.221109039625929     
   81.165324774410664     
   77.476953270380307     
   974.98970085149347     
   950.17428396315063     
   933.99416316586667     
   913.23078767790378     
   892.00889751451746     
   870.32420443388310     
   848.31945084800213     
   829.71444244188376     
   807.05239424255319     
   789.19794696461383     
   771.61576467177895     
   752.25150778686930     
   733.72212012733121     
   717.81904243348151     
   700.68735343376602     
   682.04898611254259     
   663.72350873042114     
   647.32141036272435     
   628.57634763846170     
   612.40813509674865     
   594.97028175327603     
   578.95720661425878     
   563.92452655372563     
   550.35926757896880     
   534.68771928834860     
   520.69039684579002     
   507.73304010523157     
   494.23687979409897     
   481.48210744239339     
   469.20576779882833     
   457.44127834234581     
   445.23065014078134     
   433.50889050114085     
   422.37364943366015     
   411.49001585671704     
   400.29445403488802     
   390.19958546166561     
   380.12915582648270     
   370.42445151124775     
   361.46716941435739     
   352.27918020152919     
   343.43070054078316     
   334.91582281578746     
   326.65890815622970     
   318.08027571341290     
   310.89073810236880     
   303.09018270493345     
   296.24159428308326     
   289.87397887686461     
   283.56483341198418     
   276.63173271431066     
   270.10185347319720     
   264.08689901459945     
   257.99446135232216     
   252.29526475737111     
   246.98861239841034     
   241.36174122699191     
   236.31647435076607     
   231.48022982061684     
   226.63859553683807     
   221.83790790983187     
   217.60158088946565     
   213.35915272001415     
   209.21666932018533     
   205.05926370293963     
   201.31191355873096     
   197.75129720236060     
   193.86019906541773     
   190.66703693359804     
   187.58628515309456     
   184.09926882876843     
   180.99449080443344     
   178.01400878569316     
   175.16229336643622     
   172.45988804546062     
   169.87778598586277     
   167.10970441351884     
   165.10493495537719     
   163.25890878670526     
   161.47776864823140     
   159.58405633021613     
   157.85817120988747     
   155.60195437957623     
   149.90658559388302     
   142.87782525434403     
   135.86656062532148     
   129.35038732100560     
   123.01481158058226     
   116.87039696301224     
   111.56862874464845     
   106.00307749606951     
   100.95133076771164     
   96.550483688454264     
   92.475467281597005     
   88.585046499062202     
   84.619053767755489     
   81.354497228040742     
   78.056483234359320     
   74.695386998514820     
   71.493447005770491     
   973.51581208904440     
   955.44780122932059     
   937.75412665901081     
   914.50344236471767     
   892.88708933763110     
   872.41277848774735     
   848.43092707197184     
   828.22662889935850     
   811.18402264765314     
   791.32470708841561     
   772.87250364704914     
   754.15131055321217     
   734.34085115092762     
   715.13733818141338     
   696.54558033085186     
   678.86992861517888     
   662.57148617194400     
   645.12044746021775     
   628.13954791706055     
   611.26126145210162     
   595.55228944412511     
   581.54761021545960     
   565.18642059155297     
   548.87479765467367     
   533.37075733234133     
   518.68827309917810     
   504.15583760435646     
   489.75460495704766     
   477.14060958047986     
   463.91629326567568     
   451.66761949106706     
   439.15702741918346     
   428.30687364139266     
   417.77273931392847     
   407.30295650448829     
   396.92318527278042     
   386.37662636868401     
   376.40630306735460     
   367.52532368341394     
   357.77328887037174     
   348.53053210161789     
   340.30913692459950     
   331.57716973926563     
   323.54945443236682     
   316.50657480813663     
   309.22746120797154     
   301.77009943771282     
   294.67595528134206     
   287.17782871010883     
   280.81321542518077     
   274.34216199842047     
   268.16318003120364     
   262.34818866909279     
   256.78623818552126     
   250.92518175451630     
   245.46140182448755     
   239.85519676926907     
   234.68368840003174     
   229.91792520745406     
   225.56086744644955     
   221.22435085709552     
   216.54179388139568     
   212.06857735272493     
   208.02857771777789     
   203.97441167539145     
   200.49859614555385     
   196.59849592756402     
   192.84933590630550     
   189.84578009005796     
   186.06154646231400     
   183.17933397538542     
   179.89752022306277     
   176.93262367502359     
   174.27064560830507     
   171.70375372412346     
   169.22933033930275     
   166.81419117132094     
   164.63395787810092     
   162.54890483897518     
   161.18335238092766     
   159.66695739407385     
   158.65157792967079     
   155.87051612019783     
   147.95580268482644     
   140.47273864648326     
   132.62843895435537     
   125.16982744041920     
   118.15461675655561     
   111.78004283074516     
   106.04144134331132     
   100.30081214148433     
   95.642127284709574     
   91.278776135229293     
   87.104966678268653     
   83.435907412748350     
   79.353536421001650     
   76.671109280339522     
   72.976366980760588     
   69.607709085367915     
   65.279857565021302     
   979.70519171868307     
   957.30497128235288     
   937.39751078991549     
   916.16727643836214     
   897.72206057484721     
   875.42365968910940     
   855.53611016620573     
   835.78630606999536     
   816.43323671273231     
   796.90997292093493     
   775.62647609848887     
   756.28137191805558     
   737.06659081863188     
   717.36237822199723     
   695.20368313653501     
   677.57664134585207     
   661.43580983207892     
   644.52027278731566     
   626.53017612076235     
   610.77496598696428     
   594.31013395223044     
   577.76296503132119     
   561.19507755163932     
   547.09024572110650     
   531.88308653563172     
   517.56133456271039     
   503.57616795460581     
   489.86636471046387     
   476.09884284341757     
   463.35796710850843     
   450.60719024814381     
   438.60856950395976     
   427.32572988147200     
   415.53859954204461     
   404.00678901072229     
   393.29635512111412     
   383.20181102575469     
   374.37893751857035     
   364.57101330850656     
   355.76539621888980     
   346.87853404933054     
   337.50124576779518     
   329.66317323222393     
   321.99115687968197     
   314.35942032095073     
   306.91140983101889     
   299.85294297630332     
   292.59828191139053     
   285.55335482676844     
   279.55084943174444     
   273.13258667379716     
   267.13460747030700     
   261.57458807495118     
   255.87443180066850     
   249.94855632763529     
   244.59798838762586     
   239.84462126255269     
   234.59369893165442     
   229.66961817628504     
   225.17307662191988     
   220.32333279141545     
   215.95646837856316     
   211.38545803665914     
   207.22547224441817     
   203.19115934982432     
   199.26891320273864     
   195.46539942206266     
   191.93053057876153     
   188.51874628760521     
   185.18772800964399     
   182.51642611892399     
   179.34508556641973     
   176.60532053376232     
   173.36452637901760     
   171.16112906836031     
   168.75180822696402     
   166.23360980165316     
   164.42194562498270     
   162.61173446736083     
   161.07564404332834     
   160.15928799848368     
   157.75095417889875     
   151.48114160971468     
   143.45141026332155     
   134.97087585358074     
   126.12878635491487     
   118.30709144766375     
   111.37458195044813     
   105.29992356357694     
   99.488236959048123     
   94.758686152995608     
   90.704864500274724     
   86.077800360235372     
   82.766694050215662     
   78.808173235659453     
   75.663593420106778     
   71.736101991891786     
   68.471792548385551     
   65.638445339347768     
   62.361763468414274     
   982.98539743671245     
   962.51739000075452     
   942.20104373710910     
   921.51848784237518     
   899.04072540811262     
   878.63890200396099     
   859.21518013292189     
   839.59480650566275     
   820.47016015138036     
   796.40330871904348     
   774.83180674374489     
   752.59009792898530     
   733.18033461445589     
   715.47823102904135     
   695.11782215475569     
   676.82096717052571     
   657.59626057892024     
   640.18029701597231     
   622.84458067098171     
   605.89841505270363     
   589.34310988651055     
   575.69064368205932     
   558.85062155595756     
   542.61821778912395     
   527.64374453276707     
   513.88568304328146     
   500.67309265112431     
   485.93105854655767     
   471.85603039590512     
   458.89227240535507     
   447.53528127578340     
   435.43967873039253     
   424.23172005006046     
   413.53362502017023     
   402.27554097370376     
   391.29061812647632     
   381.63846874075210     
   371.77150895297859     
   362.66831822719746     
   353.27298837331762     
   344.14139806845600     
   335.69567476015879     
   327.75373251071994     
   319.75159509643561     
   311.84125040997230     
   304.90115592541957     
   297.13662311651620     
   290.58842395502961     
   283.49823083784668     
   277.42364541358734     
   271.38673525508466     
   265.43948279134804     
   259.93147833488115     
   254.16892344181298     
   248.46173578926607     
   242.90975832958182     
   237.82146989318642     
   233.05207449933425     
   228.39383941247547     
   223.74527089760210     
   219.23864206340693     
   214.56303169250515     
   210.46674519173567     
   206.93007035345144     
   203.02772791016724     
   199.03068354282328     
   195.62605518306145     
   191.93692712069745     
   188.56554626675049     
   185.35505153460900     
   182.23146226895872     
   179.20105441453771     
   176.54048131353480     
   173.75014756795102     
   171.14846592478366     
   168.70357492166596     
   166.39836777300803     
   164.46530702087406     
   162.76589843809060     
   161.35217278713014     
   160.99668670577825     
   159.11706089063739     
   150.94474641124430     
   140.87560544652538     
   131.52524323136507     
   122.96164520314059     
   114.60451276931511     
   108.44816144160788     
   102.18367409777511     
   96.724280998440690     
   92.058716331746012     
   87.461345969586830     
   83.412012289143988     
   79.707161135830617     
   75.872796974494179     
   73.012945475878311     
   69.904004943182045     
   66.405254077636926     
   63.306695527535595     
   60.303131580617034     
   986.55839733652510     
   965.08959316446408     
   946.84059233850905     
   924.22337812425235     
   902.90039201045659     
   881.54200435257985     
   861.13542904884639     
   835.64550744528322     
   812.26082469767573     
   793.04004798907135     
   774.48180472368551     
   755.07599220364295     
   733.72695361941533     
   713.15059432004932     
   694.10091640297924     
   676.18045928951221     
   656.42922507447156     
   638.58620375500197     
   619.07170880542856     
   601.77697968960069     
   584.10453466392710     
   568.00897156655128     
   551.95580965684303     
   537.74694158178306     
   522.35707758739500     
   509.07767883950379     
   494.67992651503465     
   480.83673456139974     
   467.39675181755945     
   454.57609282907589     
   443.18416018397090     
   432.24556117808282     
   419.96532674891347     
   409.63481161509702     
   398.99196036074761     
   389.73627679191179     
   379.56836288918441     
   370.40008100945568     
   361.62293435338529     
   352.35896963002472     
   343.31841057577356     
   334.38716604068514     
   326.64224684145677     
   318.39370237936441     
   310.41742426050064     
   303.24993175166770     
   295.88060222333911     
   288.76435633270398     
   282.36932286340249     
   276.01261517865260     
   269.90961945594023     
   263.79716652788653     
   258.19308612008581     
   252.54170051201075     
   246.83299142541958     
   241.49355481197694     
   236.29020883466382     
   231.05744490019063     
   226.29350568045976     
   221.55682131638980     
   217.27913018035440     
   213.16203698673712     
   208.93624761411320     
   204.52532303570547     
   200.90969017549529     
   196.75464862485035     
   193.26729059302971     
   189.93813119123752     
   186.25670705040119     
   183.10640464028239     
   179.76001543826408     
   176.88978598344573     
   174.07109776519451     
   171.78093487192677     
   169.18185246618165     
   166.83640347694330     
   164.66192526377719     
   162.76277788938890     
   161.18797437899178     
   160.05948631045848     
   160.50320724298342     
   159.52716937505986     
   149.66410191335592     
   138.93606111825864     
   128.88406144955496     
   119.57899483574450     
   111.73011441528085     
   105.10236322838414     
   99.458598328595713     
   94.227193783866142     
   89.808484011742152     
   84.975594234609488     
   81.180862667178090     
   77.424146219892890     
   74.164196505579667     
   71.348643057056620     
   68.088237873073084     
   64.654915264832312     
   61.849779485492718     
   58.611013670267134     
   988.17673556784007     
   971.66949036175822     
   946.97501432241165     
   929.79233773203816     
   907.27633286004311     
   885.62992110024277     
   861.57689642050832     
   839.60625684473825     
   816.56023243380605     
   794.11371383475716     
   770.37862642375057     
   750.54831915568684     
   731.04745651521682     
   711.92427428682493     
   690.14820519669047     
   669.78935509191683     
   651.36213622883804     
   631.83222663618812     
   615.24439585581308     
   596.94125624803542     
   579.80578956758052     
   561.58698711701368     
   546.24191032967667     
   530.59824987723186     
   516.55946346211840     
   503.84029445333459     
   490.37248415598583     
   477.04108998393087     
   465.68082550090884     
   453.31077587396192     
   442.32591250119640     
   429.91548398238797     
   418.58396485000287     
   406.73543344401673     
   395.79396139860120     
   384.45033116839619     
   374.66865932830433     
   365.31730447728262     
   354.88901321426476     
   345.23554215161278     
   336.63195066883634     
   328.41931248518063     
   319.63026764610095     
   311.57080127776339     
   304.46328654806814     
   297.37653784377505     
   290.34246315771986     
   283.55445232411080     
   276.61025056387712     
   270.83302296061930     
   264.69927772791118     
   258.69011546993306     
   252.72679137093951     
   247.29520420882398     
   242.53797967377020     
   237.60065789393110     
   232.98569213105282     
   227.89348636426931     
   222.84343349707086     
   218.16121011781556     
   214.04706381704577     
   209.64255449031901     
   205.55050094345185     
   201.73292060825079     
   198.05533415965050     
   194.62171782119290     
   191.48199859532454     
   187.95281329719978     
   184.55676452843923     
   181.09076591353542     
   178.07201480705601     
   175.14584547361977     
   172.51088501030347     
   169.98138661407546     
   167.91181346110906     
   165.78478335707754     
   163.57775047712369     
   162.09616954327001     
   160.76212693754294     
   159.76398342570226     
   160.44592694408573     
   160.15628680450698     
   149.08777875303036     
   137.05851225881264     
   126.44405828460818     
   118.12699918087442     
   109.80479902791220     
   102.96845176032123     
   97.240071353055242     
   92.368084822979284     
   88.016682715029305     
   83.472266522252966     
   79.110185167088019     
   75.662197382087214     
   73.278316366010870     
   70.803614804088951     
   66.924002568997139     
   63.508607824784299     
   60.543474839499368     
   57.372254144500545     
   993.48420994192975     
   972.59202306775842     
   951.63164857682204     
   930.25658895159086     
   908.12085076241647     
   887.82170691654812     
   862.98542392315267     
   840.12043606267957     
   816.35056230778537     
   793.38347814178303     
   770.38846017783749     
   746.16322826048270     
   723.22010817217824     
   703.49887937591018     
   682.68516119195749     
   661.26644719505794     
   641.18321963157803     
   623.65463843398459     
   606.82123220261451     
   590.47948971852531     
   574.51101974517235     
   558.81016023491122     
   544.15912569694945     
   528.97618481717814     
   514.07517588634323     
   499.46441818646667     
   486.08432261711874     
   472.79725731432632     
   459.91130072578898     
   446.77980129339102     
   435.37309531481708     
   423.12881913936332     
   411.69339944719695     
   401.44140357802644     
   391.31961973086294     
   382.60049817599133     
   372.43085945094356     
   363.53675925694773     
   354.44483642401383     
   344.75158441397303     
   335.58656070016411     
   327.20252225655616     
   318.83153417842573     
   311.25967944208043     
   303.98090290133268     
   296.85573757881650     
   290.17497856795126     
   282.86970631916978     
   276.18638431948500     
   269.73971380047789     
   263.24471987653237     
   257.74967787438106     
   252.22644014753905     
   246.58425700177168     
   240.97568134855965     
   235.62463713046685     
   230.65944885697201     
   226.01737076117132     
   221.22854354688019     
   216.49307441359605     
   212.06343925619132     
   207.87376169339439     
   203.63570895969772     
   199.63493134348607     
   195.95459726017168     
   192.64165796698882     
   189.38872655313190     
   186.00701934220669     
   182.59250842022465     
   179.71835157427159     
   176.69225785284934     
   173.84612243599935     
   171.34609614152549     
   169.07431617989829     
   166.28057442745452     
   164.41284149780009     
   162.05657789308097     
   160.99598974667384     
   159.63288221993454     
   159.32403433573481     
   160.05684634705281     
   160.02171840556434     
   148.02744836803504     
   135.10431729480780     
   125.28316640286067     
   116.55495155681615     
   108.82892767962856     
   101.70786848406183     
   95.850440342880489     
   91.594010874511923     
   86.873122667819672     
   82.762120541618899     
   78.338814264223231     
   75.160532364764862     
   72.292198400118707     
   69.069709648626130     
   65.389132675297901     
   62.851278458196177     
   59.301082825405075     
   55.789317144336501     
   1000.3528224385980     
   979.45463761003248     
   957.11585361554057     
   933.56229224487879     
   909.90333579236915     
   890.59550605379707     
   862.95627696972758     
   836.44664366444647     
   813.73194499357533     
   789.50011169396180     
   767.34920566177800     
   743.24569924427453     
   719.08964364022154     
   696.22487841255077     
   672.31310984168817     
   654.40732764531595     
   636.13711949658193     
   618.33775118665176     
   599.39878438643666     
   580.82663643021124     
   563.79253567215665     
   547.89702854509824     
   533.62134620009431     
   519.98412404017051     
   506.33241297388042     
   493.39030792009049     
   479.49858251135527     
   465.40126531199098     
   452.58596544685861     
   440.07886722228187     
   428.55649157104256     
   416.48125284762443     
   406.24017658208027     
   395.10882796803674     
   385.44286780993997     
   374.51741824714884     
   364.57601628054488     
   355.17831256325621     
   346.98867812480648     
   339.24367460153098     
   331.32664920321849     
   323.25836952185438     
   315.87664857103141     
   308.63044179926146     
   301.22770766406393     
   293.47466056922593     
   286.12430727566203     
   279.18710037542303     
   272.84194954387414     
   266.82443746931222     
   260.26373597580033     
   254.54289566675502     
   248.89851353916998     
   243.96846134132835     
   238.24340731755609     
   232.74632750469448     
   228.17724938063387     
   223.27656553780815     
   219.02514231557367     
   214.33670057900608     
   209.89683846070508     
   205.99787242981751     
   202.07105008758631     
   197.75888010359131     
   193.66569327590952     
   190.53793493201317     
   187.52536607835373     
   184.03467206378241     
   180.40052383099300     
   177.27678341842380     
   174.45121290970741     
   171.85725171280532     
   169.39831059267132     
   167.01836276807103     
   165.13202188890867     
   163.20759030055453     
   161.00237030174563     
   159.36307503153003     
   158.16012575333482     
   158.05680233736854     
   159.90723443438424     
   160.07668861679039     
   147.55846261433823     
   134.49357581791620     
   123.29906808162701     
   115.53033347019645     
   107.32866831684267     
   101.11903744895366     
   94.809464802022489     
   90.582178297418778     
   85.939800933974396     
   81.858403478219373     
   77.476431459974947     
   74.355599681007703     
   71.485915320951079     
   68.358028689043380     
   64.523242336617301     
   61.387846882348946     
   58.709372553420408     
   54.344909587542929     
   1002.3116985974334     
   986.58488170767441     
   964.48438084653878     
   941.57540340614628     
   918.36272123380377     
   891.13893377121894     
   862.03395286557384     
   835.68982264501915     
   811.39808915723074     
   784.65997302308301     
   758.15462706820495     
   733.31561369501321     
   712.06975453071584     
   690.84608214539890     
   668.65783815515090     
   648.89519233636304     
   627.30687775815363     
   607.90017429671252     
   591.64066910348151     
   572.48599345557068     
   555.92475899163401     
   539.23665373858580     
   524.32530274438750     
   509.25418150728933     
   497.82431338499828     
   483.24261892117261     
   470.44013960250510     
   457.31713299682360     
   445.49830410581421     
   434.06092925165751     
   422.97044589045151     
   411.34926138218896     
   401.64752107188167     
   389.50441481399497     
   378.84982285342824     
   368.71800262241777     
   357.98063709055765     
   349.09164051016739     
   339.76946882585094     
   330.46789837647827     
   323.13728934064181     
   315.83443123842807     
   307.53372819623394     
   300.21489297354225     
   293.83397749145189     
   286.77332537970557     
   281.12947589234187     
   275.09245792498450     
   269.24094237244248     
   263.44974944663670     
   256.98844934903178     
   251.19751383147704     
   246.25990804957854     
   240.43425561236091     
   235.15504675398267     
   230.20426048514872     
   225.36639386752012     
   220.44781155426804     
   215.81562732934836     
   210.95933652948204     
   206.85029570992270     
   203.35307668031342     
   199.03771096481177     
   195.66304925719413     
   191.78285696729967     
   188.38759908143581     
   185.38633216372392     
   181.93721158800409     
   178.85555594279666     
   175.80332152429821     
   173.02809102581892     
   170.47929097400961     
   168.05309307497629     
   165.76800209186013     
   163.65609952551404     
   161.63534757010348     
   159.97079283773522     
   158.40949997066275     
   157.02050273664136     
   157.23322353294881     
   158.58423204986943     
   159.66869862632001     
   146.74319452507137     
   133.68595768444817     
   122.90701825552995     
   114.47617021187563     
   106.73374645570121     
   100.52696233878109     
   94.769269118895068     
   89.753525081360209     
   85.114044907166914     
   81.219626496785764     
   77.186063890319417     
   73.352189595094302     
   70.026509536594489     
   67.507795317660282     
   64.059856611530108     
   60.185443877075215     
   57.032115418383746     
   53.426374803765228     
   1008.8349104514733     
   991.57678665808839     
   970.19374284077924     
   946.75306933595891     
   914.99579410295155     
   887.34732665402362     
   859.00923345374179     
   830.32617167781439     
   800.00195074799751     
   772.02757137470167     
   745.90656166809094     
   723.84295746540306     
   700.05594818422173     
   678.28599763615716     
   655.63400109150166     
   637.48108502751029     
   616.48539264005137     
   598.17222628692548     
   580.73064583945325     
   564.04305375496926     
   550.50935566510213     
   534.22852634704634     
   518.96226303367109     
   503.33482107111706     
   489.13721453147792     
   476.35781713596867     
   462.82535269702532     
   449.19497317788949     
   436.25291555438702     
   424.08541830058789     
   413.04866137358289     
   402.62875640456872     
   391.34205961445440     
   380.98646530767627     
   370.46320717715429     
   361.09590674284289     
   352.13053527763151     
   343.81157475859834     
   334.80954253484947     
   326.71788858297782     
   317.95026764922693     
   309.75384909222527     
   302.17634583772303     
   295.88519125050993     
   287.76387468067543     
   279.87503981218049     
   273.60304976105476     
   266.67964879842725     
   261.01627353805441     
   255.13021237524242     
   249.63177613920308     
   243.99866130622351     
   238.60729139703295     
   234.01527716114617     
   229.13130181749389     
   224.34172712452209     
   220.13946217258905     
   215.77436882487703     
   211.24193124171111     
   206.92032355743899     
   203.21385721427703     
   199.59601426910612     
   195.79117470408306     
   191.81011558501174     
   188.05773816686013     
   184.30577496345671     
   181.32698967567930     
   178.99306132892281     
   176.04144394647403     
   173.39975976907496     
   170.51878700979719     
   167.95781536553386     
   165.84618677471434     
   163.73403178473563     
   161.44338238085831     
   159.71343179611407     
   158.16536809752984     
   157.18032934349853     
   156.24722150351079     
   156.37588541768480     
   157.93305648195749     
   158.12435992855225     
   145.48115649614664     
   132.71243523688648     
   122.42107989162707     
   113.71856291539616     
   106.21247913312288     
   100.09993978695267     
   93.773941598833773     
   89.102850529970624     
   83.926049488364981     
   81.080917694419384     
   76.640921059817060     
   73.040134510087796     
   69.730867705177928     
   66.977429098899492     
   63.318991094965384     
   59.767203933776386     
   56.886847386492626     
   52.509160505385474     
   1012.2862116222666     
   994.09459851294957     
   968.24066401441064     
   939.39574112164735     
   910.63879001560190     
   881.32258412578153     
   849.28135388572935     
   815.74750401514814     
   788.74929659837039     
   763.31586129134860     
   738.44655833872139     
   714.78447113737116     
   689.42460011081209     
   665.71267251552968     
   646.46235665972040     
   625.50355133320659     
   607.49371712880247     
   589.26293142765599     
   571.85647464429951     
   554.11749977045542     
   536.64666658045110     
   521.27007129943058     
   507.37830520171724     
   492.88249769791224     
   480.03988571534188     
   465.73759449961619     
   453.06381872570313     
   439.36329347057722     
   427.62329350558286     
   416.25863727753972     
   404.61731142497308     
   393.91796169687848     
   384.23746802812173     
   374.87277160466687     
   364.63667625269431     
   353.25534288866947     
   344.09065283785543     
   333.96945268131697     
   326.17832933508521     
   318.45387176195993     
   310.47861282740655     
   303.35453240860448     
   296.43751682878923     
   289.58969637630304     
   283.11496410167240     
   275.36946332863391     
   269.06851794377110     
   262.56581282752995     
   256.20169388499812     
   250.82844570773671     
   244.46903109393119     
   239.90883947459537     
   234.70969438848351     
   230.04191962367810     
   224.75667331513787     
   220.28397177365434     
   215.05695588418399     
   210.57877254876323     
   206.35363876239327     
   202.44815557104394     
   198.06861832130943     
   194.51559423985066     
   190.62545645785593     
   187.52059679232141     
   184.07408126143412     
   180.71575144767479     
   177.48883077369419     
   174.84849619604574     
   172.18127849158077     
   169.78356714350920     
   166.77442009632367     
   164.67358354715023     
   162.67817171412810     
   160.96604160031649     
   158.85337948911166     
   157.71234197387534     
   155.78920934357575     
   154.67207351438159     
   154.18811433617509     
   154.43926849546526     
   156.35855273123289     
   156.33976356440093     
   144.04141056447867     
   132.21782430163151     
   122.11379670602958     
   113.75875975480351     
   106.23719640470351     
   99.699109445606581     
   93.850892571188311     
   88.665697502510682     
   83.918973148357807     
   79.745163268255922     
   75.871717252010782     
   72.973465163928921     
   69.372015531778331     
   66.711863627002273     
   62.359441211842842     
   58.856068786932482     
   55.945230094408501     
   51.446348935557225     
   1019.0366272190287     
   994.99691423048409     
   967.59543575639930     
   938.67392822479439     
   903.49375745252905     
   872.57644928996388     
   839.81990882855769     
   809.35458175445615     
   781.18798927308421     
   751.67478126679271     
   724.24456847498163     
   697.02702347051218     
   674.72916893935121     
   652.76971793350936     
   632.30989363230492     
   611.83177693205710     
   593.69334949931226     
   576.06453974269357     
   558.77550828729954     
   542.61028024522932     
   524.85754306680269     
   508.87362800929702     
   495.35000136995933     
   479.00184423391875     
   465.03580149819260     
   453.00423224562553     
   440.24712108179273     
   429.13443594399064     
   417.34693076172096     
   405.23579463505826     
   394.74472149072460     
   384.43443694147879     
   374.97939977836472     
   364.76815365724042     
   353.58552311728130     
   343.85157225443447     
   335.15363601928686     
   327.83802597643142     
   319.46703241853749     
   310.16324450892375     
   301.92892806887352     
   294.87913403715754     
   287.44092691754008     
   280.98651463873409     
   274.27504208528080     
   267.59965596453975     
   260.46122536080554     
   255.52921451300509     
   249.12936151078532     
   243.78062551844556     
   238.70316109665774     
   233.09343050079480     
   227.54122877447668     
   222.52580498103833     
   218.17985963517782     
   214.66098004835266     
   210.22314933609846     
   205.81119594465486     
   201.81989703151669     
   197.92251122993869     
   194.27038893993182     
   190.46662664231363     
   186.60584366817005     
   183.56466355660262     
   180.44543271798636     
   176.87590858365712     
   173.78689502218188     
   171.27193923503586     
   168.64688235385572     
   166.67551994844675     
   164.38670150847747     
   161.77222984394905     
   160.22138818401552     
   158.13580891547923     
   156.64151675453849     
   155.07555685777979     
   153.71095840984512     
   152.56543917434252     
   151.84583900012535     
   152.71611302184567     
   154.53820728847541     
   154.64531073874957     
   142.75766103357006     
   130.72244589372798     
   121.45551942892418     
   112.80532814907224     
   105.47795319846817     
   99.648510781082649     
   94.352053583904009     
   88.803997207784249     
   83.913758281024940     
   78.427824040746557     
   75.130782046899569     
   72.440268159666090     
   69.133336870460653     
   65.710943411561473     
   62.153399374503294     
   57.713614536719092     
   55.298589258133177     
   50.903258732607114     
   1023.6212253549678     
   995.26990541265013     
   962.00065821226258     
   930.64129690635343     
   894.10803485110137     
   863.31682657851809     
   828.33351841731928     
   795.36967817985453     
   764.65703048419653     
   733.76217181541358     
   709.63338671614213     
   684.29310947199758     
   661.42932293907234     
   641.20421972596660     
   621.04890616521254     
   598.77182428052151     
   578.31670405025216     
   559.30688709585115     
   544.76834073959412     
   527.79091798086756     
   508.08317423918368     
   492.36522307718371     
   478.53902667917305     
   462.83447348062879     
   450.30365076399204     
   438.95996589579460     
   425.02042177824512     
   413.50291932735416     
   401.88251280601588     
   391.86344988298191     
   380.45141926067703     
   368.37958703411624     
   359.15295256867421     
   349.77310109668144     
   339.29483539982914     
   331.23256420438042     
   322.16457862145762     
   314.47326237263530     
   306.76079409026147     
   299.60916799240943     
   292.04935716018224     
   286.67704500241103     
   279.38263204905957     
   273.62634582053920     
   266.76318876595599     
   260.95556244920908     
   254.64794262811759     
   249.18123510333237     
   243.22959255709506     
   238.01734556530442     
   233.14761940780437     
   227.19438282078153     
   222.02941747847930     
   217.65827291148037     
   213.74845523613936     
   209.18352144648978     
   204.42230616266517     
   200.81953855835616     
   197.37227000776406     
   192.92170697592707     
   189.57094626654106     
   185.60513630666895     
   181.86551956210027     
   178.87926173263264     
   176.09155839332954     
   173.21547230535589     
   169.76219554826406     
   166.93558480182534     
   164.74502387485430     
   162.32910284482296     
   159.88232751227935     
   158.00065923720513     
   156.66865902922677     
   154.89628838334554     
   153.25051566376180     
   152.58531634357584     
   151.65321801412026     
   150.31443303664761     
   149.98455514983567     
   150.26781239435320     
   151.93257871090947     
   152.65327749732586     
   140.98310639981091     
   130.00422616958457     
   120.31887108074690     
   112.82375398219006     
   105.37216167842163     
   99.330478237900550     
   93.883486642903407     
   87.812451319451611     
   83.901511716705798     
   78.860256989738446     
   75.335258081921964     
   72.542453505363241     
   68.440289783244751     
   65.139832252506537     
   61.635092053080811     
   57.813446215629043     
   54.509424157944615     
   50.125719287762749     
   1031.4764784922747     
   1000.6835400762657     
   966.38604025620066     
   924.76931519145523     
   885.94884557480100     
   850.25879093620392     
   814.30468610213268     
   779.44564804048991     
   748.84191156678207     
   719.44008651554918     
   692.72450452006819     
   668.32480591746639     
   645.80561404421792     
   621.88024996756280     
   600.48789755787902     
   580.81325585906086     
   561.88813200387017     
   546.00451600907616     
   527.51456580505214     
   513.20964779061012     
   495.82787926674365     
   479.56811455820741     
   464.30364410919481     
   451.12013165756412     
   438.00494591712544     
   423.80515324782232     
   410.49885821932878     
   397.49877540722343     
   387.61601135363833     
   378.52738031858792     
   365.61772703555340     
   356.24989013207482     
   347.50684475604004     
   339.61288971983618     
   330.23251420857372     
   321.48900735955317     
   311.76796406319022     
   303.51845114939039     
   296.00652213908620     
   288.56183198220879     
   281.43650407393636     
   276.01028370663835     
   269.05602834071226     
   263.10538258719845     
   256.70808516765044     
   252.16404729883760     
   245.27978493869284     
   240.36049717503732     
   235.17415167874859     
   229.89701016039083     
   225.23489530042531     
   219.43506608208889     
   214.84191646413001     
   210.66791047107262     
   205.75216504839804     
   202.24818382619071     
   197.13689558898670     
   193.66586667738235     
   190.07401963102069     
   186.50661459340841     
   182.49957262648377     
   179.25023359081825     
   176.62412059115684     
   174.11048133668959     
   171.10430989702263     
   167.88244753567784     
   165.58232237777074     
   162.88435964221640     
   161.18094058482970     
   159.53708926846122     
   157.22529384957835     
   155.62090115411550     
   154.13143619399648     
   152.68199360551350     
   151.45576037677580     
   150.35374806985726     
   149.41691866193983     
   148.58152451838993     
   148.17438213974546     
   148.57108675567196     
   150.38119872818493     
   150.55241360031991     
   139.80845966698899     
   129.48484643529127     
   119.85253624335380     
   112.41302881307674     
   105.53306483652287     
   98.683356751885839     
   92.702124829202035     
   87.178454896036584     
   83.539715031529667     
   78.607057596265435     
   74.376365266602562     
   71.442222991097964     
   68.186471558141747     
   65.141763133307677     
   60.857574147946956     
   57.502003023596529     
   54.337958199340129     
   49.260971441677711     
   1041.2834218778999     
   1004.9936461801699     
   960.72381198240805     
   916.13351928696602     
   876.06613441192098     
   839.02801680795938     
   799.01565476213602     
   762.72587114523662     
   729.78775536687044     
   702.99033034930699     
   677.62936242396518     
   651.61280430568729     
   628.46468323400404     
   604.57559381209126     
   585.59539864361852     
   564.93193169421681     
   546.43727705610627     
   530.58238093452951     
   511.52908429385315     
   495.57661491808892     
   478.80885252326243     
   464.08738407654187     
   448.55858122192342     
   435.30541861776766     
   422.40742625097511     
   408.86034164003121     
   396.82389431790182     
   384.12801506639829     
   374.82531827585831     
   363.96566009071501     
   353.35784466821281     
   342.81715635381124     
   334.60928313688373     
   326.03308043418201     
   316.92586323320444     
   307.96357883569470     
   300.68781540876722     
   294.35462732942443     
   287.96170089651400     
   281.57456020297377     
   275.30792934358823     
   267.83274712246453     
   261.97462942223382     
   255.89695659795274     
   249.21000292747743     
   242.44907185901400     
   236.86866924442072     
   230.74018249014654     
   226.34858435924377     
   221.04441870014614     
   217.08554621776523     
   211.57253140646793     
   207.84285763589435     
   203.62697068092655     
   198.90268598085885     
   195.37163330572571     
   192.03757600118405     
   187.79337977984147     
   184.80021583337825     
   181.65172815775003     
   178.16026346765753     
   174.48285250579303     
   172.53564900707750     
   169.58495601527738     
   166.70539910543127     
   164.23269690358563     
   160.94335965915377     
   159.33369842799843     
   157.87142884440061     
   154.95833044660225     
   153.44045165203238     
   151.59000491075096     
   150.72532046968780     
   148.78046836159174     
   147.66267695124395     
   147.56535460066047     
   146.38826722486871     
   145.70727282211223     
   146.11833558490201     
   146.37046783308824     
   147.24428545810497     
   147.43827734873253     
   137.99728548999775     
   128.27393015992885     
   119.78766086021031     
   112.25994557979573     
   105.14473715585243     
   98.677884984622906     
   92.662871241720580     
   86.675797627641316     
   82.965477423116539     
   78.627247384481350     
   74.614618168772608     
   71.840172385754698     
   66.976244316443186     
   64.588849236643441     
   60.961298844773978     
   57.393881263944209     
   54.001678014134939     
   48.691981102575284     
   1045.6537424467906     
   1006.6963169312812     
   960.81299619670199     
   910.99888000170699     
   865.76145154336848     
   823.99623364211607     
   784.36481414599712     
   752.13765723196832     
   717.76187579225234     
   684.82862510085215     
   658.52885140680542     
   635.71507430558745     
   612.87383835427886     
   587.72550449753567     
   568.14648823172047     
   550.33328388797122     
   530.97890609470085     
   516.39288061903528     
   500.29761245313307     
   481.41662481931144     
   462.89839182923697     
   448.08544916269773     
   430.44503883266037     
   415.93685849867495     
   406.71266639751769     
   393.20503504136354     
   382.47392727532639     
   371.27919046879651     
   362.08078312136769     
   351.65992892671557     
   344.43162070084605     
   334.59427574396136     
   324.75475748306530     
   316.66736348156110     
   307.58586421256450     
   298.35376648578949     
   290.63634323301102     
   282.55232887346585     
   274.55566170231424     
   268.21876965151239     
   261.70053123934491     
   256.63768700272669     
   250.58291084189304     
   245.30375717065806     
   240.49419305126034     
   234.91419321571263     
   230.19585785997594     
   224.81251552807217     
   220.05865062301507     
   215.48954597929841     
   211.26115654277265     
   206.73532362032441     
   202.44894395968515     
   198.53333444572456     
   194.24935543369511     
   190.97181085758987     
   187.33954542543654     
   183.45153252532708     
   180.04901112420200     
   176.22251255163337     
   173.48284533414596     
   170.56887642978356     
   167.58957445461064     
   164.50517012607412     
   162.13938752571192     
   160.16836661648344     
   157.14709827044291     
   154.32308706234633     
   153.77014935227527     
   151.72255931868438     
   151.06152929125003     
   148.95030159482516     
   147.98517571736221     
   146.64571191100509     
   146.50455018117992     
   145.98225314487172     
   144.85915266519694     
   144.23707732449304     
   144.71947780024971     
   144.94818828124718     
   145.19773722406697     
   145.38044980781584     
   136.48508531045906     
   127.83043703616394     
   119.54018021217610     
   111.71029821894260     
   104.46130065467018     
   99.373860000454769     
   92.937709221950826     
   86.924706550133564     
   82.751828601596486     
   78.120097142342161     
   74.802312280605548     
   71.358557209656283     
   67.487796676937450     
   64.697041823632063     
   60.554360319278913     
   57.028708496756437     
   53.802690979225929     
   48.436542425877271     
   1046.6955764739764     
   1007.0911677124625     
   957.96505202710318     
   906.43884659715172     
   859.11511048074453     
   812.68573399626064     
   772.10745534776231     
   735.74667726780990     
   704.13255778674136     
   672.45755803089730     
   646.03399416101070     
   620.75906151753350     
   595.63251959013974     
   571.97601590772979     
   550.61264069881008     
   533.16008012883140     
   514.77956557621792     
   495.95354416358157     
   479.03332685296260     
   464.64510204109212     
   451.08714621586711     
   436.38173251998154     
   421.73601066064731     
   407.11016972613174     
   396.48931797401264     
   380.75586966301739     
   368.87243617823924     
   358.95804416109439     
   349.66939863683115     
   340.75689096381541     
   332.33587883014775     
   322.12792332350841     
   313.24441332976403     
   307.46925880585121     
   298.69237049308288     
   289.02833898286207     
   282.56546377040058     
   275.45282801813539     
   268.37396355446975     
   260.83445861151102     
   255.83819336915803     
   248.99896099477263     
   241.64864611685877     
   236.20643326379090     
   231.10435901066967     
   225.89164718695378     
   220.34945169790791     
   216.16330726657202     
   211.33000391663626     
   206.84366334090222     
   202.81510728972685     
   199.78385926152524     
   195.47438102158435     
   190.59355645367546     
   187.19206896321552     
   183.58824965927374     
   180.81412337528332     
   178.65133403090613     
   175.62012067810144     
   173.20107876180325     
   169.93976858519073     
   167.21790237349191     
   164.04752986204491     
   161.93463038835176     
   159.61194455703571     
   157.31710619161501     
   154.86859008976950     
   152.68116465355558     
   151.42923023297152     
   149.31510891633351     
   147.89066317207465     
   146.54153496504443     
   145.11418309147714     
   144.40260647915372     
   144.50418035846332     
   143.37432597610291     
   143.05682539369718     
   143.38766733138323     
   143.27860600173591     
   143.22090865789585     
   143.14523452931428     
   142.55788570069925     
   134.90142024328568     
   126.85213761409167     
   118.91394318195171     
   112.16759892477980     
   104.62249019789274     
   98.705567816592136     
   92.357050288968196     
   86.435533618864412     
   82.400798261869298     
   78.547934528438446     
   74.830186188672428     
   70.975494348951003     
   67.537735022350034     
   64.516350091133845     
   60.679098343114688     
   57.081713403172571     
   53.590637057636854     
   48.297437822638614     
   1058.1583969607066     
   1010.8202848991598     
   952.45956075984577     
   897.63620516604726     
   846.74947375908584     
   799.85166117033828     
   758.14766750870137     
   720.57077252253453     
   687.19201292528032     
   656.48093447239000     
   632.93346043195402     
   605.11759579485727     
   583.29551137579392     
   557.80542848466405     
   536.73000515177250     
   520.22831558339590     
   505.56359212382154     
   483.72159357162963     
   466.84840667416563     
   450.25464690205160     
   438.23718843519862     
   424.39286019031954     
   410.62048335480796     
   397.68290984739201     
   384.45254498050201     
   371.61539172653664     
   362.53522737179674     
   353.50662273055275     
   342.31083866553718     
   330.98100024719230     
   322.96488373008407     
   312.14796435330987     
   303.25732178371902     
   296.69771497154727     
   288.44380473492606     
   280.93756588144299     
   272.01068990956537     
   266.33522071079034     
   258.81934536034066     
   252.75460076138683     
   246.57420144004732     
   241.49048583453163     
   235.21074256978471     
   230.28789275006841     
   224.95868831367383     
   221.73386726639535     
   216.96818870677228     
   212.01751578226140     
   206.23919666688320     
   202.83979881125481     
   198.36317358133928     
   194.95157679149133     
   189.45941942383860     
   185.67074375910852     
   182.75517233465041     
   179.35215558899702     
   175.20078107840584     
   172.30401874947702     
   170.01903755377376     
   167.29184964132230     
   164.06812221804608     
   161.20050373031344     
   157.89992096263774     
   156.37495249843772     
   154.18075718748514     
   152.41372798096367     
   150.53330877655006     
   149.27348716163604     
   147.55905793656709     
   146.06178401507705     
   145.29851479224178     
   144.57832983583046     
   143.64528638661847     
   142.35446810597810     
   142.16483073809800     
   141.34708639921709     
   141.03427218139694     
   141.72317640512676     
   141.98618292570274     
   142.28310742407794     
   141.34105358504030     
   140.66427436164642     
   134.22973394270431     
   126.12643788676067     
   118.79782220155735     
   112.11962802354911     
   104.45267784426520     
   98.043949573025145     
   91.637248531937075     
   87.041664331556902     
   82.256214503920560     
   78.229684985232780     
   75.022363799532528     
   71.208397945830342     
   68.378031423823245     
   63.503391129111222     
   60.754492598442283     
   57.413917890753368     
   53.313740738435179     
   49.077394368839293     
   1064.4349860177306     
   1014.6517630884750     
   952.19090669948218     
   895.13806487287593     
   839.67150889871732     
   794.74872613283560     
   751.25351899861937     
   707.42455221865805     
   679.24744687956513     
   646.35653976702463     
   627.52162153928737     
   596.50360402192678     
   570.80779977622126     
   545.95857538166013     
   522.54285207100781     
   505.06726367231630     
   487.50755323749331     
   471.87473265371443     
   457.59155163102258     
   443.76466398443756     
   427.88142655360190     
   410.33646209449489     
   399.95464590999325     
   388.66869973016856     
   376.50584493150978     
   367.35768817080049     
   353.90708612808152     
   344.28888070834262     
   334.63291955395323     
   323.88365820444551     
   315.93305345556553     
   306.01678292080095     
   296.72217817359217     
   289.49598284398496     
   283.57713676098672     
   274.32682875099482     
   267.69431057870730     
   261.37225113441173     
   256.41920881873574     
   250.51593356241057     
   246.46553865015835     
   240.63472783260261     
   232.74306278977679     
   226.55348386857389     
   221.84415922378116     
   217.90360386916257     
   212.55077145595709     
   207.51628451703192     
   203.09926969951701     
   199.24899631929850     
   194.09300163182212     
   189.77879226319470     
   185.64992060229002     
   182.59465743693187     
   179.99339678381600     
   176.40799192517633     
   173.65483440184121     
   169.59365536325882     
   167.17253845422800     
   164.59359375176430     
   161.24079126612764     
   159.80745258588155     
   157.37496723002184     
   153.87510717197080     
   151.65712015757367     
   149.87345089919728     
   148.46543900967103     
   146.63875287972328     
   145.16701708363053     
   143.77255028912427     
   142.10428641673752     
   141.26136128784265     
   140.75313038482383     
   140.58591534775218     
   139.73772981394168     
   139.25449880760743     
   138.93684002998566     
   139.62872087388826     
   140.14911119801675     
   140.10788151842542     
   139.41309111908683     
   138.74575431690167     
   133.72685950918913     
   125.42942282896222     
   118.39517480489161     
   111.68198814233074     
   104.59323058883963     
   98.181333945878080     
   91.753894196835205     
   87.109620782383288     
   82.375196725345532     
   77.973823258014775     
   74.569809452005543     
   70.843123240662408     
   67.321483432369078     
   62.877717566810070     
   60.136189960420396     
   56.383323371656431     
   52.632974959413900     
   48.809062766163180     
   1065.4115766975892     
   1013.6145482332597     
   949.62388137847279     
   889.14595302179941     
   836.22396078145334     
   787.42673770644467     
   745.14697166157475     
   707.79421570604268     
   672.11975001076246     
   637.79103602436589     
   609.20518303331187     
   587.19848412695558     
   563.17512829350346     
   539.92280449352563     
   518.66028378065516     
   501.30275275697403     
   478.74441635012317     
   464.63828128233274     
   450.17796383168371     
   435.67923769615510     
   419.08633188933879     
   404.63345066229692     
   391.35757653583755     
   377.37505689057923     
   366.57170008226103     
   358.93957637695786     
   346.56247671124254     
   337.97844706336531     
   328.26906839856872     
   317.50347761674675     
   308.28955256689846     
   299.16375026611018     
   290.46935996900385     
   283.65323776163825     
   279.82964743012246     
   270.94772032746937     
   265.23845210313874     
   258.86720487548922     
   254.43659029822811     
   247.26849551992785     
   240.89106853736612     
   235.44592111795993     
   228.93461701339800     
   224.21704161451333     
   218.27550429512772     
   214.84315830625141     
   208.35110624396623     
   204.75730652042458     
   200.12201399479949     
   195.85991530416132     
   191.74551722824822     
   188.40920683524106     
   183.96724724900793     
   181.13785722337101     
   177.79723339468234     
   174.00028066781817     
   171.37900904359617     
   168.87591364854725     
   166.07859124632060     
   163.73693410974451     
   160.27058907228880     
   157.46616041796912     
   155.39586055226795     
   153.88226913854493     
   151.40454761095344     
   149.57869903632397     
   147.10353888297209     
   145.40153442114169     
   144.51672972502413     
   143.25103027608463     
   141.11093191262842     
   141.31195196186809     
   140.35849021224780     
   140.01050110892194     
   138.66978482038996     
   138.91244659323800     
   139.55554594416128     
   139.21128800543991     
   139.65369197773893     
   139.61769690042834     
   138.44022069358076     
   137.11808856673693     
   133.14647090249503     
   125.02921251163987     
   118.21018479074576     
   111.75258445608398     
   105.36577722451517     
   98.151729630466718     
   92.242433483150762     
   87.557642806382006     
   82.845354270321380     
   78.017386144857497     
   74.651063027237171     
   71.350174501757579     
   67.258932157783761     
   63.185300863933406     
   60.199307526612742     
   56.405057134814029     
   52.591652465048867     
   49.278236577353105     
   1065.0492574885754     
   1010.2644230653548     
   946.25015395375794     
   890.04971346798743     
   835.82335164544440     
   785.07222856582848     
   740.79422292933816     
   700.18945242400218     
   665.10753003021773     
   632.87244721122215     
   602.40431720495951     
   582.70580788712437     
   556.85019958202599     
   538.26410532518855     
   518.89590443050031     
   498.69353863276564     
   481.39143950891139     
   462.30826759337765     
   448.68800581615056     
   433.50973186792595     
   417.80200220376372     
   402.40108644535297     
   388.37473965338091     
   373.46802284078700     
   362.93915187748240     
   350.54240657085461     
   338.21656855435788     
   329.47110059735712     
   321.93916181687149     
   313.80174856252847     
   306.32650450032384     
   299.42065195252991     
   289.01036670529527     
   283.01645219252737     
   275.39056124563001     
   267.85477470958028     
   263.32312072952868     
   256.33216471436685     
   250.35928315666914     
   244.54190694292259     
   239.07283043789380     
   232.38632838732480     
   226.28230303490827     
   220.33338511039125     
   215.12831844840707     
   211.37650785681774     
   205.16598152804445     
   200.34044792972546     
   198.06944671490999     
   195.19238551949633     
   191.25514215525564     
   187.72196621144715     
   184.77085111702149     
   180.59139486200357     
   176.21119714295318     
   173.19100214489882     
   170.42530438377901     
   167.97003148594425     
   164.48530673467849     
   162.22863356196220     
   159.81010618589244     
   157.24143781086633     
   154.49167614572221     
   153.13470829712475     
   151.31004180677587     
   148.13650030551523     
   147.19755399783884     
   146.69723971465891     
   144.85298451271160     
   142.69002783774792     
   141.15210964333988     
   141.19358052663094     
   140.62076866802582     
   139.41517482012563     
   139.30930798784721     
   139.24397231827737     
   139.72274532276137     
   139.43332685180962     
   139.89985374355552     
   139.52175750308331     
   138.60743812440217     
   137.05172543088605     
   132.74701630364089     
   125.11827890396424     
   117.87441359186553     
   112.19989596297189     
   105.42005669816152     
   97.959613227049900     
   92.742653459985178     
   88.005523211470987     
   82.798848098385960     
   77.907735907694345     
   74.371395396591424     
   71.485501073654163     
   66.908016994358917     
   63.053972957742161     
   59.946538944293820     
   56.123752269821495     
   52.390756618573079     
   48.492798925688248     
