           1
        3200
           1
   964.78939873108345     
   909.35071640321996     
   867.63654489785858     
   834.21091241404065     
   809.83496428200965     
   791.29736071775108     
   766.93532505972246     
   749.39708675830650     
   730.55509106941281     
   708.34669685838867     
   694.12223542054585     
   673.90713113650338     
   656.57498189546197     
   639.72075250380453     
   624.02337088988827     
   607.88828522470249     
   591.68737256529528     
   575.09465689494277     
   560.72598563038423     
   546.35313904711211     
   532.61979982486787     
   519.28099716428426     
   506.94533520235393     
   492.54914230433531     
   479.39056197106902     
   466.50466932958170     
   454.32414679977069     
   442.89153480974363     
   432.01456145940017     
   420.22398316922136     
   409.34116009916926     
   398.22979501293810     
   387.16005399486431     
   377.56494077264244     
   369.08080512316042     
   360.12244166118620     
   349.99711014404164     
   340.50241987241492     
   331.31654203526062     
   323.39055355274024     
   315.23587281650191     
   307.48291263467001     
   300.26106866699661     
   292.77985079320246     
   285.16773109021346     
   277.58332698586622     
   270.91089610854300     
   265.27677335029432     
   258.65231183283151     
   252.02168630950251     
   245.74412287490890     
   239.49680031447315     
   234.09423268475410     
   228.81808357785795     
   223.50750878456347     
   218.07575380951459     
   213.10980152153232     
   208.53713905163198     
   203.69101791527939     
   198.95115506830024     
   194.41983308756224     
   190.09179929501443     
   186.12849851320243     
   181.71442015035245     
   178.01471674881731     
   173.82227102429238     
   170.09075628496925     
   166.38200713346771     
   162.73935424463741     
   159.32010676011561     
   155.78169515737176     
   152.51754882639815     
   149.36136360377884     
   146.39202380152014     
   143.19464489430766     
   140.23618876428571     
   137.37540602946791     
   134.33032779410340     
   131.63989824876521     
   128.86857242893231     
   126.20727811082166     
   123.72692137635481     
   121.14996958069955     
   118.66815659980367     
   116.28042366917033     
   113.94139693686235     
   111.75889108953409     
   109.54625029300405     
   107.41279416838729     
   105.32014808727020     
   103.16531058984421     
   101.06708385823035     
   99.037502533951283     
   97.115067272975452     
   95.156831517103797     
   93.302021140098674     
   91.525313360570010     
   89.733238989616183     
   87.966959162706431     
   86.277692986249079     
   981.16633660187824     
   946.74130323489112     
   905.56265441604705     
   867.45532409676980     
   839.56572524363560     
   815.02357168627486     
   791.55884986254193     
   766.36585134127370     
   744.49769218115193     
   723.98203539179553     
   706.02383849917476     
   687.78964570414985     
   669.06357695802592     
   650.54069445202708     
   632.69018504752103     
   616.10548717870074     
   598.57691320916501     
   583.90415950891077     
   570.85706176161625     
   555.97958890019243     
   540.62171750651271     
   525.74081086482045     
   511.96864036478854     
   498.62345527553276     
   485.17775417937685     
   472.55335377712316     
   460.39194452570172     
   448.11741609123919     
   436.18603821150845     
   424.88453288012681     
   412.90845047200469     
   401.57909801350786     
   391.69493364641153     
   381.95828726264250     
   371.14521629409342     
   360.54337116899774     
   351.53241641344147     
   341.41753036056787     
   332.59280083334488     
   324.51860754588074     
   316.31037473755714     
   308.16299617468661     
   300.70105023961599     
   292.20885601197256     
   284.46878145361541     
   277.74749845680782     
   270.65780545161567     
   263.51004421066273     
   257.11319155623994     
   251.49105342743209     
   245.52135102860126     
   239.43590548469598     
   233.83943281265067     
   228.34228507803175     
   222.79388274769670     
   218.00862571141090     
   213.03094143563931     
   208.18818495333633     
   203.15429283498068     
   198.72610224970140     
   194.31318143962528     
   190.35445730439696     
   185.89056745327983     
   181.77618428258148     
   177.87441842035321     
   173.97205587015466     
   170.28318806148934     
   166.56165371432670     
   163.27043025114438     
   159.87302474388264     
   156.51149110039054     
   153.13841971338121     
   149.84658477228268     
   146.79654478314035     
   143.71651603821087     
   140.76069100232849     
   137.88156752294466     
   134.92049571837563     
   132.35188267944932     
   129.65335977844742     
   127.00520740540480     
   124.38867614252911     
   121.88456396528846     
   119.32701372177453     
   116.93756225501771     
   114.53800532280620     
   112.29622331985527     
   110.04226564199509     
   107.88229993690493     
   105.71392928589924     
   103.62048132582586     
   101.56226405465350     
   99.562122442830173     
   97.611111779453935     
   95.715434434553799     
   93.866504703084388     
   91.940666925124816     
   90.094413666080897     
   88.271360103664023     
   86.533627982281573     
   985.17910563408020     
   954.08285331167986     
   924.17689760869962     
   894.61609215520855     
   863.74104560812361     
   833.09376128740507     
   804.53130980540618     
   782.14044793086907     
   759.87382399964599     
   738.65004865141304     
   717.21160521706247     
   697.12573276434296     
   678.19669855984398     
   658.19784437566886     
   640.05675666902539     
   624.52765905917408     
   608.74737750829536     
   592.91878847688793     
   577.65560416632024     
   562.42617520528813     
   546.70667051373380     
   532.87645519591945     
   519.08764782849869     
   506.56753044608860     
   493.06157020846450     
   478.93535803947532     
   466.86015123247523     
   453.03480711051316     
   440.65716878405823     
   427.60526671748818     
   417.30219170474732     
   405.86926334019131     
   394.98179246122851     
   383.77653367448494     
   374.18931214690042     
   363.39904311817827     
   352.83401635127797     
   343.17942652779925     
   334.32415647044121     
   324.87325003973854     
   316.39681652528509     
   307.87688284644105     
   300.54878093439339     
   292.66983007277912     
   285.45698389567855     
   278.08221333935825     
   271.31416066419604     
   264.86692766182244     
   258.24352392656687     
   252.10953331743966     
   245.99319135025308     
   240.30575754956556     
   234.90103612737602     
   229.29264783513827     
   223.60073186119288     
   218.22671923377504     
   213.28966597289849     
   208.29127691724375     
   203.35366889573424     
   198.84309829176880     
   194.44657077835416     
   190.10748244855623     
   185.85018849463671     
   181.93630466818843     
   178.00662127293097     
   174.07345605774512     
   170.55770716620583     
   166.68859367578617     
   163.09604828767255     
   159.54438137247109     
   156.07053281535087     
   152.70600206105152     
   149.53462250416999     
   146.40610207493643     
   143.41443473263405     
   140.63566726771910     
   137.61281704991080     
   134.72730616828551     
   132.01367069791647     
   129.33788958019338     
   126.55921548393354     
   124.02945231642067     
   121.58349442717859     
   119.05603115472130     
   116.69312056685271     
   114.28576763299026     
   112.03669033700615     
   109.75703638251309     
   107.52986048529797     
   105.30463315493745     
   103.14473004184447     
   101.02908583944631     
   99.085955795129394     
   97.138893589479594     
   95.194379483036272     
   93.258891191666052     
   91.414322815305781     
   89.669476267053042     
   87.901476498857008     
   86.252317481278695     
   990.86823627282956     
   960.30751007305810     
   928.55537962899552     
   904.35479848659577     
   875.69713378171252     
   847.60335910040112     
   821.13751169762645     
   794.45665876712212     
   771.53456856665957     
   748.05338762708061     
   725.70200915746375     
   704.22431182328683     
   684.93000831625125     
   665.84107057814003     
   649.59566585861830     
   633.77837587862041     
   617.36967635800420     
   601.58723677070350     
   585.29818133219760     
   568.54386900729151     
   553.88984738211025     
   538.74798299527981     
   524.21117051408419     
   508.90886953211202     
   495.23116130397563     
   481.42209189723735     
   467.01604923047171     
   455.87350588444480     
   442.61026455859349     
   429.02193401580422     
   415.70565801725854     
   404.34992399868827     
   393.06813229971567     
   382.25123160446259     
   371.75145393600951     
   361.25485785166165     
   351.39619683794621     
   342.07132073465988     
   332.69857813080512     
   324.10746866028853     
   315.93707219668676     
   307.00474944596687     
   299.06484565383414     
   291.27594495787861     
   283.26744134463814     
   276.29807914177400     
   269.75773440135231     
   263.00531776979625     
   256.97469369854133     
   250.33052114591129     
   244.37975029492887     
   238.60099952376373     
   232.59129936634091     
   227.60723312211474     
   222.80555269827101     
   217.92463280742018     
   212.96678672537746     
   207.91233939969828     
   203.28302416801912     
   198.65024029270199     
   194.22078030043852     
   189.91923723252737     
   185.90479062481521     
   181.77298578581284     
   177.93040153496685     
   174.11433597089712     
   170.12235397644673     
   166.46155597762191     
   163.14052633730284     
   159.57617183756267     
   156.15451063188397     
   152.91220298610818     
   149.85573834457051     
   146.74690211385786     
   143.83035720768999     
   140.90584185827313     
   138.00116068414877     
   135.12875483844340     
   132.39628895677004     
   129.63246230734282     
   126.88505297469680     
   124.28021616390849     
   121.82111861501474     
   119.35237375254991     
   116.93066303796726     
   114.57435999419596     
   112.30567919800605     
   110.01520768505529     
   107.79199462875923     
   105.65936867001123     
   103.54899522828512     
   101.51541110046765     
   99.562063649211879     
   97.630363890461979     
   95.782347639616418     
   93.860957528622706     
   92.033823397166003     
   90.179751752756616     
   88.439503888293473     
   86.689018053207235     
   992.13944914385650     
   959.87956746106295     
   932.34849936723776     
   908.05588786910243     
   882.16366503101062     
   854.91003442490501     
   828.16471171520811     
   803.31881062637842     
   779.22891225078661     
   757.97127895635344     
   736.14013981452899     
   716.06732345547834     
   696.73904389908694     
   680.58891131123551     
   660.79107216238197     
   641.90707672344752     
   624.85876248385398     
   606.85070651572153     
   588.96635585664058     
   573.37625721200720     
   557.38034621498264     
   541.24316696768688     
   527.07132871884221     
   513.21607774856579     
   498.91668242019455     
   482.82604170037655     
   469.11436048111307     
   455.19813815910493     
   442.37459102688058     
   429.92967778680963     
   418.16240267770195     
   406.27535604439106     
   393.86616428283207     
   383.00702484787831     
   371.76539694603264     
   361.41113166077889     
   351.58236773486169     
   342.81947547740356     
   334.64762535892629     
   325.91919255712287     
   316.68656997665659     
   308.88245437187976     
   300.96996463196461     
   293.39486766016967     
   286.04998128025534     
   278.35769278000112     
   271.04683933917170     
   265.06004811078810     
   258.59278329322422     
   252.35803319403388     
   245.81567728932768     
   239.73709286576346     
   234.25226429783302     
   229.02005659299326     
   224.14988613473921     
   219.01177039359354     
   213.72971484203927     
   208.53745538479845     
   204.23442356891047     
   199.43453633524001     
   195.00780804178376     
   190.80470964835416     
   186.49433949090627     
   182.36470006942648     
   178.41651226812800     
   174.49798362748268     
   170.79189710964633     
   167.11334125610500     
   163.45796738732327     
   160.10599260412715     
   156.69737566211160     
   153.44114350241861     
   150.25534130812639     
   147.05265465219284     
   143.94556292166934     
   140.92312842029116     
   137.95012193448520     
   135.23024922512536     
   132.45646672635741     
   129.85312063603814     
   127.12902498820822     
   124.56321867307943     
   122.04703976701410     
   119.57144810303980     
   117.09037649447590     
   114.71858992554439     
   112.41284127453497     
   110.11076701689994     
   107.83738593943352     
   105.67612077449178     
   103.52575705113632     
   101.45068762209999     
   99.395189350908311     
   97.391370603962017     
   95.435091660345449     
   93.523045158058579     
   91.695844467048090     
   89.897076010309149     
   88.191197479340914     
   86.449962651022005     
   1000.3338105145036     
   966.73151699774871     
   937.09977802614480     
   912.11236913222353     
   888.37053735098914     
   862.52613031240116     
   836.77351359385079     
   814.82627552901863     
   791.63058820844037     
   768.60057277301087     
   745.93701051719427     
   725.33248761601180     
   705.73145528494877     
   685.02687084161266     
   667.25189548763592     
   647.85833186370724     
   629.30873319643626     
   613.64314239394639     
   597.06088932382977     
   579.45538367098288     
   564.79718841771773     
   547.68467926534515     
   531.71252964812015     
   514.81985524979655     
   497.69760550019714     
   482.54081662471583     
   467.96247098969957     
   454.89325837284099     
   441.23636713683800     
   429.08918371106563     
   416.53330504211073     
   404.94840413701655     
   393.94508094090423     
   383.40203615818189     
   372.73801937640576     
   363.18936057059875     
   353.66446571063500     
   343.88571733377847     
   335.09204029081525     
   325.68587501898162     
   316.60079305457555     
   308.30600633351412     
   300.25430070163890     
   292.63294894361854     
   285.15944744961041     
   277.75518333840745     
   271.19163449995534     
   264.19877228823646     
   257.40065530517217     
   251.27439419697390     
   245.44001934131231     
   239.90729311092696     
   234.07281527119886     
   228.35595055435624     
   222.92085814602780     
   217.50356349890879     
   212.27574908903011     
   207.31732209267847     
   202.72478119732565     
   198.68160528710149     
   194.31599271773425     
   190.19142700396128     
   186.10390861132939     
   181.78216465960369     
   177.65085351041552     
   174.15223244047289     
   170.26296139587618     
   166.65487469792470     
   163.05502038297331     
   159.54206781426805     
   156.00860241623388     
   152.78156105966306     
   149.58287724546523     
   146.45395647344571     
   143.34692208867949     
   140.41543556419816     
   137.61244619184941     
   134.77331223222711     
   132.00131279748075     
   129.40324862900235     
   126.68035426659382     
   124.08579405331955     
   121.48817495563750     
   119.05099634592435     
   116.61999387431513     
   114.25316516548543     
   111.90802446232421     
   109.67764576090150     
   107.44387915935781     
   105.23622914423139     
   103.13908180717503     
   101.15966950098141     
   99.151266139369042     
   97.107147259633464     
   95.182394568792844     
   93.328853543889792     
   91.486062697674868     
   89.708175368105415     
   87.906777615982676     
   86.187550280303341     
   1000.0020848706899     
   968.24746590526036     
   939.86916918939380     
   913.57259318965066     
   887.88941856664076     
   866.79825915726144     
   844.08366543766329     
   821.82035035289209     
   799.83450870168610     
   778.04870498856405     
   755.00468182449754     
   733.58393254449447     
   712.94524544699391     
   690.22385624025435     
   670.47709550632442     
   651.57840488741374     
   636.01204707434704     
   618.66138313456952     
   599.70381884462029     
   580.32847694696102     
   562.45139719964334     
   543.10767006025571     
   524.81824797349145     
   509.91179068284436     
   494.37747462462795     
   480.90022042058706     
   466.44986362969655     
   453.46336459769338     
   440.13379510865605     
   427.67703922063833     
   415.76722008841296     
   404.22646813728130     
   392.29655279361907     
   381.54263974255133     
   370.83384645612261     
   360.16092531113514     
   349.79273647263915     
   340.30646098417168     
   331.19222137565851     
   322.68764497211669     
   314.61378869432309     
   306.20812975015679     
   298.46047736527703     
   289.88838682555649     
   282.24671679678016     
   275.16725744100211     
   268.43176170106227     
   262.52732265858361     
   255.66251890528611     
   249.24097250393416     
   243.18086879161825     
   237.41780803281151     
   232.26509388245256     
   226.69304190059123     
   221.70014502210068     
   216.92479910863293     
   212.00996836872574     
   207.25178779138463     
   202.70276179093210     
   198.30414477480369     
   193.92301723221451     
   189.68473971058535     
   185.50951939404698     
   181.64349701053223     
   177.78030231621443     
   173.89972081689459     
   170.07554777637216     
   166.53427062547871     
   162.83994158624949     
   159.37762893154311     
   156.04143950172451     
   152.73882159493962     
   149.46020165729726     
   146.37291546318372     
   143.47400109974615     
   140.52282657550532     
   137.50817157714005     
   134.57208062333197     
   132.00260764631935     
   129.31693484272483     
   126.62708300495683     
   124.01679224986670     
   121.43380715124943     
   119.07832117295547     
   116.66886865294801     
   114.37037842711958     
   112.10832569906125     
   109.83331325083682     
   107.55231360478670     
   105.40341500539806     
   103.28086362627316     
   101.21073443195689     
   99.175240198195638     
   97.244331029078126     
   95.356538171230213     
   93.372595282444195     
   91.479453447230142     
   89.666462802799003     
   87.880434748082095     
   86.051262605606453     
   1007.6893135037910     
   968.62806428041040     
   942.43116120061131     
   918.00839443876657     
   894.76623589367296     
   871.28293857958249     
   848.17013355194763     
   826.41526107054324     
   805.30716845724601     
   782.04803400513197     
   760.88046889494422     
   738.48082403263754     
   718.60065372459280     
   700.76025702729919     
   681.43542721371205     
   660.25801801136242     
   640.68364127719599     
   618.94401651942496     
   598.39709327861476     
   578.96607503128041     
   561.15510201299128     
   544.53862693108601     
   527.98642304297243     
   512.91515440502565     
   494.87194118418404     
   480.99551500834116     
   466.25057821411883     
   453.97086389647410     
   440.31218816260059     
   426.45367962745297     
   412.66290568731586     
   401.57748302903741     
   390.55194141729226     
   379.29205524540453     
   369.13246488307965     
   359.46184447135886     
   349.43931358940222     
   340.46204042842930     
   331.05497613031577     
   322.24831658571367     
   313.24230991205781     
   305.93581381351078     
   298.39045194180989     
   291.22759460459145     
   284.16996721660570     
   277.01237948610981     
   270.03903843543060     
   263.68014633610431     
   257.53536721797906     
   251.42203162952498     
   245.65329422835811     
   239.75764341466433     
   234.29002925360547     
   228.72823554273398     
   223.24641956566978     
   218.35907332715945     
   213.31066573684467     
   208.74190128047002     
   204.21869158067676     
   199.61515296626976     
   195.22822979412305     
   190.60069902957292     
   186.29111108564069     
   182.16391581379742     
   178.14217897595756     
   174.38793863148092     
   170.72138199062633     
   167.12553046409474     
   163.44488571817851     
   160.11551339725449     
   156.61026231659810     
   153.39396948886986     
   150.35414970152794     
   147.24767584321077     
   144.16887906304567     
   141.16379438045226     
   138.11904542051894     
   135.20210208061289     
   132.36721781567852     
   129.51545716246042     
   126.88229623106491     
   124.32648752071150     
   121.84392142169469     
   119.33900966727292     
   117.01467667863402     
   114.48844255566516     
   112.13265244395484     
   109.84231974811496     
   107.61667964557533     
   105.45494280066228     
   103.20575549748858     
   101.15144974989049     
   99.029178677129266     
   97.051225154231318     
   95.126965319937312     
   93.190722621304303     
   91.301359013748424     
   89.421984360384840     
   87.557097952286313     
   85.774396548200343     
   1011.4322059705289     
   976.33092984634709     
   946.20348164042946     
   919.35110061068531     
   894.02812098243226     
   871.40183450119639     
   850.84460674493107     
   828.85003576734107     
   805.99739532815966     
   784.59571904099846     
   762.84049659903781     
   742.57472294477179     
   721.52879620333931     
   699.53439647281550     
   678.59691611168751     
   658.48366492519517     
   638.19219675595707     
   618.11604956992346     
   598.79093641310783     
   579.96879216281479     
   560.23877374492281     
   541.67648523930563     
   524.53698412111294     
   510.00304232203757     
   495.12317150589769     
   479.91476566691233     
   465.77273076973455     
   452.07919069317757     
   438.58621851939597     
   427.62102800551668     
   416.27468482891675     
   403.83718865367376     
   392.24032350841355     
   381.82627816922121     
   371.28964033993583     
   360.54430930870836     
   351.12261578979019     
   341.93695893556776     
   332.65397146430439     
   323.98987827556516     
   315.14994240130915     
   306.71119049723700     
   298.58607764226906     
   290.74688731089856     
   283.23149138653548     
   275.71607892467404     
   269.27053502559619     
   262.90575799572014     
   256.04210799565533     
   249.99566585142827     
   244.07667758942188     
   238.03397231013295     
   232.13779889109253     
   227.10568450261803     
   222.02663845046072     
   217.13641338484564     
   212.07563895343947     
   207.07668385207086     
   202.29306303014232     
   197.57447870204336     
   193.02840497531298     
   189.14259107554119     
   185.03055524680633     
   180.98121014329655     
   176.94078339124849     
   173.07025785512570     
   169.35081676784012     
   165.81825292739495     
   162.22818403202672     
   158.82354883875550     
   155.45506794740902     
   152.02988681617978     
   148.79921732826125     
   145.66071020411118     
   142.68460720300558     
   139.83400948349185     
   136.87341886022941     
   134.01728289672204     
   131.16737686477086     
   128.58840845302626     
   125.83471972519673     
   123.28001583185301     
   120.68622906379116     
   118.18232773064537     
   115.72531076580165     
   113.34260305852952     
   111.00513800148261     
   108.73977190423676     
   106.49687823467328     
   104.39335562710963     
   102.21277953453441     
   100.20850079980501     
   98.051890102838769     
   96.102287825022330     
   94.176674449470084     
   92.180487972212347     
   90.307974471931814     
   88.436796325685435     
   86.526928936655580     
   84.728802324857810     
   1014.0666829359725     
   977.63902617026849     
   949.96436879051669     
   922.66892188381235     
   895.20401514988407     
   875.45368464530907     
   852.16719187410536     
   828.64251337297742     
   805.91109808493218     
   785.13084807136045     
   763.33538993981335     
   741.23775178002415     
   719.85975305179159     
   698.22440698960395     
   674.77918336564062     
   653.60291587187498     
   633.23020937347496     
   613.25966739704575     
   593.65938450096746     
   574.65686546401480     
   557.37870778526474     
   540.24398663869545     
   524.40151270848230     
   507.76591086483040     
   492.72421733802696     
   478.91708497226165     
   465.10696002910839     
   452.13555091833564     
   439.49188404702494     
   427.01459134699019     
   414.86485096622130     
   403.69281854284679     
   391.53428850179125     
   380.30753993481835     
   369.00958610999618     
   359.19641807697059     
   349.25180603532988     
   340.07926808008619     
   331.03704161415197     
   322.97217435491768     
   314.80888859843407     
   306.51221497444430     
   298.99891080804372     
   291.78188766299132     
   284.72492840012598     
   277.60886306055011     
   270.43841732120489     
   263.79231943433570     
   257.34782991191310     
   251.09797412935023     
   244.58549763011882     
   238.63486632693551     
   233.06686108157470     
   227.75901016435523     
   222.43600690660355     
   217.35794549710269     
   212.06752160395484     
   207.38515907698093     
   203.13105472802394     
   198.53810979563525     
   194.13490973957167     
   190.06769642028496     
   185.65384551550613     
   181.52664499853205     
   177.56229810831036     
   173.78709295116951     
   169.97104862759201     
   166.25242308269171     
   162.87448893833184     
   159.40266204358750     
   156.03173261419033     
   152.80348731714327     
   149.52691357633989     
   146.45886306172127     
   143.12858059388847     
   140.23322112254576     
   137.17707328799338     
   134.23228313309852     
   131.37653055706119     
   128.50364552057297     
   125.96345988330930     
   123.41265729091876     
   120.64856190226186     
   118.16930746296939     
   115.68126320508541     
   113.24026305081418     
   110.80912768542603     
   108.34089521506380     
   105.97432012605765     
   103.77223086688417     
   101.45944385391846     
   99.397414873612874     
   97.174305253580968     
   95.026439187838520     
   92.977773588242144     
   91.104182722730570     
   89.117199864148816     
   87.117628002231626     
   85.208475068068594     
   83.305810580963850     
   1017.7858198199240     
   981.48974093425579     
   954.37158442650730     
   925.83217078937253     
   904.33319262149928     
   876.66172132505801     
   851.22817344771124     
   830.19228498855512     
   805.78773283888813     
   783.51781645370147     
   763.84146098303177     
   742.46342421295003     
   719.65067549746266     
   695.99075551648548     
   671.68648538197510     
   650.03249191926068     
   628.81662533760550     
   608.92391460320653     
   589.70801262619466     
   571.34235743736303     
   553.76057106933206     
   539.45305799311586     
   523.10157972673755     
   507.40521301586671     
   493.27525600115501     
   478.31820955155047     
   463.08703872285491     
   451.29323150496981     
   437.63487694041044     
   425.68851235222587     
   413.64690834001897     
   401.76985332602129     
   391.39952802287291     
   380.46109197717249     
   370.23303155621420     
   360.47445535355337     
   351.57659131936151     
   341.46223928176857     
   332.05008287967297     
   323.20122813589705     
   314.58254224857245     
   306.32865383835139     
   298.16973402570164     
   290.47007836600761     
   283.02863417655414     
   276.07508014235276     
   269.55267390399024     
   262.95856572709630     
   256.39160529328632     
   250.64569455107758     
   244.77948521367443     
   238.80658448604299     
   233.42851678738543     
   227.80558269752140     
   222.53462777041082     
   217.37571555185426     
   212.24348886456266     
   207.48410919860910     
   202.34457725737099     
   198.22942513633578     
   194.06750579922868     
   189.79572276223092     
   185.48622755368615     
   181.16696096536415     
   177.11343089497794     
   173.10581339229932     
   169.60201050852567     
   166.14272344868263     
   162.49862779871344     
   158.61815680515988     
   155.19088324797468     
   152.02820625847235     
   148.72080469412268     
   145.68645561425112     
   142.26634268329298     
   139.12704882144388     
   136.18001843367097     
   133.31511461530175     
   130.35483515702111     
   127.62410598648319     
   124.80076122803830     
   121.94788060979917     
   119.26198422888977     
   116.56257600505214     
   114.12650345296146     
   111.72886707598236     
   109.15427449707492     
   106.52513555098554     
   104.20835550410834     
   101.91055558817213     
   99.603108240140315     
   97.407422080886619     
   95.141142313489340     
   93.019443428419635     
   90.876371584746366     
   88.857682526368507     
   86.875962499193392     
   84.807684999201882     
   82.817195432475913     
   80.847314990776880     
   1022.2477899532636     
   983.77703026049835     
   957.16131139968581     
   928.41436437094046     
   901.74020604406701     
   878.08274588030940     
   852.74760299733316     
   827.38199614782718     
   805.26923765705374     
   781.53386540920940     
   756.51416757315167     
   732.78192857323029     
   708.59637306453010     
   684.82540310253808     
   662.85138528238224     
   642.56660513303666     
   622.56772883030999     
   606.17008164274102     
   588.01347615356212     
   570.01985164379539     
   552.63376478484292     
   536.53496234903264     
   521.18096008984821     
   505.35483653308984     
   490.76073033837690     
   476.81820605122942     
   464.44762055006578     
   451.19432865683285     
   438.38100677555724     
   425.40405124112169     
   413.56167648926544     
   400.74479095915791     
   389.98419620458617     
   379.46253749753544     
   368.30324267523486     
   358.99135096659023     
   349.87140912484165     
   340.38532881281947     
   331.94876791385775     
   322.96785851420270     
   314.68338605221550     
   306.38409434527432     
   298.90825513382907     
   291.05596067000317     
   283.31921756993898     
   276.60503315144524     
   270.14585241415091     
   263.11066497515321     
   256.89388928253692     
   250.74651860816923     
   244.51151068571770     
   238.76453648275501     
   233.04258700662587     
   227.73451830239753     
   222.22989971573028     
   217.14433716394200     
   212.47143625014590     
   207.61203354636714     
   202.99802768896387     
   198.21137744667061     
   193.73253179101860     
   189.23651244400136     
   185.02466461881195     
   180.49742909863562     
   176.26967757022848     
   172.61802943494575     
   168.85057510971598     
   164.98678335881772     
   161.12453397132234     
   157.61901374509418     
   153.96607745112487     
   150.47097510479261     
   147.13820678337223     
   143.67070656313473     
   140.38576001930892     
   137.24912656424812     
   133.97870435418147     
   130.81186341559618     
   127.82017679050118     
   124.86780253897970     
   121.92293447900504     
   119.07018182157114     
   116.31821393670455     
   113.54250585170793     
   110.84991021033622     
   108.22244597570895     
   105.76105982705712     
   103.13198322667589     
   100.53819032872919     
   98.104756589047142     
   95.701769530478458     
   93.253769808750107     
   91.009789494904538     
   88.886047636015832     
   86.728099348208644     
   84.650618092117881     
   82.597512248109908     
   80.585920118248850     
   78.646564600502032     
   76.505746346356744     
   1027.5293118538430     
   995.09330862854335     
   963.15501029086386     
   934.31324693847773     
   907.99070339742264     
   880.73214453648347     
   854.59455740774081     
   831.06910616550840     
   803.72721036060341     
   776.69499048461432     
   748.18438143675530     
   721.98521402232871     
   695.49277275560394     
   674.86510686583006     
   655.79017932158627     
   638.68525798753876     
   617.16332780553546     
   598.96424885985357     
   580.75391673105707     
   564.26179142596300     
   548.06623614675914     
   532.88466688532048     
   516.72801671444665     
   502.26926284623704     
   489.11020675412010     
   474.01766428309520     
   460.56979230808588     
   446.86827481322939     
   434.54903160040288     
   422.16222624325269     
   410.35661094616893     
   399.60167191853469     
   389.41320053233642     
   377.57773663341743     
   367.69596292193773     
   356.87814829153035     
   347.10459164115053     
   337.83072832482162     
   328.31791969616154     
   319.47981196151659     
   311.03907950388447     
   303.00112551250379     
   295.48010146667514     
   288.55650636599705     
   280.98153080686080     
   274.61736483552397     
   267.73980730663186     
   261.27793866478100     
   255.21257632251388     
   248.55428671481201     
   242.55026680693516     
   236.66430731628745     
   231.09251765830120     
   225.46467166783128     
   220.11164738132214     
   215.06324314997929     
   210.09880684882822     
   204.84298228144033     
   200.17807577057579     
   195.46447211186768     
   190.88458426978454     
   186.21519515885805     
   181.45189837632455     
   177.46062045212523     
   173.10942888229442     
   169.26518747718853     
   164.89541277632739     
   161.12121872985870     
   157.05031978095266     
   153.14994097910082     
   149.29553557612070     
   145.71472532117767     
   141.96774353178844     
   138.20504784878813     
   134.79951136654608     
   131.14875305046144     
   127.72936170760261     
   124.41682759716286     
   121.35923394397727     
   118.24419221239994     
   115.26244768562626     
   112.31160280735470     
   109.24961212000642     
   106.42281560146338     
   103.59156160350935     
   100.70804030930269     
   98.212515292173919     
   95.638440666560115     
   93.140905184866739     
   90.719331991106969     
   88.240107421648247     
   85.756186972921952     
   83.387570357127032     
   81.310809258298676     
   79.201990368640679     
   77.059541127884543     
   74.903482305131334     
   72.829896807123077     
   70.997824806915901     
   68.985456918525642     
   1034.8504391985216     
   1000.3994424430798     
   969.98171557033493     
   940.33715439831144     
   910.51946131607679     
   881.97163524788016     
   855.15877063980531     
   826.61377132178245     
   793.53755224705503     
   762.00736243756342     
   735.32797107365514     
   712.01793938739138     
   690.94968296948014     
   666.51348205448255     
   647.09063018595202     
   628.41947633781331     
   609.72180168200214     
   592.52822386418427     
   574.33383147781376     
   557.12011054218453     
   540.82469929207150     
   525.23202751168901     
   508.92535525994612     
   496.51350708773930     
   480.65528024019949     
   467.54138561394325     
   454.10695056289183     
   442.77019263469367     
   431.04390916017599     
   418.98930085637892     
   407.28429712327232     
   396.32185021120148     
   385.34918204876158     
   375.13684096732982     
   364.69127565072830     
   356.08032801913043     
   346.72424588162500     
   337.18829842295577     
   328.55343312173795     
   319.94634151389499     
   311.55884842035471     
   303.76535194635841     
   296.06600043528596     
   288.68233876805971     
   281.27069508888076     
   273.63248180367032     
   266.30413860644364     
   259.44239660958067     
   252.66240577397480     
   246.09327198794099     
   239.92172504571818     
   233.76524226827439     
   228.11073974769906     
   222.40278697326366     
   217.10982432807418     
   211.64579978749023     
   206.05300476369359     
   200.79250502145089     
   195.60801285095562     
   190.36350729489635     
   185.35973450659301     
   180.65438992105308     
   176.05215899103962     
   171.48247690459471     
   166.85103701775051     
   162.41074280459293     
   158.00929802017873     
   153.68284100383619     
   149.62100506520039     
   145.54532634530622     
   141.39185647254467     
   137.53427559014403     
   133.59434952250163     
   130.01785172412823     
   126.03379670705948     
   122.66121533538609     
   119.47636208960633     
   116.23892484590378     
   112.65719552651470     
   109.50330969085317     
   106.38785393114766     
   103.11409364635023     
   100.11826275129039     
   97.308785300095010     
   94.539506755204343     
   91.913017639710915     
   89.195165837025641     
   86.366231277499779     
   83.903612708367163     
   81.240009949684762     
   78.823290198343258     
   76.483894927940838     
   74.225966586297574     
   72.113578507448793     
   69.820099764549283     
   67.972821255286121     
   65.941624844893553     
   64.085885804239993     
   62.196469825152050     
   60.136863250321539     
   1036.0997267978680     
   1001.4483623100508     
   970.05103122878336     
   939.57171479309864     
   913.47503227836341     
   885.12462528460094     
   850.26823828545685     
   815.53601196997397     
   786.18410559373365     
   756.32722132698609     
   731.18103687363384     
   706.21080071612096     
   684.19515608094503     
   664.68695415378602     
   643.65170177102527     
   624.83136410533552     
   605.12204751388344     
   588.57557434719558     
   571.65752921716023     
   555.85218125369602     
   539.35242211028799     
   524.14655314836534     
   509.51702271571099     
   494.10099167054864     
   479.80770166309003     
   466.04541177270090     
   452.05257457732887     
   439.69884976174421     
   426.45888353174422     
   414.16516006425019     
   402.37624478920361     
   391.22879536060191     
   380.49253130541126     
   370.86118565103703     
   360.16503140437391     
   350.91523871594603     
   342.50180498642385     
   332.83946189708843     
   323.10848107895083     
   313.76666027486351     
   305.54417705559257     
   297.04170519986417     
   287.92765230679845     
   280.54703782669947     
   272.86210516979895     
   266.50956140652301     
   259.51352992878816     
   252.13378609955345     
   244.96406620517124     
   238.26691008378253     
   232.06348103361839     
   226.22878517199007     
   219.97339666056268     
   213.34001598209397     
   207.37140334395934     
   201.71781550733689     
   195.82533611990584     
   189.90652362258308     
   184.65908887139761     
   179.49789892083425     
   174.31394719018198     
   168.89803707299353     
   163.37357225738424     
   158.37740275304557     
   154.31228594280799     
   149.64163214165220     
   144.79691701746535     
   140.03218196006009     
   135.38045169455199     
   131.51627904354982     
   127.25331624717451     
   123.41520711785773     
   119.54509005934085     
   115.50720419828853     
   111.67629874787318     
   108.47053561956206     
   104.88993972626729     
   101.26135735518343     
   97.894753709958962     
   94.983261472998947     
   92.251759768380566     
   89.631581329492860     
   86.461814887673825     
   83.715580757750573     
   81.325722987159068     
   78.523885662405490     
   76.528134290200683     
   74.141703876861399     
   72.194563250422618     
   69.589840849998140     
   67.451436899170147     
   65.651796815000537     
   63.919318389223513     
   62.082791973592208     
   60.191022550164760     
   58.385632660840130     
   56.614005628374471     
   55.003907158209017     
   53.508246360417765     
   51.825165562058366     
   1042.6264800681683     
   1007.9636734137019     
   969.70359903498854     
   940.02286529093703     
   907.93921538376208     
   868.77989125395106     
   832.02944721453366     
   800.13892638802304     
   768.78899856023190     
   741.31954164876049     
   718.08818830110067     
   695.85635095501016     
   671.67232900457725     
   651.16261358162376     
   633.26759699481556     
   615.58458204302110     
   596.10973528643035     
   579.23175835395250     
   562.59087378080380     
   546.92076315995200     
   532.93675497381469     
   517.84308908670141     
   503.55932279362963     
   488.48049344914182     
   473.86705811655133     
   460.54764224990640     
   446.53788611219755     
   435.24410924265044     
   422.16842964343402     
   410.39364613337284     
   397.84158475630295     
   385.85713078288825     
   374.58838436525173     
   362.91610206708208     
   351.70569235580132     
   342.31155095920883     
   331.23564301753004     
   321.60417682896338     
   313.67975280338572     
   303.76927907390740     
   295.19625880063091     
   286.66709737345877     
   277.24493788306086     
   269.27783102129388     
   260.96656575479426     
   252.83365998501802     
   244.82527975577386     
   237.22326972064670     
   228.99874407778003     
   221.66937330931270     
   215.22039757415831     
   207.90063422814836     
   201.37231676152123     
   194.85554214955971     
   188.64129078860529     
   182.19875108465965     
   176.75899308578812     
   170.78825775370333     
   165.43106158059047     
   159.82855649984859     
   154.16087152893809     
   149.04451036667396     
   143.81225066838419     
   138.61497086724847     
   133.89277919056150     
   129.24881017103394     
   124.10806878387892     
   119.73364854645162     
   114.97494462798113     
   111.11478764918624     
   106.72270376213736     
   103.27926466203962     
   100.97041012108932     
   96.611185950686817     
   92.982176500751265     
   90.343004722974769     
   87.362403193600699     
   84.605705516535238     
   82.383791424927523     
   79.808314179775778     
   78.316159108318388     
   75.427004789133633     
   73.247087380500147     
   71.221610441140967     
   69.484918295067558     
   67.896427173498893     
   66.270395487819599     
   63.571821372918059     
   62.560604202004704     
   60.371331517428473     
   58.957986922159925     
   57.634892869477198     
   56.466868834229025     
   55.083308255160311     
   53.203893893182290     
   51.099406435946364     
   49.901555267699202     
   47.759498250547360     
   46.281613464061358     
   44.831938803645535     
   1051.1130067859749     
   1011.3337293483812     
   976.71427050694740     
   940.42774910825312     
   893.27801968219717     
   850.90143143705291     
   815.12544121122482     
   782.74666580314511     
   755.28320623417085     
   727.76616335282824     
   704.39382556408793     
   683.30799982656686     
   661.82282113433143     
   642.03921568992962     
   621.83656590046678     
   602.02653757257781     
   584.06536968427599     
   566.55304028625881     
   550.19840193249411     
   534.64283843984788     
   518.18916185812941     
   502.39124226070601     
   487.71510182407116     
   474.18500499600958     
   459.49154266685082     
   446.60094668338553     
   434.00733156904312     
   420.02210981347798     
   406.07536687758238     
   392.57548166890541     
   381.04737775951116     
   369.41450069134231     
   356.59924992200467     
   346.29954267956430     
   336.28832095724010     
   326.40873066761628     
   315.09907693774221     
   303.56669733756360     
   293.01506194270814     
   282.21737505918355     
   272.92033978963525     
   262.93241083794311     
   254.66733594632495     
   245.63093544947469     
   236.19130586185307     
   226.32447454604022     
   218.31014729394835     
   210.75148278866652     
   202.07619718449786     
   195.25305457622812     
   188.32747688180859     
   181.15587564625264     
   174.74432510250716     
   168.45956007723507     
   162.26789072837462     
   155.72070162729349     
   150.08505668304306     
   145.06146053580670     
   138.95213540194851     
   134.43996648764704     
   129.13255232371506     
   124.15279906675914     
   119.84539001016371     
   116.20014212702401     
   112.21860111146817     
   109.28610952904654     
   105.28221075530180     
   101.87296414238376     
   97.536143662167049     
   95.082627953795082     
   91.023102650048429     
   89.679511609509674     
   86.428109941656459     
   83.829456900384514     
   80.794964826333498     
   78.000182017308958     
   76.332019005195846     
   74.317641010585390     
   73.184763442839483     
   70.993959248365371     
   68.915155169418469     
   67.437198709631289     
   65.811563434863515     
   63.253735297695442     
   61.732663101417934     
   60.760747942441569     
   58.935025838541272     
   58.295175352186249     
   57.568356263212451     
   55.993936171720456     
   55.196115574608548     
   53.677978192021804     
   52.219997781289031     
   51.175314024295048     
   49.442721400785999     
   47.773877998001403     
   47.031648716045240     
   45.647229487833769     
   44.279196226667537     
   42.642237878253766     
   1054.7995030055629     
   1019.2790940099933     
   971.07964990975415     
   921.20284104496841     
   872.95324206810835     
   835.04454022038851     
   797.89620642572868     
   767.23098290687938     
   738.26457767161332     
   712.44471609405946     
   688.70078225266070     
   667.72383873992896     
   646.66077298733853     
   626.11060620611806     
   604.71975440412541     
   585.74921514085008     
   567.75658510011021     
   549.08613148149720     
   532.14251521560163     
   516.46271906263712     
   498.35982831821468     
   482.74708315039601     
   467.71407375971046     
   452.17862792596145     
   436.91475649219080     
   420.90880393386641     
   405.85465201756881     
   391.29204547379072     
   378.05958343100855     
   365.23235167234554     
   351.04969472790617     
   337.96504061514588     
   324.82920957135258     
   312.25957590306223     
   299.92007301138938     
   288.95543544254861     
   277.05023751783631     
   265.33543320974348     
   255.50144961185956     
   246.20872499824003     
   237.33047970507573     
   229.35817460372834     
   219.12916324527924     
   210.10769471978506     
   201.76599987370014     
   193.07039521227088     
   184.72395353523359     
   178.50115417948510     
   169.40351203724822     
   163.69427587214818     
   158.25952939203913     
   151.23624865358886     
   146.09996328170496     
   139.19283247427785     
   135.52065339537862     
   130.35288157882314     
   126.69609565513909     
   123.90639531383161     
   118.87906909097040     
   113.95113063671596     
   110.01814526634257     
   107.10129064051455     
   103.96067207098797     
   101.74823499153013     
   98.993281924667158     
   96.878294921474037     
   92.857864601107138     
   90.636806819690349     
   87.103619045468974     
   86.513570142456047     
   84.746040358034151     
   80.850222647192794     
   80.258885846171154     
   77.462287434995019     
   75.289309255420434     
   73.350255099389827     
   70.658230715951277     
   70.382201753769408     
   68.443075631439569     
   66.952434063296607     
   65.892936186181146     
   63.788993377464799     
   62.527053066026966     
   61.454915039079410     
   60.720124107173028     
   59.219991405690493     
   57.122136302016479     
   56.508921728627698     
   55.061489254288254     
   54.174101530812891     
   52.906786049889831     
   52.110193632125622     
   50.701498956894667     
   49.405029860083893     
   48.272037111819650     
   47.420330955866405     
   45.351417423154537     
   44.144502143670486     
   42.239019388696775     
   41.571758770762486     
   1068.7575585043533     
   1019.1389575346411     
   955.59001893992536     
   896.46309435477474     
   843.75164506824751     
   806.46064187541447     
   773.21905449502447     
   745.15332403583375     
   717.63872777286554     
   689.33410707828909     
   664.57380517805814     
   639.54564025341654     
   621.55437154638082     
   597.20416598530051     
   578.51124069396849     
   556.80795546604463     
   536.08048768862602     
   516.24966688400434     
   496.77168653580560     
   476.15450472752275     
   457.80332835619714     
   440.14101878788028     
   420.14888105918942     
   403.08385008179567     
   385.50076610268434     
   371.42559988653693     
   357.08905877891476     
   341.77580623175749     
   325.51801684779497     
   314.06778589556751     
   301.51923076465937     
   289.84155282669639     
   276.78747414320776     
   265.24293147635615     
   256.87370203082486     
   246.34172968798248     
   234.96167223902296     
   224.91445326967698     
   215.27721836918138     
   206.56421182623777     
   199.51372788993098     
   193.70239597137652     
   184.50279164567462     
   178.11834081995806     
   171.27292558265194     
   165.52751949822402     
   157.76040360096889     
   153.34680527780253     
   145.81456417783318     
   139.83043678009139     
   134.71317865560394     
   131.23490977848041     
   132.24502727470221     
   125.27957478614553     
   121.13283764356800     
   117.86906003220369     
   113.76879776643277     
   112.94815813236180     
   109.60287323136970     
   106.22234869816059     
   100.44346356660121     
   99.360434092164525     
   96.657187645728769     
   97.304819088554211     
   93.939218274334337     
   92.028631048250730     
   87.465807261236080     
   85.715976870556787     
   83.373034013256017     
   82.568272797553306     
   80.992798955283646     
   78.749865617062127     
   77.365056160752843     
   74.978551528705736     
   73.409603772228408     
   71.160824110087418     
   68.956082600141002     
   67.978258628116549     
   66.545622366954404     
   64.499676495653091     
   64.071571293412902     
   62.182674091124284     
   61.450629864655482     
   58.915555223305013     
   58.614258977839668     
   57.808572261575648     
   56.266275840467145     
   55.696495638259648     
   53.449774868710442     
   52.456382310409730     
   51.909714513324360     
   50.638798762950337     
   49.706597332876733     
   48.186345964342635     
   46.450583378525273     
   46.078707611114375     
   44.667753128219246     
   43.233238964816564     
   41.857343473653728     
   40.438039901738009     
   1076.4081740409199     
   1000.8204503883088     
   913.87394960192478     
   848.56066908928779     
   800.10036263112238     
   762.67410763450766     
   726.21281092406821     
   695.14511285081176     
   667.57308175991488     
   643.92194820248096     
   615.63630047865740     
   590.81160520354706     
   565.10017646831898     
   540.24065554240963     
   518.20000369662125     
   496.05195441237930     
   475.14361736527025     
   453.30478198932974     
   437.44139045075940     
   414.36647915467455     
   395.58924741057945     
   380.63510495989499     
   361.33191147387828     
   344.41685139438596     
   328.75205520414340     
   313.85772997490341     
   301.54994382310099     
   282.65158459242775     
   272.50567750669785     
   259.69667902731391     
   247.28884666626880     
   242.59231825302533     
   237.68997413635589     
   226.21397031661178     
   218.05303075027103     
   210.31463097457507     
   205.54605773623632     
   196.50563994403427     
   188.18323121676372     
   180.87626956013429     
   178.65887445680258     
   172.54183033967837     
   166.38183239914639     
   162.05612174716094     
   157.10209645902307     
   151.20075215828206     
   147.79077500191318     
   140.70315599086322     
   137.12056858480571     
   132.78720559169352     
   129.20927340515360     
   123.63532145962563     
   123.39224537411731     
   120.11312332525539     
   115.14393832398886     
   112.88254623909111     
   108.63350594477102     
   106.01472622919422     
   105.25945382475197     
   101.62173859873330     
   99.439052199410682     
   94.958338851739740     
   93.502598256942775     
   92.030749952640889     
   90.690311488168618     
   88.713049759335831     
   85.363856162431802     
   82.628801831357521     
   80.473691990045197     
   79.848244267376884     
   77.615651133531472     
   76.252883243010203     
   75.264442500723931     
   71.292390073457526     
   72.968000382304297     
   69.676980370762521     
   66.521967432832213     
   65.213970522977363     
   65.266511761365123     
   62.262075395615277     
   61.822222525331838     
   60.620979901444173     
   60.182300970779067     
   58.345093523319136     
   57.085987270174869     
   55.304432757334112     
   55.637739734763322     
   54.355234852094640     
   53.506057303663042     
   51.732807834217844     
   50.126005168219095     
   49.753374934220801     
   47.950289803910891     
   46.801434667531012     
   45.429967142546062     
   44.148192914835455     
   43.945547402802696     
   42.363836141428571     
   39.883732129062587     
   38.281887546128274     
   1085.4200906029371     
   955.59271020480924     
   845.82509426191109     
   775.82614102438674     
   727.65724285429178     
   693.35915363988875     
   660.97425944740064     
   631.24831298101208     
   597.28417870651310     
   566.02368554684824     
   538.49835061102794     
   517.96547337785739     
   491.41996869960860     
   469.76402698956042     
   447.82376070033774     
   424.19175901580888     
   405.46474679320943     
   390.77674270848428     
   371.58419443938698     
   358.71525319246030     
   338.39721819111310     
   325.94069274099348     
   315.31152685279761     
   301.20688724531459     
   292.20798028837430     
   279.68161533426002     
   271.42335288921134     
   258.71714307912197     
   246.54945705637354     
   234.05863849964703     
   225.58664820252596     
   226.19364192350551     
   220.45040976139015     
   213.99787282066208     
   202.70076725108254     
   195.62307737662968     
   192.71406494015071     
   188.10195929726254     
   178.99989626588268     
   170.99696746720196     
   168.19426187037769     
   166.50900559470233     
   159.19675005212349     
   153.23179460246615     
   151.90226234451279     
   147.19209454248946     
   139.49182452138501     
   135.61137450235958     
   128.76087521779365     
   128.29931626163477     
   124.23100010998529     
   120.75011400977496     
   120.43308381349775     
   113.94232505048373     
   111.09401010660882     
   108.83842016489297     
   104.84852043643289     
   105.67685542166461     
   102.43474204546695     
   97.801989589307539     
   93.604425326048727     
   91.887346622795491     
   90.494321414910019     
   89.128929385204543     
   87.078863292899058     
   86.165227657164905     
   82.827472068358929     
   79.599717119428192     
   78.701625741666462     
   77.868586009800453     
   76.110563197638612     
   74.009070589461317     
   73.457078883991684     
   70.517604372349282     
   70.552803964979262     
   67.792899839411120     
   65.801826945050266     
   63.726167899094158     
   62.084061708149889     
   61.369831100713562     
   60.524487854881720     
   59.536810658594895     
   58.874367283077419     
   57.894484860358496     
   55.246022714594041     
   54.421100092771411     
   54.527978142844304     
   53.642382739484546     
   52.008245035929562     
   50.921911727096727     
   49.396220733748606     
   49.172105132645953     
   47.674383302274464     
   46.731377607796723     
   44.203419677327645     
   43.129227965700032     
   42.381846215254605     
   41.347467313225280     
   39.435354669179375     
   37.463699662794696     
   1093.6346436740041     
   892.93288974121765     
   765.75002648153327     
   691.40680392583090     
   649.04640100091478     
   609.94242408308151     
   581.40150823073827     
   551.02977037942719     
   525.16386300854276     
   501.94813114014852     
   475.87103946128684     
   460.50596132061270     
   435.56047707217277     
   419.31070355109534     
   400.38657630638482     
   376.66763880502396     
   367.83811765568964     
   355.22294480303322     
   337.99885706769714     
   332.06094949635997     
   316.61232568451953     
   307.84073467141127     
   300.87151386485937     
   287.70669822065543     
   280.40111393082384     
   270.01441630448107     
   261.88356934609988     
   252.34664845098206     
   242.01483334485394     
   228.06134094376193     
   217.75245948520026     
   219.20922448412637     
   215.88443876655944     
   205.47658806678919     
   195.68686469037527     
   192.81505872685239     
   184.77065987800142     
   181.44946276390863     
   172.96790604157087     
   168.18447813107377     
   164.66673320692334     
   162.07121604778885     
   155.03277351586442     
   146.86953298414272     
   147.35336879439211     
   143.06765813484463     
   136.03294108127835     
   132.96716346583878     
   126.39239548561767     
   124.58530131655910     
   116.11550910853668     
   116.78065805835853     
   116.87781222575101     
   111.44607991604931     
   107.02248953801619     
   104.63246489462344     
   103.26583622585859     
   101.81445115024923     
   100.14600956423259     
   97.030284725026902     
   89.398763241894358     
   89.972406527801468     
   88.726438759864294     
   85.951166102451339     
   82.633982124618385     
   83.260220152933442     
   81.443117336679492     
   77.635930857762020     
   76.352448757456813     
   75.722691689043899     
   72.668963829775777     
   71.860267249915864     
   70.507132965835325     
   70.041608698757756     
   68.135140718122599     
   65.563314128575584     
   63.648797863707252     
   62.286629259247341     
   60.324203717012438     
   60.773615655153669     
   59.932211566886757     
   57.911507726580268     
   56.795177462184370     
   56.817655706032156     
   54.004129493705946     
   54.055343060675710     
   53.054189989022632     
   52.463844288943413     
   51.510152718805699     
   49.190513991167130     
   48.961758340414363     
   47.511635324552202     
   47.185311565236184     
   45.536144835659336     
   43.062299534168815     
   41.639136484413754     
   41.161661741810420     
   40.765488063914681     
   38.177218688092651     
   37.242413600393988     
   1112.8434395078641     
   860.92489905329933     
   715.56823406302397     
   642.11558357567606     
   601.44942785170326     
   570.11979894036722     
   546.82024214478577     
   517.42212771891900     
   502.57850903727245     
   476.22222305306082     
   455.15626669288639     
   438.84382719441624     
   418.26438034184616     
   408.62557326902242     
   390.81218768263602     
   368.66743199739972     
   357.55925598494258     
   349.00568889209109     
   328.77014278053764     
   323.95745004262653     
   312.01555847390728     
   303.54920731010668     
   297.88797767376877     
   282.65923562044884     
   278.18692909103834     
   267.12292971978775     
   258.62378020180540     
   246.91371814033025     
   233.62566497434779     
   228.08012607122748     
   213.02367516177975     
   217.35984068190245     
   211.41458421167144     
   202.26385586135802     
   194.22754887610122     
   186.23522430484638     
   176.37546471433748     
   174.11628269052386     
   169.25054740607715     
   165.22167917255339     
   163.62278982999254     
   153.47603631120001     
   150.22781877201064     
   145.88174200924516     
   143.58262250686005     
   138.83538580252156     
   134.71370732306562     
   132.09909345878171     
   122.28197367518851     
   118.91136162711646     
   113.32018078479696     
   113.02940585849115     
   113.06812455334853     
   109.02139130016786     
   104.64162153853027     
   101.68506025875200     
   101.83840683134984     
   99.664933205842544     
   97.559235165581271     
   93.838752651787502     
   87.188978259100622     
   87.843042367643903     
   87.550438740737064     
   82.535983554197969     
   81.938168011566745     
   81.810131394429106     
   79.468524053971379     
   76.851385760829288     
   76.047784151245168     
   74.654741872427863     
   70.924663577635101     
   69.883977750659454     
   69.323374158842611     
   67.951017307932332     
   65.985002019209944     
   64.675285151368115     
   62.862220576225106     
   60.039212156079302     
   59.075945962460160     
   59.399679003032318     
   57.558794366463516     
   57.238110794881052     
   56.204452898304005     
   56.290134954060775     
   53.457564604034076     
   53.238784696920135     
   52.675315432557859     
   51.418698479847990     
   50.711765754952424     
   48.696107983572254     
   48.454612116830418     
   46.614965423519976     
   45.738526763237957     
   45.352168972449263     
   42.804696455318364     
   41.693233228881276     
   40.870188882533199     
   40.187125887351733     
   37.919697999538791     
   36.038099535602456     
   1158.6554684595426     
   872.78275363678836     
   715.08246311736264     
   635.94553736110026     
   598.44242027520113     
   565.83441429414495     
   540.77038256753326     
   509.85923643443647     
   502.74073976561505     
   475.97425238968066     
   456.26652311958253     
   437.80928310460575     
   415.82626049711365     
   404.28645583580902     
   387.86040602785766     
   365.96296273152785     
   352.56521999729085     
   346.51898742263512     
   326.21431812485605     
   321.36812659989522     
   307.45554017684356     
   309.29198869541176     
   290.96555846419125     
   281.06578256043093     
   275.77126292365278     
   264.70766822513679     
   253.58734931542779     
   237.92538685375519     
   231.79239973895761     
   222.78833865405016     
   207.67661642485214     
   212.66785539708133     
   209.11551375506320     
   198.28975321049262     
   189.56543224188948     
   182.52430217579894     
   181.08206896607351     
   170.35691017538798     
   166.84023643051728     
   162.59637814336526     
   156.51262681694604     
   150.71970057610997     
   148.64765262983531     
   143.65915278697724     
   141.63833826721793     
   140.27892963719137     
   134.75034375499951     
   127.43824211728852     
   120.32999883804322     
   115.92100652720893     
   113.72013335954163     
   109.33950249627776     
   108.26395698453403     
   107.09514626355482     
   105.02212747759708     
   100.55585874898291     
   101.09447745988416     
   100.14401738506973     
   97.037201983000458     
   92.599031426418435     
   85.188248178045242     
   86.689455519753196     
   84.964204083673366     
   80.404752523848970     
   80.042854071672195     
   79.381154844326801     
   79.513169148479122     
   74.330463499953737     
   74.166346205230369     
   73.380594373041063     
   71.425151497811612     
   69.746570862967445     
   66.455500690239205     
   68.153184356780841     
   63.672598414735042     
   62.499302203265998     
   61.112993023569771     
   59.695790240507868     
   58.308614855699901     
   58.507096225059186     
   55.969911212403318     
   56.323343343154207     
   55.200325391377078     
   55.156178129592845     
   53.053978539728753     
   52.054182115542176     
   51.263683464460655     
   50.034753900897897     
   49.714301303352073     
   48.449051193593455     
   47.531919290422728     
   46.131287503446977     
   44.992339230766966     
   44.615649713483691     
   42.823243763453867     
   42.007414753771350     
   40.787683683558633     
   39.459290729391483     
   38.395792321395604     
   35.366162847883473     
   1211.0628775026253     
   909.66367345353729     
   735.15204016457255     
   653.44723669276698     
   601.06319408315812     
   560.89940216386594     
   535.23510678070636     
   506.38740453258430     
   502.88783915157381     
   477.89237391855221     
   458.81590106976893     
   432.26051285927008     
   421.18228699537798     
   399.45113162351845     
   375.85596681092773     
   352.41410545276096     
   348.00897859744339     
   354.42016306519218     
   317.45092285434970     
   320.32750570511996     
   306.08811240721428     
   302.25737358240434     
   285.65031418553781     
   274.17262152079724     
   279.93398206247809     
   261.09719022720179     
   246.03401794609536     
   237.38754255354354     
   229.42386756959036     
   219.98340010615755     
   210.43092381675530     
   206.93128470775176     
   207.12442873161652     
   189.86213346551358     
   184.02264541527580     
   182.06473829886184     
   180.91465869883785     
   172.00734019407031     
   167.02319813213907     
   160.20229588774285     
   151.19745750405025     
   149.21759251112621     
   147.43643600931773     
   140.25485106521543     
   140.88213026868365     
   140.55162910913558     
   131.21149263996227     
   123.49128843104857     
   119.46286051919429     
   109.69466092258398     
   110.41200556497174     
   105.88072006855359     
   103.15629212459501     
   104.73984821702108     
   103.53848085347958     
   95.719480080413206     
   99.800462526034906     
   98.386106775255925     
   96.502328077766975     
   91.388010886827374     
   84.526388418926757     
   83.909341910176337     
   85.613862341332450     
   80.509514246918087     
   78.984791247083947     
   77.084487271471801     
   75.505899863866773     
   73.239352974225767     
   73.320242081705373     
   72.007439148277001     
   69.742165242411232     
   68.974098169594328     
   67.663712902516053     
   64.997480943789725     
   61.755041097856498     
   62.209422576849136     
   61.624498446710874     
   58.198831204326453     
   58.350468167058317     
   57.700285515341122     
   55.686215787805885     
   55.059925654715563     
   54.240123515684154     
   53.702200075579100     
   52.845240559517315     
   50.764080822198267     
   51.366444345772081     
   49.288206791291813     
   49.013300003966997     
   47.354032579500803     
   46.530142090413804     
   45.806041490687754     
   44.586424782625073     
   43.714508761087671     
   42.653619927792576     
   41.625092786357555     
   39.934406731589583     
   38.849645259666495     
   37.552800746418775     
   35.018075411289942     
   1249.2818565384744     
   954.51576017030175     
   768.82755738170340     
   670.23424040697398     
   607.85271891207697     
   580.98925847657551     
   534.08994133679073     
   511.73848619211844     
   506.72980835117119     
   497.13331412912885     
   468.10551129306145     
   431.68030135540971     
   412.69211487201045     
   400.74992634382977     
   363.41894434118410     
   353.45976173979813     
   359.38513271100635     
   356.90545292139439     
   317.10709247518588     
   320.24520192711316     
   307.70469699711452     
   311.25042848007763     
   281.83930920779227     
   272.32396901624116     
   279.27419879794184     
   268.32560105979178     
   242.98082287297657     
   239.86129424548056     
   221.97836422423524     
   209.15192024333038     
   214.78637593779121     
   203.29912781217996     
   204.55661724389532     
   188.73656676395987     
   184.37977207116913     
   180.84272625352378     
   177.33028148217585     
   179.43049757484607     
   169.85900774118818     
   160.56593314858242     
   149.18523656714112     
   151.20849079291384     
   145.27889410254338     
   142.27504100677152     
   142.07425668224249     
   137.78373501307254     
   127.76117759247263     
   125.21754360060631     
   120.86201759872642     
   112.02042567410767     
   109.26259952023878     
   103.86263554879538     
   102.35689996986352     
   100.68796504521713     
   100.40308199858873     
   97.132018166751124     
   97.042722021622254     
   98.478643736457343     
   91.777231774116999     
   90.264175778119025     
   83.961259335615352     
   81.380550837516822     
   83.709633777772865     
   78.801196692565156     
   75.916645746330133     
   76.082428302448719     
   73.419491441329939     
   71.042785085177343     
   71.733525012457562     
   70.613076367597174     
   69.754945945562213     
   67.915252614405844     
   66.421368902032697     
   63.717176156483205     
   61.405582182160352     
   60.652089304097089     
   61.580261068929573     
   58.800761786726618     
   58.185785182471804     
   56.131922345851493     
   54.547758832617944     
   54.150857660653443     
   54.138259916856079     
   53.657911875814186     
   52.183498575677824     
   50.552915495445497     
   49.739636298858727     
   48.881519207592468     
   47.415579395104452     
   47.376052858384959     
   45.740606745476200     
   45.053155391750494     
   43.840105654935336     
   42.691455171922136     
   42.258537091986199     
   40.733878427425218     
   39.565117336910703     
   38.116238075933516     
   35.910767976722610     
   33.913420244663854     
   1271.4151420301673     
   991.57068037948113     
   812.39073048263708     
   688.98191822053946     
   615.56400137949117     
   590.61553210088960     
   561.04097938759662     
   542.62406808717515     
   510.07811394777713     
   493.27499949015464     
   462.01866927649792     
   434.15533169920070     
   412.09606159381906     
   406.23714191232523     
   360.51533792261910     
   353.99647501015875     
   352.96334940278780     
   347.03164138278589     
   330.08147861242946     
   339.28714053580723     
   314.49656118580867     
   313.94068230432651     
   284.36963368588152     
   268.86629352928031     
   273.63589241021316     
   252.75765103773986     
   244.97893524808592     
   240.37563230545072     
   208.84167600877385     
   201.61513888476799     
   208.25810541227693     
   199.56079902380833     
   204.11996492351710     
   196.96503786999725     
   185.63899846409609     
   181.41771894435857     
   181.81971612998535     
   185.52772858596950     
   172.36099431906086     
   155.43171266082879     
   150.77493472039882     
   154.79172156300874     
   150.38031916287778     
   142.71049887023045     
   141.52034534663511     
   135.22322934365178     
   125.20101533137128     
   123.88418848253083     
   120.32653641825678     
   114.65301634649684     
   113.00085043792011     
   104.37409258263821     
   101.95284789485180     
   97.523968186432128     
   100.81704178611065     
   96.212064071673552     
   94.962639084689584     
   96.113490368620333     
   90.922020059128400     
   89.389673468631571     
   85.751327406280993     
   81.466013041176168     
   81.577098556532803     
   78.922116715633720     
   76.457801653803628     
   75.048930988627731     
   70.760745312962570     
   69.643850914522858     
   70.766056159043316     
   68.262245912281429     
   68.000035306813174     
   66.902753545364021     
   67.312421424767678     
   64.120685009218334     
   62.068043791770734     
   60.060035898520177     
   60.337156210282075     
   59.318814483286253     
   57.850352688535814     
   56.344959530729007     
   54.170483613750065     
   53.570198333739782     
   53.511382462441077     
   52.709598496522354     
   51.802400930970769     
   50.990030620926845     
   48.731763203663171     
   47.808420748951391     
   47.363928522464676     
   46.733037231266472     
   45.730099363700603     
   44.103184038743628     
   43.568093404748289     
   42.742544035829880     
   41.195916806472979     
   40.029415611450190     
   39.792879421943276     
   37.606211821381464     
   35.428557353285207     
   32.926883454997743     
   1291.4450872952382     
   1018.7056579329371     
   826.77411389299186     
   678.24194634819503     
   635.08438861114541     
   590.85597565615194     
   552.77362931216521     
   542.74767939089361     
   496.68549122794491     
   510.45989522955728     
   475.28352252205343     
   443.58724778174837     
   417.65043253089510     
   395.79914365362708     
   382.37596137018454     
   354.93926189936354     
   353.15183247048196     
   358.83024699543375     
   337.56985683318788     
   348.57789938947786     
   322.54658803262771     
   303.97824542428316     
   269.74387999775035     
   251.52078353073929     
   276.71506051951650     
   251.83644268955743     
   243.39076190992654     
   240.95977805603633     
   199.92610849939820     
   191.11630160142332     
   200.59676119255013     
   205.74773312986196     
   199.40252307224677     
   196.17223069772734     
   184.25606278160669     
   183.48426321332292     
   178.76461727297314     
   175.65260686754266     
   171.72071321640973     
   152.29669296317650     
   150.06950732029597     
   158.19450090696716     
   153.64542514238971     
   143.12979513811774     
   145.02505450143281     
   135.98029031457972     
   129.09560215044928     
   120.01994248449121     
   121.30646663960192     
   112.42728219080598     
   111.16428942098779     
   102.99392126800785     
   98.051364592868779     
   96.101670658439346     
   96.468128788785549     
   96.849170682929639     
   97.189560054948217     
   94.749661490911251     
   88.733393280040076     
   88.434144165407403     
   88.134628497269276     
   82.242712660061542     
   83.109522362722970     
   77.549911255715898     
   78.200016126431365     
   73.774931017331738     
   70.416063830550655     
   70.080433785993648     
   70.616759422854159     
   68.117066830957057     
   67.710533188386492     
   67.462236416002000     
   66.911823398374423     
   64.501409331680179     
   60.290318740848967     
   58.059368414218113     
   58.942404048292453     
   58.089220533374906     
   56.692766222046174     
   56.010474937150398     
   53.638862882039312     
   52.403992970220514     
   53.105424034632335     
   51.935287994919364     
   52.150256389254054     
   49.560836022845663     
   48.572547517154938     
   46.875915102076355     
   45.887740226429223     
   45.448067485628513     
   45.485667132949118     
   44.313044262568539     
   43.739106531198452     
   42.191321730247367     
   40.919647848823899     
   40.427724525651861     
   38.745773695715336     
   37.015742803558723     
   35.072441257083725     
   32.748386844089126     
   1293.6704717918929     
   1045.4795509931942     
   857.30112165793878     
   706.56020026883300     
   621.87264680366570     
   580.67750208408972     
   571.93798191968176     
   533.99120120972589     
   508.36687689607493     
   505.36210092272620     
   466.79591824908636     
   451.90884170212530     
   427.11806272091201     
   396.29361398867854     
   373.06924428667998     
   342.76940623944171     
   356.21808076782571     
   366.14646802712571     
   339.55950884866422     
   342.74956027034818     
   322.15813304820756     
   294.87301628196786     
   266.27069211943422     
   238.54888513637880     
   266.86924879668027     
   256.01556190578339     
   237.42093581552803     
   228.96305532120658     
   194.48720293040392     
   194.47908720173874     
   196.17677582928755     
   218.12985480964346     
   202.82254941511644     
   192.72810709353479     
   180.38069119193273     
   188.42699210032660     
   183.61313369232380     
   169.86329515953517     
   177.21288671938214     
   166.83898406183718     
   153.55535818402566     
   157.39853507172137     
   154.65911924059040     
   141.08340914282871     
   143.52938491050730     
   138.53366206712846     
   137.14433903216940     
   116.97498532091188     
   117.94930650165439     
   113.76354213886114     
   107.59535929106295     
   100.42622475804247     
   105.03994679454348     
   101.12555708148167     
   98.120715941451365     
   99.129692193396892     
   96.689697118453154     
   95.315322969903619     
   88.183629685969265     
   85.428879680700518     
   83.839440072937848     
   77.718908120632847     
   80.574933793599584     
   76.432199118721371     
   76.544446040821001     
   75.946689566217856     
   71.250379311043986     
   69.674940280885068     
   68.870931676299037     
   67.026530485471881     
   66.529267566591358     
   66.715100784030000     
   65.898210364001372     
   64.529036437773257     
   62.932338787250856     
   58.174509055801003     
   58.522532901314285     
   55.911333222820787     
   55.436103132954216     
   54.617861744815656     
   52.893286073348612     
   51.262221233433863     
   51.910628363672615     
   52.069465964427948     
   52.403892525601293     
   49.236201830709938     
   48.128100927314662     
   47.098851547525591     
   45.223525236234757     
   45.744814488643556     
   44.736264931509268     
   44.579715620990179     
   42.714529098255589     
   41.838646958939904     
   40.673066153943125     
   39.884309302832150     
   38.858748401981494     
   36.624549974934219     
   34.877964468787980     
   33.299713197805467     
   1287.4236977761639     
   1086.4041971206918     
   845.03336911110455     
   734.20430376778245     
   603.35996839875861     
   591.69633732420004     
   556.02859798464067     
   511.12741679191163     
   534.53452275510062     
   497.34997275194394     
   487.07843877463847     
   472.71929932307955     
   446.31591430625730     
   409.22322230199745     
   354.80613397952004     
   337.97232432915263     
   350.15532781834082     
   371.41054392529588     
   328.11249743139291     
   325.95083237720615     
   335.26402271502860     
   296.47428089638458     
   253.07814486987428     
   234.77293872027599     
   282.00074033823358     
   262.23350098442637     
   219.91437015946616     
   219.72949708298523     
   181.37659157432995     
   176.02767227925111     
   196.84911475160396     
   214.37348359952574     
   193.27786808645848     
   181.91876039645288     
   174.37652879343855     
   188.67541323699703     
   176.78222079324973     
   160.30435619123810     
   179.46284893271101     
   169.20015154691509     
   160.03689014923231     
   156.59453866676165     
   153.30243302437131     
   138.95361589079207     
   144.08286148178752     
   143.11085617956206     
   137.93664395073932     
   118.92918073942366     
   105.11959189225780     
   103.54899930054248     
   106.46931353691872     
   102.94387731878626     
   104.72620428153567     
   101.07543392141098     
   100.05755328989719     
   101.27963826884354     
   95.037260155523512     
   96.965011712394059     
   88.770829275169632     
   84.594385822772722     
   83.795311202145882     
   76.279944599328218     
   80.526015695483665     
   76.831435707953659     
   79.360390605142683     
   75.382892971157332     
   71.509788301353808     
   69.723555817504561     
   68.847817363341306     
   66.977503596721775     
   65.186090960904977     
   66.256910852703669     
   64.321210539168618     
   64.152349888084203     
   62.121464359756928     
   59.372089748504294     
   57.231822485292220     
   56.175210343723343     
   53.993753792690299     
   55.521102033018536     
   53.672262156861684     
   51.945354426670143     
   51.876479689143366     
   51.365364251010305     
   51.256253622387142     
   48.691146502040716     
   46.936298814537913     
   46.760363321055181     
   46.193888008685114     
   45.488787434396805     
   44.819331509157053     
   43.560434423701452     
   42.093649962262553     
   41.369481874338575     
   40.301435539932662     
   39.617644390254583     
   38.014528683915842     
   36.794372531759322     
   34.809393193422324     
   33.212085821778814     
   1292.0667785011874     
   1105.8764531864558     
   853.03896136126673     
   738.15211376871343     
   582.76583768728665     
   610.89117576195679     
   547.12946683776693     
   516.71991448282711     
   531.14616874852095     
   471.05305862151232     
   494.33875984182242     
   484.69187095063796     
   453.98919700456736     
   421.68023558488653     
   367.11391957062131     
   348.63740234228328     
   346.81291735383775     
   359.98447705796559     
   319.33919575662389     
   319.95372550801784     
   321.59689361934727     
   296.79303226695481     
   262.70760182871561     
   245.28291279653342     
   254.63964885697158     
   253.86241905793858     
   217.48267409380907     
   209.02655025515179     
   191.29023843181585     
   174.94815990446881     
   189.58851026991761     
   181.64785848482467     
   176.48488419239231     
   188.60455009141691     
   173.99948785375386     
   182.97797387952460     
   168.55999125577748     
   157.07779449592348     
   177.87229205224133     
   168.12025807894094     
   156.02624595407832     
   150.81924089104456     
   148.93400315369803     
   133.02860274361080     
   148.89707454964159     
   145.79777289479526     
   135.12856382994170     
   120.95912175678922     
   109.00124474776672     
   107.74484328933798     
   104.20274411441301     
   101.34384051696594     
   104.27700331980701     
   104.64736566336926     
   96.116943356370882     
   97.941217083706846     
   95.607211790343584     
   95.952681207186245     
   88.128810581107047     
   85.514509137148892     
   82.051461010214055     
   77.612555139195536     
   79.074025161439309     
   76.399440749669253     
   78.544608534727331     
   76.458365387907321     
   72.029186752195585     
   69.752598509614273     
   68.520148864772722     
   67.884732233202811     
   65.994348221085616     
   64.034200265112261     
   63.364075737338808     
   63.849323963295426     
   61.333100750275946     
   59.541805560079354     
   56.470140984092893     
   55.549351849775718     
   56.180030842673311     
   55.645662329022940     
   54.229928992819829     
   51.035872523774188     
   51.342379564505258     
   50.426706724658978     
   50.951178021576595     
   48.675834698485858     
   47.883011080118983     
   46.825517404447581     
   46.450981684846333     
   45.666064391549419     
   44.166192271378527     
   42.369144677005714     
   41.984617669836872     
   40.887247953099788     
   40.582070506568478     
   39.024487003309808     
   37.687470350383286     
   36.448804734885492     
   34.109846556594249     
   32.805050803992479     
   1277.3344470671113     
   1115.8637470413682     
   891.76814799416047     
   720.12476004124403     
   549.90939867519251     
   586.11246963899623     
   565.04033332568622     
   527.11886672230969     
   533.98816786131181     
   444.65500270314089     
   454.92141550584876     
   456.19559589616091     
   443.85996553321814     
   411.65496727673536     
   347.54775018706999     
   363.44229726785136     
   360.82477168519972     
   351.31934344230478     
   352.70285491364888     
   335.34382643213092     
   317.18585740919673     
   305.66883850030041     
   257.40692693200623     
   265.98647419582562     
   256.40338747067113     
   241.05088135248593     
   221.56580072430171     
   207.40113970339630     
   202.37272959579121     
   182.71611511056889     
   197.07893947170140     
   180.63224031493138     
   177.40379192749327     
   188.89144302463600     
   189.51416274870999     
   188.22891892622911     
   170.20429105721897     
   170.53609428607854     
   173.39857717662716     
   171.31105809748757     
   166.92918339327932     
   158.01456006988815     
   157.52257311151024     
   137.76861123957468     
   145.48677585116658     
   143.62786895928923     
   135.42670556268683     
   124.13111597166447     
   101.39649850567662     
   105.14075062951612     
   105.87294011202505     
   99.307515711358576     
   104.58092330784262     
   105.92272988618224     
   99.708834270532833     
   96.838539808457128     
   90.374762452959999     
   96.903005528973409     
   86.906630043537319     
   83.281817405046979     
   79.076519828446351     
   74.857108858449848     
   82.620073356404617     
   76.822197905128718     
   75.302626918499143     
   77.880591789235140     
   73.613140754090821     
   70.154259535159071     
   69.234401722955440     
   70.257529788061277     
   65.991515886836993     
   63.533494550138002     
   64.373310796025294     
   60.366524149735014     
   60.820424175876397     
   59.593057723290649     
   55.211526710934614     
   54.109962546272612     
   55.339343081098924     
   54.706634663146090     
   53.877908454023640     
   52.408827942280197     
   49.515200694366271     
   51.935868691065366     
   50.597266019973809     
   48.249827783825985     
   46.940467006055222     
   47.509616701791686     
   47.023326185268594     
   45.871677631254045     
   43.437127124373760     
   42.009479028239362     
   41.949996732779638     
   41.907665011434986     
   39.934344915580418     
   39.449091618199418     
   37.525641191860885     
   36.038023376516769     
   34.498469440168222     
   33.051761485705072     
