           1
        3200
           1
   940.30794203249980     
   896.78641978163762     
   865.43088590145248     
   837.79639312818017     
   815.97200959880240     
   799.43425177325639     
   781.79146213489844     
   760.33656451784111     
   744.82684334397504     
   726.65571841950691     
   710.51414790167860     
   693.16566231733987     
   678.22991674958985     
   663.84632500012981     
   647.01163323859146     
   629.90017125789313     
   613.88223351309239     
   599.39696285674017     
   584.12547987105393     
   570.15040482643701     
   557.44157824361275     
   542.42333510347748     
   529.94731758695116     
   516.26626626509085     
   503.73154042354366     
   492.06292467555284     
   479.06340865667380     
   467.60178843936922     
   455.59413841594102     
   442.84930423008342     
   433.03951706891860     
   423.26796271163056     
   412.71477743529931     
   402.20797426079821     
   393.23339001563414     
   385.69197078462304     
   377.27625643399244     
   368.16456339047249     
   359.17409668159144     
   350.25746659936408     
   342.02355478563140     
   333.69926150454614     
   326.02638376865161     
   318.06806722631131     
   310.97770167283363     
   304.20989618378331     
   297.02599797061424     
   290.56410076600116     
   284.42669490593704     
   278.41456050747172     
   272.28457514728677     
   266.59887756443720     
   261.08272640493431     
   255.50355312550064     
   250.19324939140884     
   245.35858847051463     
   240.62032989601462     
   235.33790778513679     
   230.69790790931347     
   226.13495053465061     
   222.31150200883675     
   218.17431463696477     
   213.76397697894208     
   209.60646353112668     
   206.02371825035942     
   202.40051399565920     
   198.36514239119609     
   194.70505798235337     
   191.17493874047625     
   187.26556869345541     
   183.70001846868740     
   179.88859139362782     
   176.18306533603814     
   172.27944644703160     
   168.61026128599536     
   165.23763027165398     
   161.93027203149660     
   158.36822936089771     
   155.10284194923847     
   151.77443717891535     
   148.63391113605536     
   145.58940472206103     
   142.93519801649026     
   140.12238321684833     
   137.20942002648800     
   134.41706009237623     
   131.73943474653674     
   129.17962651881425     
   126.74712528681937     
   124.16541954951060     
   121.72184470017081     
   119.25992910339366     
   117.00658843836344     
   114.73914057920720     
   112.48377429224665     
   110.40431159071156     
   108.31706557526283     
   106.21346484826063     
   104.07315260475985     
   102.07333170315755     
   964.57086405435314     
   937.02268765232498     
   901.70529510495771     
   870.78649894383193     
   844.95674771795291     
   822.17257426865967     
   798.56459737548198     
   779.15189879475543     
   761.08761597005309     
   741.57341599488439     
   724.96456127534907     
   706.94391101740257     
   687.93120765559104     
   670.59682143290604     
   653.74796537346697     
   638.35253614495366     
   622.85592886630627     
   607.72305451620264     
   592.66294993116469     
   578.26419145681268     
   563.16668640451167     
   550.05397264205135     
   538.37423490880542     
   525.71155689788111     
   512.70636789615264     
   498.43170472657130     
   486.46245927994170     
   475.51977081362077     
   463.97416026861015     
   454.23889217533304     
   442.56952494483181     
   431.99241493357499     
   420.68121629468260     
   410.25186411891536     
   400.56367056965382     
   391.15065038694320     
   381.00062418536254     
   371.83513146412832     
   362.43003701745278     
   354.12751634996692     
   345.94205646170667     
   338.44254138455233     
   331.09658514744899     
   322.95072435287000     
   315.26172178195378     
   307.26246214465277     
   300.31236668805525     
   293.16331661419019     
   286.73554302405489     
   280.65200344186076     
   274.49603877211530     
   268.42433353642360     
   262.54960823750656     
   257.20994368896135     
   251.85092222820504     
   246.34368773572606     
   241.12715701358343     
   236.71593474030874     
   232.08178439864852     
   227.40615864552063     
   223.24890038700948     
   218.90709991953275     
   214.68166531170263     
   211.35324170319541     
   207.50420867707453     
   203.55477066920020     
   200.15544508813633     
   196.13295469714751     
   192.56845727266170     
   188.62622323289310     
   185.02990364408771     
   180.93841791874959     
   177.03913113003733     
   173.34824009540813     
   169.87064934187129     
   166.48008464750467     
   162.99473710704569     
   159.62759236828154     
   156.29850940182138     
   153.06520029211353     
   149.91445952602859     
   146.87569456817488     
   144.03995856706007     
   141.10856861263457     
   138.27172477982685     
   135.43756052290701     
   132.58770475345412     
   130.02394597596805     
   127.35958792504560     
   124.84225439882582     
   122.47005443561196     
   120.10985011321276     
   117.63416110948810     
   115.26780022433933     
   112.96368110862946     
   110.79591186792855     
   108.62866615348379     
   106.45203547976541     
   104.38152251686674     
   102.35296702879342     
   967.10481517762469     
   945.38033602343091     
   922.21865064062752     
   893.48291573208849     
   867.56457901523459     
   843.29535461011676     
   819.63689108940889     
   798.55365345737846     
   778.83118636701943     
   755.18385320416257     
   733.65174174506251     
   715.41425815687410     
   697.35067267629461     
   679.78512163015375     
   663.15957086205196     
   648.43342251058448     
   632.13022472164175     
   615.72562940356988     
   599.80826416595357     
   584.68803944241768     
   570.96723370812515     
   557.66425856501712     
   544.19174998927826     
   529.79697334893478     
   516.39951812136474     
   504.71208519168658     
   492.53320021871872     
   481.13871435963102     
   469.54952129526487     
   457.28983471264911     
   444.56092181674853     
   434.03893386417474     
   423.29229362658623     
   412.80941374686188     
   402.45973955677687     
   392.76457337550266     
   382.81564604872091     
   373.14088630355241     
   363.89615960061076     
   354.68881399173551     
   346.36295276942991     
   337.78144859588633     
   329.68524054199560     
   322.08309579216404     
   314.31992684414354     
   306.97462622877288     
   299.79523275265706     
   292.86112431836199     
   286.34492236661578     
   279.89532506034033     
   274.23643720762209     
   267.64499942167930     
   262.30356337229989     
   256.96344576762658     
   251.38215703656101     
   246.40474184536384     
   241.08767011670346     
   236.04391222613185     
   230.88041878236362     
   226.34254920164503     
   222.10518263463786     
   217.93659628548804     
   213.88673131580316     
   210.32839626088003     
   206.71802987790588     
   203.17749885809030     
   199.61597443358926     
   195.87521512913145     
   192.37116754547498     
   188.63106447716541     
   184.50590063776178     
   180.44295259028667     
   176.96551311465004     
   173.73653240464165     
   169.64217595667947     
   166.24696986851012     
   162.56355652656143     
   159.22323173910044     
   156.00872230937458     
   152.74564748249699     
   149.52546602804398     
   146.49383037330963     
   143.47085344038942     
   140.62678800858367     
   137.85057596634445     
   135.04041417106311     
   132.21058632341371     
   129.59534878593720     
   127.17586613135964     
   124.56590181028469     
   122.14564040057653     
   119.77630616912209     
   117.40434251439999     
   115.02265263242248     
   112.65907218355568     
   110.51344584206279     
   108.24635285061710     
   106.18055853974926     
   104.06162625335504     
   101.95679687333030     
   972.06243290308043     
   947.95889680693449     
   925.41373386327848     
   905.48596341487712     
   882.15929387568644     
   856.53702212687449     
   831.31240678642848     
   811.83135660685730     
   786.92973282494415     
   766.28922362421997     
   748.18407159096955     
   727.20598523928356     
   708.40380103136647     
   690.94958119908972     
   673.93644267729906     
   654.54489094803887     
   637.30600852859857     
   621.84652966809426     
   606.53678353001919     
   591.34232358034160     
   576.24747050848237     
   560.75598211018087     
   548.12146346829672     
   534.22675497769092     
   520.70474346773449     
   508.10911144011845     
   495.55516622050754     
   482.02890416880302     
   469.76722132745169     
   458.52529587155317     
   447.60858686869744     
   436.20756064288696     
   424.66719084086662     
   413.62153281910167     
   402.88669320942859     
   392.40945293896635     
   381.61259786370226     
   371.88610154169606     
   362.39884744727055     
   354.12504841291349     
   345.58885881068090     
   337.59671649704160     
   329.38337833363369     
   320.97441023741061     
   313.74083716561574     
   306.91194080285874     
   300.18612192953913     
   292.93819886008976     
   286.17626733062912     
   279.90481190467807     
   273.93969193135609     
   268.39823194858587     
   262.62019960665873     
   256.54132035584973     
   251.46927140026034     
   246.39814186095066     
   241.22357438791693     
   236.51062053873218     
   231.44236767993186     
   227.33083507960413     
   222.96649498453442     
   218.75583741392597     
   215.14934064050351     
   211.26970739044648     
   207.24571352065053     
   203.99598359194843     
   199.90155650653494     
   196.36736951494657     
   192.65783832961790     
   188.77625691150689     
   185.01404746285488     
   181.17898994720503     
   177.12431591335846     
   173.64901366849318     
   169.59799300075505     
   166.08296708559510     
   162.74609343382923     
   159.16577201928592     
   155.96079542857919     
   152.34300681068004     
   149.26476854609950     
   146.01618461366778     
   142.87977198390286     
   139.67774692020808     
   136.80573083684675     
   133.82357448535546     
   131.10148803082927     
   128.51817588626318     
   125.82614481106341     
   123.41912566926651     
   120.85904851360094     
   118.39276701974487     
   115.80398326126547     
   113.39151668526188     
   111.23750822035990     
   108.98684876186628     
   106.64242440559096     
   104.43928982383110     
   102.23650034422903     
   100.19469817197997     
   971.89292903629939     
   950.33083881958032     
   930.14837933034380     
   909.57633997397488     
   888.64056918975962     
   868.30808155974773     
   843.47402638527547     
   821.21868238898605     
   795.13372768015824     
   774.80952972179182     
   753.39824646954605     
   734.60783035089185     
   716.95085186099777     
   697.98369854536418     
   679.72700124721041     
   660.40377086781757     
   644.77260863128424     
   628.29815517765292     
   611.21115056363578     
   594.69077062375447     
   580.27550325106051     
   566.26275459857095     
   552.04471451915424     
   536.62166252864779     
   523.17855915498171     
   509.87287356873560     
   496.16905440795631     
   483.79315824045125     
   471.21115775854679     
   457.97838117567562     
   446.23302121322297     
   435.26992558988155     
   423.88576063512414     
   413.66573699565424     
   403.45146959319408     
   393.24302723910540     
   383.72934273540244     
   374.11568706681362     
   364.90200383092775     
   355.20925438875315     
   346.30856109574358     
   337.19561135064509     
   328.96343994732052     
   321.12448906370543     
   313.76125697015675     
   305.35323773589943     
   298.62772329060260     
   291.65672267034506     
   285.12204725935129     
   278.50561325108322     
   271.95072299517949     
   266.49441776843366     
   260.61526569852646     
   254.90452020522508     
   250.09808082324122     
   245.18546358079482     
   240.05286506094041     
   235.36459265769551     
   230.47107998621314     
   226.39993085569688     
   221.94640189734653     
   217.38452301284337     
   213.51525252962938     
   209.89988836433173     
   206.36061356562632     
   202.78551813326112     
   199.74864111868857     
   195.87474012731448     
   192.52888980622268     
   188.56132444368288     
   184.69988032695602     
   180.46267058229208     
   176.56490050046398     
   172.48922998375312     
   168.27641229187753     
   164.89637687875333     
   161.18456674542659     
   157.69399939493408     
   154.23620496075324     
   151.03122070754904     
   147.66462944358707     
   144.07919549304935     
   141.22093840685125     
   138.33884655132826     
   135.67130935551384     
   132.81482878663419     
   129.86159384090715     
   127.01851106421807     
   124.34024319193190     
   121.78494156902235     
   119.23840510428904     
   116.60457872394684     
   114.26919441429784     
   111.85798975347831     
   109.55880312702855     
   107.19691797495291     
   104.80303045283610     
   102.50995393670543     
   100.30646964368782     
   98.063063715945248     
   975.55312720107713     
   953.88859790538709     
   931.99986183722842     
   911.60285010761879     
   892.47119083639882     
   870.44224935024602     
   851.68846053167408     
   828.58608331512937     
   805.60285438867299     
   784.11419494805568     
   764.66763248231200     
   744.19937911990201     
   723.19658855436046     
   704.17988439933549     
   685.81425372905517     
   669.30886730721556     
   650.25652338787938     
   632.99061407434317     
   615.54415469259550     
   601.24769011749822     
   585.02794541813421     
   570.04801927982965     
   554.27227831011203     
   540.10257208770690     
   526.15054908778984     
   512.75816299984797     
   499.36659753049969     
   485.75981164034448     
   471.82501314831188     
   460.48954881885822     
   447.97713144413558     
   436.35807090316621     
   425.71414499032790     
   413.78193882371636     
   401.92271739060112     
   391.07869740202312     
   380.57144726430477     
   370.93433480693801     
   361.68751355428151     
   352.87506534252691     
   344.53040432414116     
   336.69430551604245     
   328.49605147534697     
   320.11513383350984     
   312.70537134964803     
   305.15415119322705     
   298.53598346661568     
   291.60846160736020     
   284.43312877779800     
   278.12388707427164     
   271.97548011585775     
   265.54965266989223     
   259.95840706916908     
   254.55496754132861     
   249.01957093940592     
   244.01914259613022     
   239.14255643643619     
   233.72030989449075     
   229.57248128555000     
   225.77496639808385     
   221.40999425829204     
   217.49324706591466     
   213.43906813185788     
   210.01800266526269     
   206.63292259800141     
   203.38254835175351     
   200.31369852463237     
   196.56699984368061     
   193.17900559750422     
   188.52515123000694     
   184.42951672038271     
   180.97485816193779     
   176.43233591457687     
   172.50493372071404     
   168.58698795987451     
   164.72899828871971     
   161.13420891740674     
   157.32025585371085     
   153.56478520066878     
   150.18267768612230     
   146.70988100376354     
   143.21402617688730     
   140.18748783731334     
   137.15701851484897     
   134.28453967264235     
   131.28829527561891     
   128.32777596259746     
   125.21957166863660     
   122.52608214182462     
   119.94661950093256     
   117.40575001138382     
   114.74026573396449     
   112.16568850891021     
   109.69572057571361     
   107.20449736181746     
   104.86442389094859     
   102.45398581763419     
   100.16304436511908     
   98.000535928222490     
   95.644403254309367     
   983.70057661493252     
   960.69272911379153     
   938.44510977881691     
   914.96790698748862     
   893.38328417988214     
   874.56217813904777     
   856.30875688386845     
   833.54474717745643     
   814.36082165635401     
   790.63740387249652     
   769.38760846865307     
   748.84113009052146     
   727.61801593547352     
   707.80403489577009     
   689.61271150037567     
   670.76320129162264     
   654.32486525263869     
   637.43286542588396     
   621.68595474278538     
   605.10442537757012     
   588.82262049326141     
   572.67288612012396     
   557.99301000333696     
   541.69561268873611     
   526.32123710117196     
   512.03297465967444     
   498.63750867647593     
   485.51761187861257     
   473.14626285011809     
   459.71521237520858     
   447.14255047362644     
   434.85494112259886     
   423.23243353052408     
   411.33578697817882     
   400.96510687124839     
   390.81411732056728     
   380.88701603615584     
   371.34793786071737     
   362.13726868389222     
   352.79533213965482     
   344.51070318092064     
   335.72299688226451     
   327.15635850382534     
   319.29253346099716     
   311.72928083094320     
   304.81277340194771     
   297.82134784978950     
   290.88972741174967     
   283.99825887731771     
   277.98852894246966     
   272.22719529434846     
   265.83602030326995     
   260.13627428035386     
   254.58687038989140     
   249.13133967481710     
   243.81112170448645     
   239.22668281325119     
   234.72554664398993     
   229.67723630224435     
   224.84189977146087     
   220.63968900820979     
   216.63049745556305     
   213.39036190407035     
   210.37298797693541     
   206.75557938180830     
   203.39717354461135     
   200.18016240855454     
   196.84598601599635     
   192.99971073448063     
   188.33321481051669     
   184.59046582580606     
   179.84081836675253     
   175.02880290693105     
   170.87515767880012     
   167.00188067659741     
   162.99988741126435     
   158.99789311565900     
   154.96495502122366     
   151.81687759957777     
   147.95480254153100     
   144.29721429382755     
   140.65746040695512     
   137.55807789957578     
   134.35995571103345     
   131.37346027307220     
   127.98989181724986     
   124.96656588555032     
   122.11220571520082     
   119.40347668656102     
   116.34861084078454     
   113.58957569742610     
   110.99101828751307     
   108.24270840968261     
   105.64070950132373     
   103.17224993926885     
   100.72845811495499     
   98.295357842568876     
   95.837565296934557     
   93.347946873576348     
   90.920749134758267     
   989.27157353329073     
   967.30171296665105     
   943.30022454529433     
   921.05025340344423     
   900.70359467615071     
   878.66011543168770     
   856.92457646110847     
   836.50721856468044     
   817.15842347038051     
   797.11032861632680     
   775.57776027278203     
   755.08599230672644     
   736.01629949299036     
   716.19236114709292     
   696.38091699597544     
   677.17630590912370     
   659.80472793849162     
   642.49605655142625     
   624.33079503368015     
   607.53263943195736     
   590.97403338314223     
   574.90734214017721     
   558.97874769906650     
   544.89631576438876     
   530.31586037771740     
   514.74450087081311     
   499.53683091513460     
   486.40097331768430     
   473.50461288800614     
   460.35023010139355     
   446.91692752787225     
   435.78085373520764     
   422.72615853263261     
   412.33206139173433     
   401.71063035667390     
   390.71791347130414     
   381.21019782981716     
   371.90901315310066     
   362.70830235045656     
   353.38287902294201     
   344.46830552120605     
   336.28414089279664     
   327.88125461401756     
   320.25715537027725     
   312.59328920155906     
   305.09083762568753     
   297.73525707283000     
   290.48372363889820     
   284.11579622102141     
   277.63056724056531     
   271.63645052517688     
   265.63792413877468     
   259.44178412755520     
   253.88562057602837     
   248.39669285836743     
   243.79916772011262     
   239.12383384739428     
   234.24051298553570     
   229.81342102584034     
   225.40980348116841     
   221.35235378833912     
   217.25711481216203     
   213.13122437111417     
   209.77677663368212     
   206.69673379894078     
   203.32156312841735     
   200.65407939476580     
   196.95724826782262     
   192.75312935865168     
   188.03019684175206     
   183.59938240505232     
   178.60761297171848     
   174.10069630678092     
   169.02535773189865     
   164.56208463861091     
   160.17154874587084     
   156.31476536242712     
   152.30311477917775     
   148.40854843028492     
   144.32540223637841     
   140.54962808936958     
   136.95025450956086     
   133.40072912568883     
   129.97824924011624     
   126.50852436294316     
   123.41028865787287     
   120.12126065379299     
   117.18561658267242     
   114.25695859989281     
   111.24287499000239     
   108.49286614381457     
   105.50447111782390     
   102.52053051875743     
   99.879922786378415     
   97.285932918981430     
   94.820738245191734     
   92.414641654271918     
   89.805329640557787     
   87.343221241196915     
   84.884968859187595     
   997.62984192521640     
   974.53637852779593     
   948.98254636327852     
   927.29034074707329     
   906.06441609620879     
   886.22859022741568     
   861.62086219668038     
   838.86984176590931     
   818.11697641613262     
   797.79196009715474     
   780.30134112447354     
   760.01872701285970     
   740.04835233212100     
   719.33996216916137     
   698.78404980382777     
   680.05597878564060     
   662.17212231150484     
   643.67881607184097     
   626.37323360190237     
   609.49097143832932     
   592.66544388396289     
   575.65028080307752     
   559.83297536900864     
   542.93860924342584     
   526.85968630851448     
   513.80715923731077     
   499.81374995902775     
   485.60876301535910     
   472.23647639891180     
   459.25608336129108     
   447.20390747716215     
   435.32558269913795     
   424.43241517546096     
   412.09112480287354     
   401.05401563789417     
   390.10044188298883     
   380.40040152052137     
   370.17706048323618     
   360.41043519063982     
   351.91775756880520     
   343.00656724398533     
   333.96491387480660     
   325.57743673655426     
   317.76866284699690     
   310.49006961790150     
   302.77900249284176     
   295.55370285874147     
   288.37726078884100     
   282.42573381163925     
   275.56157016072439     
   269.19327753091403     
   263.50259899876426     
   257.99298182205087     
   252.33862807034521     
   246.93069401257031     
   242.07986419536786     
   237.41378402394554     
   232.28999308628175     
   227.63219021422717     
   223.77008141360932     
   219.73887183249261     
   216.18543721934037     
   212.28591713629550     
   209.04921378773065     
   206.05367378950405     
   203.21253161751542     
   200.15135883733731     
   197.21104994026979     
   192.62171713754145     
   187.93991477400775     
   182.15334599825917     
   176.88210776664158     
   171.54544161384098     
   166.80738393996322     
   161.58587927583315     
   156.60133163327058     
   152.59239577598302     
   148.20820164082147     
   143.65072875219457     
   139.03665316001045     
   135.06415774128595     
   131.09192214836582     
   127.08936552802149     
   123.65244664686450     
   119.79271602466348     
   116.43609941747201     
   113.26019575441599     
   109.82201013839389     
   106.86365399920217     
   103.71296674818899     
   101.10271358214496     
   98.330269620312464     
   94.837389331818940     
   92.232594640869152     
   89.960357228795360     
   87.099322715259220     
   84.367088054445077     
   82.082963924909336     
   79.885561437040693     
   77.404640992777757     
   1001.2510580595546     
   974.77169032740994     
   953.94535248288742     
   931.46257383725265     
   908.73871741799564     
   886.52144881096604     
   860.45975526623977     
   841.49257941682868     
   819.31963365137790     
   798.15617003039756     
   779.07045437245210     
   761.37334541053087     
   741.27005817898237     
   721.54102297506483     
   701.86425576651447     
   681.35866562480908     
   662.20559364147437     
   643.87617441620478     
   625.61359667083832     
   607.02012059804861     
   589.90948929669980     
   574.88220878449897     
   558.89930278340262     
   541.77978953654224     
   527.39637543313950     
   510.92690899551707     
   496.22369722443835     
   484.63305810531733     
   469.42216102524600     
   456.95987633230800     
   444.99995285877736     
   433.23118874517331     
   422.00973210758639     
   410.10592074522913     
   399.42423102760284     
   389.72547407757833     
   379.82904110081495     
   369.65210411335528     
   360.45789778055109     
   350.95213284444770     
   342.07838660951427     
   333.91047883271767     
   325.88016031895006     
   317.69982292434599     
   309.65548869199387     
   302.69522025539902     
   295.64173381351401     
   288.97248969122631     
   281.87137344385621     
   275.99781844863759     
   269.44393923983080     
   263.72801630750587     
   257.91905177492748     
   253.07181747589868     
   247.44376811629556     
   242.32369506084194     
   237.98530954530423     
   233.34553105992757     
   229.04264439549357     
   224.78074911475639     
   220.17909488133458     
   216.19357054173548     
   212.81156626145560     
   209.51747956988885     
   206.35296622254327     
   204.02951207281777     
   201.69649579166608     
   198.78439223054181     
   193.56027865614161     
   187.60888184599324     
   181.74982888104574     
   175.15072530665122     
   169.00494413249811     
   163.29779464914915     
   157.73924845215888     
   152.26577505072052     
   147.24614471493015     
   142.39292968762629     
   137.14809057656345     
   132.39325391600437     
   128.17579068466881     
   124.18239138038317     
   120.00700211391654     
   116.17198526758509     
   112.45150454569253     
   108.68656060736798     
   105.15262810549655     
   101.84132414133070     
   98.602857494313611     
   95.548846367446657     
   92.481476483687231     
   89.624311231283201     
   87.045118768975684     
   84.372163734787122     
   81.805927148266619     
   79.148027032134920     
   76.443844172162386     
   74.216436952868037     
   71.917372450951504     
   69.536210146634673     
   1005.0851241287617     
   979.52573761428448     
   955.74187943387778     
   935.17922405326499     
   913.52235256608003     
   890.00535062495510     
   867.50308347147882     
   845.89175715542285     
   822.87632020451861     
   803.04289559525819     
   781.16546089642588     
   759.88227932617906     
   739.76392879885634     
   719.71738578394388     
   699.55851901592018     
   680.01800471079582     
   660.89829411264066     
   641.42422857126166     
   622.96777331109024     
   604.88188494313749     
   586.84804144579334     
   569.27428319284559     
   551.59095439559383     
   536.15467206669916     
   521.30045842130801     
   505.49859363204052     
   491.57430744455917     
   477.36174145059709     
   464.28578513195947     
   451.73987734074558     
   439.59045686473377     
   427.50182957855276     
   417.14891316428850     
   405.38315162061497     
   394.99073824578824     
   384.48013365932053     
   374.79896156142581     
   365.29944495177176     
   356.03719580226755     
   347.41807971554738     
   339.22656939528503     
   331.31118980859600     
   322.68203963179872     
   315.85743997353291     
   308.40962638312305     
   301.13773409509247     
   294.48957261523276     
   288.18985500227149     
   281.61974162359468     
   275.16886976857438     
   269.23522005312600     
   263.01455292344320     
   257.48186985043401     
   251.78907895965091     
   246.74285391117115     
   241.48367796188717     
   236.46368498765307     
   232.09611571420092     
   227.55474789283068     
   223.38780720161537     
   219.56586224712487     
   215.97971243051740     
   212.51863883311566     
   209.35443525074845     
   206.18249766891324     
   203.51507578971729     
   201.38528706824746     
   199.35267042686317     
   193.31411380490232     
   185.12934575841399     
   177.59625033815180     
   170.43186717268469     
   163.70938669632238     
   156.63298111845259     
   150.44635309426349     
   144.53065356258247     
   138.38946629920929     
   133.15663336503536     
   128.18391118766519     
   123.61834115972030     
   118.94548447263699     
   114.50383533640179     
   110.46221892117913     
   107.12930860985483     
   102.51121794513452     
   98.905714971732365     
   95.958516709133875     
   92.968646256395488     
   90.136748109073324     
   86.774704023633788     
   84.113847418649542     
   81.564576180754500     
   78.650040596249355     
   76.446921406177566     
   74.296908719059587     
   71.805686267341954     
   69.330378354832476     
   67.143082824934041     
   64.322768413088113     
   62.587993584583856     
   1010.9374734977480     
   985.50540970342240     
   964.56527285978291     
   937.93545883314607     
   916.21155162185869     
   893.01453238660019     
   871.99412235974864     
   849.38767810602428     
   827.43189555692300     
   804.39445649688003     
   782.96224342827168     
   758.66656813229315     
   737.27983489610915     
   715.33861402102411     
   693.37207054852342     
   673.33142889848386     
   654.59042367607799     
   636.58562390581324     
   616.41761757403651     
   599.51836677972926     
   582.20204527376870     
   564.83943015080820     
   549.01817967687612     
   534.71465518939885     
   519.93412512666316     
   505.91316335089584     
   491.35509472104087     
   477.96329424215060     
   465.34505292121588     
   453.48210015314481     
   441.10891510888735     
   428.86690202020020     
   417.44520249566710     
   406.23739433712910     
   396.28865166760818     
   385.90286242686295     
   375.38005397887366     
   365.73111292747603     
   356.40148905184509     
   347.37712198999259     
   339.05414117092636     
   330.03457835899638     
   321.42008784906795     
   313.52785790652348     
   306.33469023839513     
   299.24953609725054     
   292.24907657983022     
   285.33214877389452     
   279.48952792196047     
   273.42112699056361     
   267.34696112821837     
   261.70523572703900     
   255.70720129093425     
   250.35104654475720     
   245.37632283239390     
   240.10540107627656     
   235.58477438016652     
   230.54436594830426     
   226.20486727605578     
   222.16072856298291     
   217.81395380918659     
   214.30547571493355     
   210.39413198068149     
   207.38537294508200     
   204.88510385511631     
   202.81554550464782     
   201.82138012979226     
   199.76001262934210     
   191.67314352350436     
   182.22948409377182     
   173.09585032958853     
   164.90846208212395     
   156.81470339548861     
   148.79967385361033     
   141.20087491782996     
   135.72878999171880     
   129.33192614213553     
   123.24587183218765     
   117.66267534588440     
   113.46724677797840     
   109.07558530818663     
   104.37640832785058     
   100.95507038469876     
   96.771445902859995     
   92.705136923408148     
   89.407786987186924     
   87.160366517138556     
   84.703491841107876     
   81.145372523767449     
   78.018798652197091     
   76.081005782764123     
   72.917793539797728     
   70.627850575204633     
   68.320001157002139     
   66.449081038716216     
   64.620417470809883     
   61.880037540137181     
   59.898751055559472     
   58.188090233574542     
   56.656756087262671     
   1015.2081923507270     
   992.05196116534194     
   968.75002932522648     
   946.28897515925337     
   923.10997620633839     
   897.95414593742930     
   872.75174266703391     
   848.30647716871965     
   824.36204580012895     
   802.42567227446159     
   780.11793765971970     
   757.16452489854692     
   733.30419001127802     
   711.17590021985325     
   690.59108338888609     
   670.83536174093899     
   651.70676453478575     
   631.83461462682681     
   613.93010952652878     
   595.75523649758702     
   577.48898812351342     
   562.56673623872575     
   544.38443437795547     
   529.26822371408139     
   511.58777984554933     
   497.11568836813939     
   484.12128184740777     
   470.27672234929992     
   458.22768559296981     
   447.45586035845730     
   435.23002246906191     
   423.56270001887549     
   411.79706655033459     
   400.86745932690076     
   390.66055585625543     
   380.58563001831760     
   370.50822100956702     
   360.90890113538819     
   351.97146729269389     
   344.15133189110759     
   336.11813005848478     
   327.30695382765470     
   319.19190980189359     
   311.44470303677963     
   305.50508394130998     
   298.17254527855812     
   291.89348778843373     
   285.29605627835338     
   278.16934874086610     
   271.60345400328742     
   265.43966417147436     
   260.05079581977208     
   254.14071069693532     
   248.87463576350208     
   243.66497894713737     
   238.27233900276914     
   233.55812027568101     
   228.71928286661543     
   223.96433898354667     
   219.59702525890430     
   215.91738249559461     
   212.10750715345955     
   208.64992454451544     
   206.30650107755133     
   203.63142965889875     
   202.06324943771659     
   202.56500642720849     
   199.33380189167988     
   188.73500577581433     
   177.28299619517867     
   166.46471578990338     
   156.67998405604447     
   147.67200368474312     
   140.42581373186121     
   132.97774818091438     
   126.25247060987547     
   120.87003883144880     
   114.76973860116121     
   108.74797075433402     
   104.73107346141663     
   100.33489518965142     
   96.013586707168827     
   92.901896237290003     
   88.823147379357607     
   85.392098956858831     
   82.666092218056193     
   80.128864745502810     
   78.935943153477425     
   75.003818590951141     
   73.442379841492482     
   71.320371670522292     
   69.451760898145437     
   67.081492825917010     
   65.369770733145316     
   63.233193383095710     
   61.285201323368860     
   59.719950086663388     
   57.340757824307829     
   55.301299318985322     
   52.667358311489068     
   1024.5113388856462     
   996.19549223828380     
   976.29533884364275     
   950.61156495901832     
   926.55544764869080     
   898.21364135218982     
   872.55770843479252     
   848.00828757305578     
   822.82603408979253     
   798.69660987586394     
   771.75581556850489     
   748.82213608851725     
   728.28960158999382     
   705.31557892774902     
   682.19893248965002     
   662.20063344452365     
   640.18116646231158     
   621.21800742419498     
   603.63585768363930     
   586.99979007238528     
   572.50217583039580     
   556.65874238399249     
   542.42971173686499     
   527.79475555199826     
   512.05063009430046     
   497.75271009683536     
   483.84135954627993     
   469.74985246394971     
   456.95826271298267     
   443.84238967418446     
   432.23189024874756     
   421.10882153920647     
   410.42359085055375     
   398.68120644617102     
   386.94646486775491     
   377.08829075433601     
   368.13367780342469     
   359.44373645397468     
   349.66473178456852     
   340.41954287161838     
   332.42904572441540     
   324.12076273669408     
   316.46392139842402     
   308.50507493184602     
   300.87914961390982     
   293.39502071113657     
   287.21290952228753     
   281.04273665585282     
   274.28674845407244     
   268.02766279265143     
   262.47414417891969     
   256.04754912451614     
   250.41422875922581     
   245.01888550772364     
   239.90152105112858     
   234.86071207758712     
   230.60390132487174     
   225.70400168273628     
   221.18059469076857     
   217.10721265025541     
   213.30740115610121     
   209.76733497242878     
   206.46188293437859     
   203.90781506995572     
   201.52311069528474     
   200.87852296664872     
   199.97770749240635     
   190.91316990158859     
   179.74527489948028     
   167.54206636623564     
   156.58929936654272     
   146.54822961622148     
   136.97732053185698     
   129.09179494469694     
   122.31140757259831     
   115.63019383146106     
   110.01164501126509     
   106.29498865503619     
   102.31679086183033     
   97.781795223926196     
   94.054900597732399     
   89.554980987261473     
   87.527915447128237     
   84.060351776441721     
   81.095098045766136     
   78.758501259891403     
   76.487751880468522     
   74.680070292842302     
   72.483735963238118     
   70.535483479572591     
   68.512273799428684     
   66.656229722777880     
   65.196139567174896     
   63.290934105129793     
   60.959937460242145     
   59.208394635710718     
   57.265524703910117     
   55.185504649202713     
   53.501132957152990     
   51.167302665102468     
   1027.9509780270087     
   1002.1947802447804     
   980.10070368407673     
   957.33111917152746     
   929.27863002807112     
   901.72604252413407     
   876.34700170053475     
   848.75477284071872     
   823.36380082636401     
   796.93714624968641     
   770.33894784266647     
   743.96906303138144     
   717.97708027628073     
   693.82579620520573     
   674.25895535884638     
   654.15456512186472     
   635.56923467706599     
   617.02750269739556     
   598.56728273635827     
   580.74250767730155     
   565.83523050688154     
   549.57577364950600     
   532.77634346382320     
   518.43696747925412     
   504.11135158772765     
   491.66240605925657     
   478.42285922492874     
   464.48818915455752     
   452.22297836466657     
   438.63724906399204     
   427.17526363832030     
   415.03591453634738     
   403.44936921090965     
   392.80010499396855     
   382.58799251546526     
   371.79071167419397     
   362.11649412745180     
   353.24761289102958     
   343.58583124788225     
   335.53629299683314     
   327.22577038134943     
   318.87022028654962     
   311.30585808734520     
   303.94438306891448     
   296.61417506882242     
   289.70624911371755     
   282.25468617419068     
   276.04183875111971     
   269.31539194391138     
   263.00729983698636     
   256.97176596149745     
   251.46042513975294     
   246.20224305184297     
   240.87124896574170     
   235.92523476283620     
   231.08350157704012     
   226.11967811655097     
   222.43887130220600     
   217.36532348498366     
   213.18835746462975     
   209.78968711325234     
   206.64710699254297     
   203.65047659155422     
   201.03549244350162     
   199.56468063008373     
   199.39398045862083     
   199.43830476708646     
   187.64267679926962     
   174.15993871944096     
   160.95797618394582     
   150.30724566617374     
   139.74745189152628     
   130.90410650558150     
   122.21034969478410     
   116.48360163066567     
   110.19376279803114     
   105.94750574800432     
   102.07194249962807     
   97.927766553071791     
   93.850726337605920     
   89.835295700156223     
   86.590277505048036     
   83.778387071892951     
   81.592759947052173     
   79.009333933061882     
   76.516825053734337     
   74.852910149671885     
   72.818847105591161     
   71.414065853255721     
   68.562686480610836     
   66.965915756763394     
   64.737793733237595     
   63.000726497475142     
   61.566091940896570     
   59.712093830540645     
   57.552579949190459     
   55.784372156394355     
   54.172965895187765     
   51.844394172773590     
   49.756173688692229     
   1031.6906774130450     
   1003.7884864388511     
   981.59396401284926     
   959.95764183248173     
   929.64066484889190     
   902.42877886688325     
   873.07026912677213     
   843.96660116284397     
   813.16660017646484     
   785.27790669427054     
   757.43970664316259     
   732.16983436564419     
   711.97098776524922     
   688.17301416614157     
   665.48956598052678     
   643.70223200193095     
   625.01029490620101     
   605.64105738108935     
   589.10875030752800     
   572.27336760379569     
   554.86937231923525     
   537.87177759266569     
   521.96483781066297     
   509.29858137633562     
   494.93530299458968     
   480.58695058819876     
   466.78904745793477     
   455.90111185609345     
   442.88052092794686     
   430.29052012056366     
   419.13460365600167     
   408.43927496580534     
   397.99107816344542     
   388.08269739633278     
   378.00142839897421     
   368.51484240831360     
   358.56171645299884     
   349.44379384204251     
   340.44478066375876     
   331.56191091966650     
   322.73601436596641     
   314.69785593897865     
   306.72575974105763     
   299.71872155753658     
   292.49482024046580     
   285.35098057024453     
   278.32217641292681     
   272.24267865459700     
   264.73153393251323     
   258.59401655160207     
   252.91821228942447     
   247.70476664827669     
   241.85209061148785     
   236.13595261053609     
   231.15043405210145     
   226.73409638455712     
   222.48927213043203     
   218.49109684699567     
   213.97141023385851     
   210.55452975085853     
   206.62093918727902     
   203.02006033665316     
   199.86176704884326     
   197.33059368565765     
   195.97028955467118     
   197.13171924968583     
   197.49932104652743     
   184.42537231057619     
   168.37022627828023     
   154.57968739582026     
   144.57561499008537     
   134.62064548837580     
   125.48605811578477     
   119.16452830604820     
   112.13481398499280     
   107.73811196033211     
   103.08253812423347     
   97.927230661046522     
   95.802884439982975     
   91.241156506138879     
   88.331747631106751     
   84.864906471324815     
   81.936865533693918     
   80.355654113545555     
   78.406137325898044     
   75.129581935154562     
   72.673790879104928     
   70.231747259103031     
   69.029571576208170     
   67.894073063525397     
   65.732846738971148     
   63.457875609408561     
   61.633954004609180     
   59.644932643144259     
   58.384066385226035     
   56.562248685156447     
   54.669115223432328     
   52.492687698656368     
   50.419857998544217     
   48.814982731485699     
   1035.2226120685696     
   1014.3374740967802     
   989.68511393955703     
   962.70227371662554     
   931.86060128215604     
   899.15789262488329     
   864.63644851077709     
   832.58757677937660     
   800.63060575214706     
   772.56143888426027     
   744.18524011482123     
   719.80254964136998     
   696.70261751843577     
   674.69606068456324     
   653.26439123950581     
   635.31857229691150     
   615.81548426044196     
   596.48466921872387     
   578.71613382282794     
   561.76064971144126     
   546.88447527255994     
   532.41971863192862     
   517.26416639047159     
   502.03436953278629     
   486.28716171720316     
   472.66773638314902     
   460.65403029891354     
   446.70454545904721     
   435.24424795870493     
   423.44684721588646     
   412.86113019527903     
   401.73189763214515     
   390.79367176033134     
   380.65684111948326     
   370.20990281568197     
   359.01994557090103     
   350.24312473059013     
   341.81639499636094     
   331.32813612704933     
   323.56870582006195     
   314.87629599057078     
   307.00572506377978     
   298.69776820599463     
   292.15031360087733     
   284.87719955034714     
   277.78837263439812     
   271.23010526456903     
   265.38138503494372     
   258.90920561345814     
   253.59957510055463     
   247.51413834005848     
   241.64171393775388     
   236.17707555559096     
   230.54650585730229     
   225.25172148200940     
   221.08945833058502     
   216.81015988927658     
   212.26158574205002     
   207.98666421718227     
   204.76045300410055     
   201.77428747368589     
   197.72835934566888     
   194.66483825192560     
   192.82192564543018     
   191.35560706370703     
   193.92085111188015     
   195.65736378123421     
   180.22326160319190     
   163.37985520510824     
   150.20985002768222     
   140.12917274879581     
   130.92619557434912     
   122.44076687177756     
   116.14025186393889     
   109.98383895450522     
   104.82365274053518     
   101.43205950739748     
   96.429847256543511     
   93.080195115112730     
   89.555375365582591     
   86.327032608412168     
   84.095916662948383     
   80.813909991934707     
   78.267958896362529     
   76.350758048726064     
   72.690147952772676     
   71.567447308604642     
   68.918857404108863     
   67.655812484764382     
   66.210346909972117     
   64.283743128128947     
   63.045139282674356     
   60.453307166697115     
   58.787134074634785     
   57.072277478151740     
   56.245978107936452     
   53.673972816914002     
   50.904275745809358     
   49.416910610059034     
   47.182789838026210     
   1043.4574534073088     
   1021.6463452154128     
   992.32286569739608     
   958.41899526971645     
   922.79100051971182     
   883.07845720550142     
   852.39299391146801     
   816.46636590167782     
   785.40166274749879     
   756.68072263434055     
   728.91382043307499     
   703.34450536490965     
   680.03757474479801     
   658.88192540410478     
   637.87951764115223     
   620.79577031650001     
   602.93447566551720     
   584.26531772159194     
   566.12423617153468     
   550.50525777964162     
   535.52026227907652     
   518.06435421853519     
   503.45288526279438     
   487.26349870174448     
   473.81007757547275     
   461.84485818547500     
   447.09701095620005     
   434.45702149094274     
   422.92330747777294     
   410.94568531248729     
   400.25350522667111     
   388.63530611927746     
   378.09830562972638     
   365.93056492383374     
   356.16713378287704     
   347.14445961624807     
   337.71724575798982     
   329.59651673915693     
   321.40730153884846     
   312.53381848245158     
   304.44130389847300     
   297.04251431098169     
   289.61814004240460     
   282.64295743434781     
   276.05925957840537     
   268.81837380090070     
   262.29916732145279     
   255.19445591525601     
   249.00153711208503     
   243.02937698463185     
   237.29662449245228     
   231.19414388428137     
   225.92512119603208     
   221.88631274055359     
   216.79215419420075     
   212.90308163953117     
   208.51322865494564     
   205.68672698216085     
   200.62271850944083     
   197.58180501535313     
   195.15227959622337     
   191.60547199225451     
   189.04467575523415     
   187.40858951501951     
   187.24169567226210     
   189.36122250022731     
   192.43074003700227     
   176.42362193207757     
   159.95328425416147     
   147.37932890451725     
   137.01363605416546     
   129.18354031039283     
   120.64820986678657     
   113.12244548113344     
   107.85414193078611     
   103.72687628280156     
   99.981200431734678     
   94.890553195886582     
   91.728114241756245     
   88.135470250409611     
   85.090316111422936     
   82.017147263873710     
   79.083693005791559     
   77.043798408479745     
   74.217941253315161     
   71.604671853318393     
   69.763608145389696     
   68.705885167338849     
   66.493071215193552     
   64.158360727679948     
   63.309130908593424     
   60.868787342780600     
   59.709788640205105     
   58.305473752010158     
   56.487342736287012     
   54.322482929601698     
   52.705787183452436     
   49.740964536715992     
   48.128873582243969     
   45.916533920943202     
   1053.2497360986963     
   1028.6805261829131     
   992.88531824658287     
   954.69742660123825     
   910.58626524528643     
   870.53989001724199     
   835.34211523373972     
   798.52046235260934     
   768.10815419789992     
   740.11886509027681     
   712.09595385570856     
   687.52727115040113     
   663.26904933399055     
   640.29854156096951     
   618.63583927908826     
   600.36309516030497     
   581.27413730978719     
   564.62941973949216     
   547.23956038701033     
   532.18857116474419     
   515.69260121336606     
   500.98812192115133     
   486.79939136750772     
   471.24153746784339     
   458.39000161942681     
   444.38382667790881     
   430.13407470866963     
   418.26352538941074     
   405.18919215100351     
   394.38395665778648     
   382.10398753633268     
   371.30412697651434     
   362.58052395693488     
   353.92018697347987     
   344.53845185963712     
   333.81346613522788     
   325.04773453418562     
   316.13222985552545     
   306.13834804534275     
   298.70964141611131     
   290.75308978101179     
   283.70064203144307     
   276.14828344813827     
   269.95402870699820     
   263.33316132714907     
   256.64102485503577     
   251.22448819450787     
   244.29352877616188     
   238.90614743673214     
   232.92040966773990     
   227.11243517374118     
   222.06776739177928     
   217.48432383564059     
   212.06796316892439     
   207.65165175815793     
   204.27529879951686     
   200.24987555657498     
   196.32626581007847     
   192.77651617389904     
   190.06041394422363     
   186.83073265392920     
   183.74203968493845     
   182.24331237375563     
   181.14141842778321     
   180.56089482123741     
   183.95098525148006     
   187.05506198204267     
   171.82823457670560     
   157.97288346566523     
   144.97380630745158     
   135.25061781493477     
   126.31255369725164     
   117.96754910273548     
   111.91783085402662     
   105.93249354859722     
   101.48736865773472     
   97.705396969520336     
   93.671778970285999     
   90.107041461125561     
   87.519414571084027     
   84.580810664008212     
   80.275714293974147     
   77.129655293926689     
   74.689266334830791     
   73.727866269460435     
   71.364442282931478     
   69.138876980964028     
   67.206377548799836     
   65.684012614489674     
   63.603099285242848     
   60.934155281101837     
   60.333880532872072     
   58.468015830277636     
   57.560890374270727     
   55.685178588403836     
   53.089513944989328     
   51.392215570550633     
   49.940805353811271     
   47.161043139660563     
   44.603384159148050     
   1060.0385443669513     
   1032.7689269616471     
   997.28687434036067     
   951.74967846183586     
   904.70939834961177     
   858.81986949594113     
   815.40935322278051     
   776.58051242428610     
   743.32001010218858     
   714.62367183964193     
   687.21963396927151     
   663.61958121748341     
   639.11007250440457     
   618.37999026803709     
   598.00099872679687     
   578.26128494287707     
   558.93454169904976     
   541.30026140914526     
   525.41397011088816     
   509.09893159859405     
   491.86581837197878     
   478.20823459265063     
   462.06658105818008     
   450.04790639706869     
   437.70970828686347     
   423.70461888810405     
   409.59145022524183     
   397.75711066131896     
   385.80331889725448     
   374.57145810566857     
   363.19336945487743     
   353.47129726555056     
   343.30572141960755     
   331.48476659274667     
   321.40492289385008     
   312.02140091747259     
   303.27577686841221     
   296.81251003295660     
   288.45456791614492     
   280.99290913245090     
   273.55698528435380     
   266.58321713873102     
   259.28198920212571     
   252.73583514880653     
   246.47628750226255     
   240.01414613468367     
   234.21013178425295     
   228.48655179095257     
   223.21126886690146     
   218.62728551276359     
   213.09057711094815     
   209.36343200361205     
   205.33474345209635     
   201.15271959747349     
   196.99182300444966     
   193.03614753682717     
   189.69118206305674     
   186.69701638838717     
   183.99123132595815     
   180.73092583505084     
   177.69489010354965     
   175.90071396459729     
   173.81137332173611     
   172.88495337825236     
   172.75177817582940     
   176.02433839606843     
   180.59205256822759     
   167.88624274243813     
   154.94618208754457     
   143.99508051503830     
   134.06383392202565     
   125.68771336630512     
   117.70941753170196     
   111.07343866657996     
   104.05646888755255     
   99.630333495824431     
   95.657523504499068     
   92.892163147363760     
   89.621749088427777     
   85.409537579861663     
   82.590005205359660     
   79.300185973042545     
   77.294043153116888     
   74.460521101004545     
   72.385335218600929     
   70.819314198532766     
   67.429725491485499     
   66.594838073296103     
   64.715097105402535     
   62.158538804287232     
   60.462884357410978     
   59.326649205065088     
   57.746300934640402     
   56.216908466486721     
   54.584545267885531     
   52.200169678573815     
   50.883332606102300     
   49.033315811043479     
   47.127273869094410     
   45.136413752715114     
   1073.5488739149873     
   1040.8884776657014     
   991.12972631284981     
   932.23622288111324     
   880.16971547409503     
   828.20707407931673     
   787.33518931336744     
   750.30918745555869     
   715.41612714286862     
   686.89613380004698     
   657.41744373310246     
   631.57496367576789     
   609.58108031990116     
   589.70957503611203     
   569.01855483298505     
   550.86315446699700     
   533.25922435640291     
   513.52107143440833     
   496.64726741917406     
   479.64354925649451     
   463.39051563980496     
   447.84069235657887     
   434.62949888785676     
   422.07970440901033     
   409.09135734810280     
   397.14858711090830     
   382.96623106264809     
   372.45333030980953     
   362.16061534539489     
   350.03770984868316     
   340.04325300250429     
   330.21467336923251     
   320.88715117813751     
   310.68398299198367     
   299.46259808194458     
   294.47504355613125     
   285.73634287236456     
   278.43247526748536     
   267.82080984749143     
   261.70906246421146     
   253.74000196739053     
   246.86180537750519     
   239.87722317560804     
   232.76034644797065     
   228.07440647253816     
   222.96436859242266     
   217.17974774573887     
   213.74746714609276     
   207.74206058602363     
   202.34934513365124     
   198.07995487432339     
   193.52935808353723     
   189.73842570798507     
   186.11331616082819     
   184.02618417950532     
   180.48285277035632     
   177.22769285539860     
   174.97589982820847     
   173.12158553223111     
   169.56734994098733     
   169.01441561503745     
   166.81173754791720     
   166.06759275411952     
   166.06880230079975     
   167.05820181043038     
   169.10281544087064     
   173.50694426827002     
   163.23017002285911     
   151.99408331400016     
   141.25111327931438     
   131.86248282017124     
   123.07458106181213     
   117.20081911461473     
   110.29329714662036     
   104.22462984307900     
   99.289533437458260     
   94.454884251687787     
   93.066696503149345     
   88.096320137481527     
   84.347504839524177     
   82.764742468514953     
   79.404949449821828     
   76.408552290919872     
   73.954570218528119     
   72.402460067215884     
   69.760634493811210     
   67.197617203788056     
   65.602339012920851     
   63.570086593493357     
   61.664369240771954     
   60.204304125114717     
   59.351307197916896     
   56.565655758819879     
   54.793478835624825     
   54.332347030624319     
   52.550820606561238     
   50.859041181925171     
   48.585345028703358     
   46.393942232533732     
   43.587571651079813     
   1087.3483171569972     
   1042.2510000373495     
   976.57079625191045     
   908.88395656476348     
   850.63366762279088     
   800.58136404324671     
   757.21968502782738     
   713.13671924689766     
   681.27380549741497     
   649.47169836924195     
   621.94628557043211     
   598.71119907128241     
   579.67827582682003     
   557.71272221189861     
   534.53369940557650     
   514.94791693225318     
   499.07484096436701     
   479.71045656343642     
   461.26206711441591     
   447.37426788715942     
   433.42566797296456     
   419.65871798817568     
   407.45563713113813     
   393.73181060520739     
   379.98959082854515     
   368.96497184559109     
   358.15923536716230     
   345.66648109645450     
   335.55284698465647     
   323.94893966220263     
   316.84056898642899     
   307.49373709269958     
   298.46323342334443     
   289.64089770244561     
   280.89572902476533     
   273.29154158968259     
   264.44145211907329     
   256.42682820166385     
   250.25357844592264     
   245.00898514535427     
   236.87536182744395     
   231.38432896572323     
   226.79691318438697     
   219.81794273432070     
   214.73338948012315     
   208.59367795669709     
   204.26719606679620     
   199.35134869790306     
   194.91083842801635     
   190.97985787330308     
   186.08400580796092     
   181.39131830406421     
   178.88339389859914     
   175.63265521336038     
   173.17024071796516     
   170.56458495812242     
   167.66339694718761     
   166.27141018874116     
   164.00053793355494     
   162.52088977459840     
   162.31751717419979     
   161.01309392767985     
   160.01156303858792     
   160.88084861790858     
   161.53167251994500     
   163.48263903252573     
   166.12007998034022     
   159.90429686220301     
   150.57295142792069     
   139.11164469374833     
   130.90583804048867     
   122.77566465096128     
   115.72183595180030     
   109.98555304592449     
   103.92062946297952     
   99.018837091284340     
   93.641364355484157     
   92.011346217578748     
   86.924414888040232     
   84.877835851965202     
   82.078347913579151     
   78.802560122556187     
   75.688361188653502     
   73.009708851537738     
   71.039364509746633     
   68.502394002525662     
   67.384143909353810     
   64.978353484963691     
   62.316161233999452     
   61.257459447144655     
   58.213427158833490     
   56.989770944857824     
   55.283055911015133     
   54.501279493433927     
   53.710277607584572     
   51.752695329108988     
   49.677516735907844     
   47.625622477859423     
   45.251797434603510     
   42.236624053384809     
   1106.3809490949798     
   1046.3305167314393     
   963.60437971808483     
   887.85497091735135     
   824.62449210809825     
   766.23992645889132     
   720.77851883331175     
   685.50839607591911     
   651.68243563725218     
   619.58789201295599     
   589.50344608080616     
   560.05097677872971     
   543.34616780156000     
   523.98194388010893     
   505.34941755766658     
   484.73636102728068     
   466.02011544538868     
   446.32746576397062     
   433.82937556913049     
   419.84172099134867     
   406.65652328216089     
   387.15375583625024     
   377.86821621030697     
   363.08333093523134     
   350.25706967907036     
   341.35755406765293     
   328.29381849745579     
   317.28975084176295     
   308.09358693790728     
   298.63022434367286     
   290.75663870507515     
   284.47992769473882     
   275.23126330167361     
   266.33368813261700     
   258.33161483072723     
   251.42553631882620     
   244.04905938493860     
   235.04318832251113     
   228.74429086285647     
   224.97422776804873     
   216.84213171403240     
   214.71955487501347     
   209.47328664587528     
   202.55645324944848     
   197.54272202993496     
   192.82804091402923     
   190.19368900903899     
   185.53729108030026     
   182.29003934632519     
   178.46729172544400     
   175.68775252372549     
   171.11813904480104     
   169.75458585591733     
   166.02816954534651     
   164.63110496851425     
   162.45817916000723     
   159.08836030374732     
   158.16977956884858     
   155.40262668771695     
   156.64584145580059     
   155.64537763996091     
   154.26008261673724     
   153.74265473428125     
   154.72935861706463     
   155.95178598878684     
   156.55928511225895     
   159.61947818891218     
   156.20197767508648     
   147.95412958487330     
   139.36099092406118     
   129.87917527898315     
   121.83638177798898     
   114.68819489898132     
   109.28522011098624     
   102.84826610483807     
   98.182924897709995     
   93.008314385260334     
   89.733282163909934     
   86.693312966516174     
   84.533188479577291     
   83.030587887884792     
   78.954990000535858     
   76.124690377469761     
   71.999541388303058     
   70.113852812459669     
   68.359567190628624     
   66.142312365713110     
   63.813061508407458     
   61.685606059057783     
   58.638873317575261     
   57.820959470131193     
   57.093156599714909     
   56.033565689664492     
   54.270017931280989     
   52.959642641690778     
   51.559318291460002     
   49.018552153257723     
   47.167350130720045     
   44.944607614832947     
   41.324935331837622     
   1122.6418418690500     
   1048.0262028758179     
   951.79607778929108     
   867.09774669986245     
   795.35685079671362     
   738.70795997007281     
   691.87079821474504     
   652.34138185629411     
   618.95029211018289     
   587.15625268538690     
   558.37239968946119     
   530.12946397892631     
   511.31891566674074     
   491.63691142303645     
   473.45521063587205     
   457.12698697512519     
   439.03149945722322     
   417.04660547306742     
   404.15580857767350     
   392.36757869780160     
   375.31908817498555     
   359.11082307546894     
   350.01430840216398     
   341.29636117318785     
   327.50741117839516     
   316.80632001177037     
   304.04470492028332     
   295.74963282140970     
   285.09210959665955     
   276.23078243341394     
   271.83163493404999     
   262.35645515285705     
   254.55309354427797     
   247.05487555641793     
   241.10236472533558     
   235.17374944626354     
   231.39968202962706     
   221.68632280264939     
   214.88058763850171     
   210.88679907391946     
   205.88969067317544     
   200.66967748674500     
   193.50427769496187     
   189.73614239204059     
   184.27621904601551     
   182.28551534576184     
   176.04456466874061     
   175.29402448241026     
   172.05358425620548     
   167.35967923650821     
   165.51612847098946     
   162.78229337774843     
   160.25866478542022     
   157.60247438482878     
   155.11179658767836     
   153.78807397998605     
   151.55187045275466     
   151.55057061262033     
   150.71672411761836     
   151.03230139290457     
   149.00178598156992     
   149.53178641070309     
   150.28673179920762     
   151.24993004205237     
   152.73758079408734     
   151.84180386583887     
   153.34071683028321     
   152.37067143160709     
   144.98932348185977     
   136.45507124163828     
   128.77446155426486     
   121.88221599430570     
   113.08844229783158     
   108.83869845596629     
   103.05068924804293     
   97.804610784899779     
   94.046662571523527     
   88.837403806831901     
   86.819485217312632     
   83.674631564173893     
   81.866920627109906     
   78.728743821484443     
   75.085798049765330     
   71.223369605293485     
   69.465248610797858     
   67.219159736242247     
   66.185504837413319     
   63.222241391113499     
   60.990623181261540     
   58.735687485254935     
   56.896944873086717     
   56.374884739585568     
   55.551878641656565     
   53.099707977393273     
   52.035690706892694     
   50.331060144352044     
   48.526230302687118     
   47.118680547606623     
   44.249860964861028     
   40.595033047203707     
   1144.8847899283171     
   1050.2432673116127     
   940.13229674681895     
   845.48568327681960     
   773.22988710497111     
   716.61019546250861     
   665.21736972293002     
   622.61479443525877     
   589.24283501103571     
   555.56475707968195     
   525.17332241144209     
   504.60050901947670     
   482.58787348797119     
   467.76362925420278     
   449.27338211434028     
   434.65845633278451     
   412.19218163657217     
   396.69422957701556     
   384.64657968526160     
   371.01643925094220     
   351.73427248267478     
   344.68830859099489     
   333.42641866724955     
   327.45268539798502     
   312.01947977093209     
   298.97621844745936     
   287.73699404474939     
   278.19901999971893     
   271.63474202721068     
   261.64762487036103     
   260.09299702338308     
   249.30387942733421     
   240.85374242059947     
   234.03147332804264     
   228.50238585253771     
   222.86149030517481     
   216.81211056883990     
   212.35065220577084     
   205.19552391706844     
   203.32131478905910     
   194.34403587947165     
   192.12184518386900     
   183.64510544354164     
   181.00070816353139     
   177.45973681039987     
   175.06894070738150     
   170.58047585697940     
   167.29650404177391     
   162.44342516495777     
   160.51878959431880     
   157.15160455332045     
   157.21977746777549     
   154.54917965023731     
   153.09764120244512     
   149.27628657855300     
   148.31685163672441     
   148.09403291716060     
   148.03615845124881     
   145.86311414450364     
   147.13286403547994     
   146.90256344300033     
   148.46485070571202     
   147.79430654050734     
   148.41329101608045     
   149.96887963127097     
   147.29553630931466     
   147.82424256312103     
   147.46218403359600     
   142.41255603827409     
   134.19080931558034     
   127.66218499674059     
   120.05757072182736     
   113.17154194937135     
   108.00392457939604     
   103.14104058237800     
   97.055045160698185     
   94.407439554242899     
   89.775255023554564     
   86.793324191699497     
   82.210430180854104     
   81.121801568618196     
   78.721283999361987     
   74.231966430452758     
   71.580108875792476     
   69.701929256274227     
   66.873014516457076     
   66.476272183752087     
   62.787540067879654     
   60.771034689719009     
   58.600591381148611     
   56.862883752987550     
   55.576277169491746     
   55.247249356540436     
   53.288816001967533     
   50.593550364349170     
   49.336863478957120     
   46.862471354470358     
   44.993963314411374     
   43.882778499260382     
   40.084947288002347     
   1167.2350817569913     
   1059.9216295576427     
   937.13903458699349     
   840.74214910738613     
   763.14390491479151     
   697.90223614767001     
   654.25643426832096     
   607.58906706139419     
   566.99418571089075     
   538.57357885343458     
   509.86267779644515     
   487.57359647825467     
   467.59110453500563     
   454.29007027718359     
   436.27704148686581     
   417.41939589634308     
   403.48128555390133     
   386.55318299072746     
   365.52540154340278     
   352.87490216673223     
   339.91600991446109     
   328.23346206042208     
   321.09141723610287     
   314.82395411208438     
   301.57651415111741     
   296.33260181593573     
   280.87066533037944     
   267.98271133655192     
   262.01834239138469     
   254.66987548922503     
   249.12619788753821     
   237.09446475192811     
   232.00684601429552     
   230.22716327033078     
   221.88292562665842     
   217.03085815631636     
   210.57254042725856     
   202.34470956149340     
   197.27177324321568     
   193.30826574565660     
   187.91814402841806     
   184.48385838895845     
   177.52618326760191     
   175.00252899815959     
   171.95684185268701     
   172.75281843740896     
   167.17427450829757     
   161.94523350855701     
   160.30200892006596     
   157.29743441531508     
   154.65035314946209     
   152.90148670177678     
   150.70254552550799     
   148.57821478651005     
   145.90159026271886     
   145.64480231606268     
   146.24025324320519     
   144.66836068691941     
   145.55764822337622     
   144.76091209125343     
   146.86161416897986     
   145.85126236446564     
   145.44220210261764     
   147.08149937418096     
   147.93600953568307     
   145.11726757763174     
   143.35322324156238     
   142.75500838072637     
   140.53927199019478     
   135.15137983978136     
   126.93166705144625     
   119.61050067223236     
   112.91807624931627     
   107.38710492153983     
   102.03763506651755     
   96.640507772929453     
   93.366715116867255     
   89.606007169333182     
   86.449027799417891     
   81.791138243720866     
   80.107567632921757     
   78.349278381008077     
   73.296112811370620     
   70.416080236640752     
   68.221510475373080     
   67.544858227075920     
   66.196208551109223     
   63.693130511760351     
   60.169902164641726     
   59.284327779702636     
   56.349965377294211     
   54.545917082937322     
   54.853721042722654     
   52.470430335914571     
   50.050889746470354     
   49.007417601462748     
   45.982968673653815     
   44.198000220518985     
   43.622731735901468     
   40.847724906007855     
   1189.9495350887094     
   1067.5113865014073     
   942.25258753475543     
   841.07899119917931     
   760.17676578926284     
   692.83269629754454     
   643.73047147985062     
   597.74308699107792     
   558.47866149849051     
   527.14431318298011     
   501.76299825753176     
   479.17749664388356     
   460.61252337614656     
   443.07928312644026     
   421.62580784738310     
   403.23140930886399     
   388.97076884620668     
   377.07751705856560     
   355.71867479405353     
   345.95936024337720     
   333.42731501476686     
   325.14410006224466     
   316.90780612759852     
   306.04866091074427     
   296.35184460361455     
   292.04129034369618     
   275.97811979112885     
   265.96033338249032     
   256.45809450466146     
   249.51051715436205     
   242.79859365830961     
   234.88712396184468     
   228.29790557263055     
   220.37945331896026     
   215.45014781135143     
   210.84577295633315     
   205.09056380978569     
   202.44609797125435     
   194.86244056413841     
   189.32895181353706     
   185.35806295404797     
   178.87331868970119     
   176.49650110901800     
   172.82116463932448     
   170.93492722852426     
   166.30320443000753     
   163.34652902107888     
   157.97084397219396     
   159.33090454586355     
   155.33911799552774     
   150.52319675433097     
   149.81232512209985     
   148.61240270687895     
   145.22938326107959     
   146.07698883374329     
   145.33587827116148     
   145.03986725742317     
   145.61603499146653     
   144.61978217135069     
   143.24201548339039     
   144.75940408102522     
   144.03349373446457     
   144.81708900867585     
   145.98001131187479     
   145.32792832423095     
   143.02299513401036     
   139.45832434458345     
   140.46672521787460     
   138.57420308982577     
   133.07735439099065     
   125.83170280826091     
   121.36429495839582     
   112.48222816181288     
   106.98884583301546     
   102.21903268900826     
   96.411658013303281     
   93.476238348830492     
   89.172440794605933     
   85.582528683092846     
   82.107350822702244     
   79.523765981673023     
   77.238140139192822     
   72.862008968898010     
   69.827534229033660     
   68.520777353378094     
   67.644293185339663     
   65.436921829640667     
   63.082690397407831     
   60.782193057470728     
   58.385707486262703     
   55.392714526996052     
   54.480305739533009     
   54.773932012188730     
   51.935069125358268     
   49.920897072116958     
   48.541643067086000     
   46.519435060372004     
   44.267351778482109     
   43.033983009652282     
   40.680515302406938     
   1212.7285348330970     
   1083.3494794829171     
   954.78565039804391     
   845.53283402874274     
   762.70564216163382     
   689.13928492460991     
   640.34484923201433     
   601.03533307955922     
   556.50366211143034     
   524.06403486810018     
   499.81381877563484     
   473.19194453457771     
   453.89990988433647     
   431.59654649853451     
   421.28953631396956     
   398.76550218002996     
   383.03472054152957     
   372.50512223959856     
   357.08086344684870     
   342.62552007222075     
   331.65244699351132     
   313.58663215354318     
   312.40483615480508     
   303.12869021929066     
   293.76382318753815     
   283.15314672422357     
   268.87171419741105     
   260.98466476862757     
   253.43238553179214     
   247.09278760486970     
   238.62718011564908     
   229.02782830306910     
   223.34033025597870     
   217.64780223414698     
   213.00998560172764     
   207.06090457832502     
   205.54079354248373     
   198.02837505396286     
   191.70113326657352     
   188.50802070194612     
   180.66971258198436     
   178.39644534930724     
   174.05699846768007     
   169.23185983042617     
   166.57876553153284     
   164.26875174205983     
   158.46618171941145     
   157.26283804265421     
   153.84019504541448     
   152.05070285546282     
   148.93865927459814     
   147.93979380411824     
   145.08556317762196     
   146.00879267026991     
   144.47896990641377     
   143.69752968642996     
   142.93852399205525     
   143.70309492615488     
   144.57087704008842     
   145.03684878916945     
   143.47457604380907     
   143.30343309139022     
   143.85634498568339     
   145.38395414965379     
   143.91209023508782     
   140.97681166309292     
   136.17362602103987     
   137.72179524225305     
   135.92715133545531     
   133.02558055392007     
   126.40459742742371     
   121.25699686439141     
   114.77581528700028     
   108.51285734785654     
   103.00187991922238     
   97.468946371923209     
   93.648732318840274     
   90.634993725776070     
   85.133404160095267     
   83.234799493220862     
   79.000863952295987     
   76.447768000130736     
   73.223711468250627     
   70.002860531156756     
   68.314084581761989     
   67.539413407826245     
   65.890855135360908     
   62.512504467369496     
   60.450417586262347     
   57.978008390649023     
   55.998269475562211     
   54.293981329235336     
   53.225805911912218     
   51.378704828738094     
   50.252425508684262     
   47.277068400531874     
   45.503945532804750     
   44.414230362274452     
   41.979080807624953     
   40.085971464670720     
   1235.9825438297021     
   1097.8010155676147     
   966.12698049001972     
   853.70779099762069     
   768.37973565339041     
   695.01462377373434     
   640.35513753640419     
   601.22989991573036     
   559.17549021811692     
   520.71468023063176     
   497.09654753126028     
   471.01854665722794     
   456.72877806686301     
   429.87613309832011     
   416.62373893939815     
   397.83130821924937     
   380.51195371184042     
   375.62719886477407     
   354.49730294873712     
   346.20082542254022     
   328.44838982990404     
   315.22125458972209     
   311.03754929714711     
   301.57649987212181     
   293.21245733804153     
   279.78284569865514     
   267.68575506894007     
   258.62583735542677     
   247.98436405986965     
   243.07750624724608     
   235.95608824421348     
   232.21642168785644     
   223.00244076591542     
   213.85968151924143     
   208.85732145464416     
   206.83183128646465     
   202.78622342584009     
   193.51717887300461     
   190.64345399015741     
   186.69831086979957     
   181.36517964452787     
   176.21651879298034     
   169.90700584747557     
   167.70352248395108     
   164.44791408211094     
   160.66025781963330     
   155.27815308900657     
   152.46575887523684     
   154.29936686926436     
   151.06541909122956     
   147.91179232052431     
   145.77072631470082     
   146.39522732983812     
   143.98752586600827     
   144.32838934299343     
   143.11286207106130     
   142.49556346516295     
   142.12543109219087     
   144.24289562175960     
   144.06195700798025     
   144.38944407016825     
   143.99793018703227     
   145.23939626137408     
   143.60800751773587     
   142.61589579392700     
   139.77717472417336     
   134.88324540889789     
   136.47670447935261     
   135.75561996485524     
   132.82573178682685     
   126.21145678215841     
   119.87105549037153     
   114.78596255367771     
   109.58313739976485     
   103.03255515762102     
   97.797435460045136     
   93.302801105300119     
   89.764819370131789     
   86.300265037073871     
   82.733269547021109     
   77.584924531248220     
   75.729569251933185     
   73.938578839650688     
   70.275597347734603     
   68.322553247490021     
   67.019828280544260     
   65.320311358814337     
   62.802552997766526     
   59.535503757581388     
   57.954578644942679     
   55.612340450222959     
   54.972074125136899     
   51.948347075880662     
   51.384087211960761     
   49.816785132782876     
   47.838304761468819     
   45.756090973345351     
   44.770630211688726     
   42.273960891242979     
   39.912619528373007     
   1248.9125785354518     
   1110.5194223718956     
   977.60468910063980     
   860.33339465951030     
   776.86993861361248     
   698.72235596466703     
   646.32302467212799     
   598.98991148450546     
   558.85999381596821     
   521.93249217675782     
   494.55115863404188     
   471.51315841819900     
   457.03743303343435     
   431.71190828376984     
   414.17979094839490     
   396.61962257746939     
   384.08495217048755     
   373.46565419892306     
   357.02088395457912     
   341.55396781975730     
   327.21018770661635     
   314.95527340190051     
   309.71256865535150     
   299.52594373523510     
   289.31911452774665     
   280.52289436575273     
   268.07858194609685     
   255.03109041059804     
   250.31741083575835     
   243.17338549041045     
   236.98340201355083     
   229.55013427513120     
   225.30440806692874     
   215.11836353835764     
   207.26894809455973     
   202.14004871966989     
   199.57425295206949     
   192.95362745066507     
   191.52476778875359     
   186.72064425113081     
   179.32739142645295     
   173.91071887266651     
   171.40489057502975     
   168.09501280366212     
   164.00085718685716     
   159.99335894103163     
   155.68526643604426     
   151.60950713338548     
   153.43336653543702     
   150.53767695230897     
   146.01140346927252     
   146.51110504010629     
   145.15769026438105     
   143.00718153533870     
   143.47015962340151     
   143.55209740288780     
   143.41483837176708     
   143.69412348176505     
   143.23881468868240     
   144.04226541666463     
   142.69950924532083     
   143.42629626545727     
   143.87506808017520     
   142.12044521579560     
   141.61470625467717     
   138.64257962024206     
   134.60554969420326     
   137.05664742832826     
   135.73227526051372     
   131.59244018058624     
   126.16797008926690     
   118.75596556471776     
   113.66816337324072     
   108.61519225868352     
   102.87690577026584     
   99.327089341373664     
   93.986543195696015     
   90.615523443353851     
   85.972817338333513     
   81.825810367562497     
   76.828935249291590     
   74.932388957134265     
   73.651229096492216     
   70.569147395137648     
   67.943110565117536     
   67.368988574793136     
   64.772469028368221     
   62.601174215812058     
   60.214569876771499     
   58.561893482508601     
   55.667353535270820     
   53.939737784548555     
   51.846970684062107     
   51.132446112208051     
   50.294471175662245     
   47.799072315076032     
   45.294265485386497     
   43.621217948125334     
   41.753488713042017     
   39.765882074830571     
   1257.7301581599650     
   1118.9984209259806     
   981.55666084327299     
   867.05026007896242     
   779.60726176445655     
   701.53308440448245     
   646.02779954650100     
   595.38260845365676     
   559.29744882842431     
   525.41030905042112     
   493.92395867090983     
   471.90147970376267     
   453.31703425288595     
   428.77457202965542     
   411.28089896385950     
   391.87845347146975     
   379.40093259695357     
   364.75342137531959     
   358.83395714237321     
   338.37702146465915     
   323.78646313840113     
   311.89985172160522     
   308.55875213014923     
   301.02171670435155     
   288.31690431951625     
   276.46542910933852     
   271.69318421877000     
   255.24729932940897     
   250.43966230507741     
   241.92341991074881     
   237.27552629333002     
   227.12323185304140     
   225.60530688423611     
   214.25204721978380     
   207.41399993559966     
   198.95447182452659     
   195.60317696317122     
   197.20197050256664     
   189.29943607388259     
   188.13542717010958     
   179.09258925627674     
   172.59631304986496     
   169.75555532603403     
   166.95587667685180     
   162.82289972622050     
   160.63927275853885     
   157.08201423210352     
   153.22458611650069     
   151.94443436047078     
   150.91395667946205     
   147.40012298196922     
   145.94608076024738     
   144.17698743527166     
   143.95199862688486     
   144.51972960558240     
   141.77933219782861     
   140.24765707264345     
   144.18259046658324     
   141.32076280592042     
   144.84391884173635     
   140.92322704592314     
   142.26586513779375     
   142.82868333665087     
   141.80843133170373     
   140.79018134919505     
   138.64829180659629     
   134.16191724401318     
   136.56333745967146     
   134.69222414845891     
   131.64459059921606     
   126.25119637216081     
   117.92007158723506     
   114.31863970496752     
   107.80555778547433     
   102.95829045638919     
   99.360438645805004     
   95.277673703618703     
   90.035064476994833     
   85.471474981270617     
   81.350826959450757     
   77.149333512990722     
   75.577864796055621     
   72.714577205870796     
   69.859259873712162     
   68.311628822510400     
   65.700246124945593     
   64.702276848945772     
   62.300498159694612     
   60.591636978514927     
   58.710630180801168     
   56.162159490919535     
   53.749232014551119     
   52.816840720007107     
   50.697137324239847     
   49.719431014103563     
   47.992006122841104     
   45.903037478750079     
   43.013683171640380     
   40.773609651916907     
   37.990297737748215     
   1260.9248444321261     
   1128.8045150936180     
   985.71696053588892     
   875.45230862023959     
   782.73685843734847     
   701.23242895141516     
   646.61712009000837     
   596.61314760688856     
   561.48373373153947     
   522.44374570221305     
   491.19311433145106     
   466.71418838325440     
   457.24213633188685     
   432.69249433911045     
   413.36088658405504     
   393.62463514490832     
   379.93356095702001     
   366.84233695843403     
   360.64998166935902     
   338.03207472208646     
   324.06458080862467     
   312.95623277542848     
   304.50422297714948     
   295.62646547994183     
   287.60167465357614     
   278.88388960099422     
   273.10542523317207     
   253.79308312512077     
   251.87191030550730     
   237.71334010637440     
   235.74092848939182     
   231.04594723861140     
   226.56830021843700     
   213.40969832709854     
   208.73229067110472     
   199.12143260574283     
   196.75776857331988     
   195.74657554438983     
   188.51072114988375     
   185.53721196121040     
   178.82834013634195     
   174.72276502262915     
   167.85736162511751     
   169.24242699254694     
   161.12450235719328     
   161.46265081761101     
   156.94359095225957     
   154.80482377996029     
   149.96394905289412     
   148.92082736318673     
   149.11807243163520     
   146.71024616288997     
   143.92986586791210     
   144.55877175557640     
   143.14319440742202     
   141.03968608882326     
   139.90785656362632     
   144.00987191591912     
   141.56038133735572     
   143.17379752919504     
   140.39946195916605     
   143.41195559059696     
   142.27656073409059     
   141.63053244815401     
   141.22982019928594     
   137.27986159007588     
   132.85863062543456     
   135.31728054931708     
   134.11557555653894     
   130.62390678554578     
   125.14065810476927     
   118.81418015693589     
   111.97749542344818     
   106.90101943391591     
   101.90246152832711     
   99.161454140762601     
   94.937779584765792     
   89.614399987602326     
   85.386315460673941     
   81.561423554624682     
   76.907457768446619     
   76.478649028661494     
   73.223945075537301     
   70.766758593529985     
   70.010395937857098     
   65.278765378623433     
   63.907111394018791     
   62.426225143344439     
   61.169776398162831     
   57.693770636754188     
   57.510086481119743     
   53.669423337469340     
   52.483588881805062     
   49.575083620747513     
   49.628678753948613     
   46.987421246332651     
   45.323506841461054     
   44.329657149569243     
   41.708955471396543     
   38.406002769238071     
