           1
        3200
           1
   930.75233186244282     
   884.51915460924442     
   855.28604467099069     
   831.60398673898419     
   811.26439457626952     
   796.21365929568674     
   777.95508507704824     
   758.33513410360513     
   742.51676273629619     
   727.40506282631850     
   708.29422132023490     
   689.98434588052135     
   674.75055827161282     
   661.47385309382275     
   646.58823481986906     
   631.96488595494304     
   615.99782681455190     
   601.79660226437193     
   587.03747135297090     
   572.91935125732380     
   558.55343921828944     
   545.05204210660679     
   532.36558674285027     
   520.55050470028209     
   507.84994766255602     
   495.74791826245911     
   482.45906780847542     
   469.54959477730023     
   458.99407723632839     
   448.74923800878651     
   438.39440211358885     
   427.14280846909583     
   415.92248010391432     
   405.98573473536658     
   396.15550405190049     
   387.12746215168437     
   378.67132731988153     
   368.98099818806145     
   360.00210111987786     
   350.44091594648495     
   342.58022134375926     
   334.93308606600203     
   326.95805695908945     
   319.44191603508199     
   311.63000543340183     
   304.66539820838642     
   297.10900784487990     
   290.14504351139232     
   283.39923484698016     
   277.51143121465054     
   271.75727994275616     
   265.72155148955221     
   260.23363194585875     
   254.72226648678014     
   249.06018754977001     
   243.81920677647534     
   238.38377750199919     
   233.30633152970609     
   228.63452234790941     
   224.20687769823789     
   219.67136220287387     
   214.99362914286792     
   210.44923820171201     
   206.13274876980427     
   202.02904735697737     
   197.73952555598200     
   193.66128034565196     
   189.62236986616460     
   185.62894010322645     
   181.82643267777431     
   178.15179664288343     
   174.59552095867980     
   171.19847752200144     
   167.98750172403248     
   164.82877317284837     
   161.56794335192484     
   158.29419508204589     
   155.24676266875821     
   152.21295227769173     
   149.33230967133665     
   146.49429569440247     
   143.77796106976595     
   141.02512009881534     
   138.35056151534863     
   135.73511863224002     
   133.17370237471303     
   130.71031476228777     
   128.27063281584961     
   125.87881285973349     
   123.47274900327196     
   121.11134405370888     
   118.82778285936307     
   116.58692019723850     
   114.38542278080983     
   112.24918008503862     
   110.23600962068841     
   108.28354643031446     
   106.29384632422746     
   104.32820254399486     
   102.40449552085988     
   954.77869227322890     
   929.33044649956798     
   895.00303711569632     
   864.86263640264428     
   836.89946767980973     
   813.50146527704862     
   794.41539062612435     
   776.48501317106604     
   759.04795923296456     
   741.31425522591530     
   721.59028435091500     
   705.75869016172385     
   689.64673236021440     
   672.66905149143986     
   656.95936943854417     
   639.74541175193497     
   625.75876378057046     
   610.62587753277251     
   596.59030708776845     
   580.88955510286394     
   566.57670188091640     
   553.53977578930881     
   539.73162021119538     
   525.49654888737166     
   512.15116471527995     
   499.90430521337953     
   487.65506206539470     
   477.15163822668700     
   464.70961084077243     
   452.75486397471775     
   442.13575535572693     
   430.63166795199811     
   419.27261069568340     
   409.12524300685789     
   399.19287655296841     
   389.65350544622771     
   380.24520142375661     
   371.22173295219216     
   362.19135278121223     
   353.15439111165767     
   344.65543772598483     
   336.15217626550725     
   328.73703103123091     
   321.20954647483666     
   314.15984203257540     
   307.24027085547345     
   300.08844678152803     
   293.17587620338543     
   286.59370832325101     
   280.34357589406602     
   273.88842276809999     
   267.76437402898983     
   262.23592874653605     
   256.46967152297975     
   250.70152962804590     
   245.26689926565280     
   239.76287578523997     
   234.53229711416662     
   229.30254912724280     
   224.34664368414019     
   219.42134215414129     
   214.97417684817907     
   210.61296970057342     
   206.22123034138684     
   201.78963386555097     
   197.88641837630539     
   193.97884278532217     
   190.01288547328346     
   186.35714894745740     
   182.56593372532143     
   178.92384062637964     
   175.40634183250188     
   171.90747133905785     
   168.60395967524090     
   165.33901508041347     
   161.98216698425762     
   158.84865293277613     
   155.72333086427636     
   152.72902858257092     
   149.71603560308824     
   146.73648122325369     
   143.84675979087487     
   141.01574703874243     
   138.38552641818734     
   135.78991743273104     
   133.21727503584361     
   130.68326861632897     
   128.34684350865109     
   125.88266788393169     
   123.54071999666607     
   121.26210368792634     
   118.95580406691992     
   116.74443335787694     
   114.56125423197207     
   112.49378120103704     
   110.39597409069496     
   108.29244912845385     
   106.29415737578655     
   104.34242639048858     
   102.43903266056734     
   951.92476259253954     
   935.33214332858370     
   915.00266118956836     
   889.05074712441672     
   861.75662151738720     
   838.73947561904311     
   817.33648482122135     
   797.07924046855362     
   776.69176013336721     
   756.93001195474017     
   735.86947006931655     
   716.47228724418972     
   699.83277119845854     
   683.83175525595379     
   664.80980025547524     
   650.26535311725115     
   630.79088803371735     
   615.54787346254182     
   602.49618831393025     
   587.69890192397952     
   573.11815984536997     
   558.49727306173986     
   546.33017325889250     
   533.81556733328227     
   519.90698073712235     
   506.14468225727160     
   493.34347390114021     
   480.40436283327119     
   468.88502776257610     
   457.48100388424950     
   446.20277916015266     
   434.85070444590451     
   424.31651888731085     
   413.57158317057997     
   403.90286636877653     
   394.44440032738726     
   384.25354524193506     
   374.53840899581712     
   365.75363297652217     
   356.83663949759631     
   347.79837223211797     
   339.32151308505297     
   331.20622217956418     
   324.09100290396441     
   316.24137479819012     
   308.48719736113605     
   301.14148006298501     
   294.63131688785677     
   287.86143581408874     
   281.32867165989234     
   275.12654744101184     
   268.95215437893694     
   262.75796029713132     
   256.92690855214130     
   251.22981717234504     
   245.59106919780044     
   240.36794992354933     
   235.13604058119870     
   229.81769175862590     
   225.01155858231982     
   220.36001267262773     
   215.92876143416746     
   211.36595895805982     
   206.95011412076056     
   202.70401792246867     
   198.52775359697520     
   194.42570193229633     
   190.39812813769632     
   186.78185709983700     
   183.06851886446799     
   179.28887060007511     
   175.59965993804266     
   172.17462068392820     
   168.74871864805243     
   165.37560033759658     
   162.20869399756927     
   159.11273676653045     
   156.07458115241377     
   153.18848818627231     
   150.23677791932226     
   147.39787795533221     
   144.52502468435085     
   141.76535358127381     
   139.04906116296976     
   136.45108440311975     
   133.85993759498959     
   131.33062696085619     
   128.82306142605046     
   126.37061236931515     
   124.04149786375673     
   121.73613734851487     
   119.50222479740326     
   117.29648224253351     
   115.04833824705619     
   112.83715547112485     
   110.74902258175254     
   108.68469572336443     
   106.59627651869016     
   104.63935308424891     
   102.73645675860902     
   958.07130689534608     
   936.71051942455142     
   921.34090886431613     
   899.30094125503888     
   879.83336984161906     
   855.01661370562420     
   832.21592415386681     
   807.91315984011499     
   786.82492567375289     
   766.60015736596517     
   746.98737775254449     
   725.40548263216283     
   708.41914149786135     
   690.40936884365897     
   673.39096781590160     
   657.11932192334621     
   640.41692197953410     
   625.66430186997400     
   608.38889055204254     
   593.88688655660167     
   579.94969024963837     
   564.27135945064470     
   548.12554523331926     
   534.61620469188631     
   520.27870961015390     
   507.03163259945336     
   493.31160390171402     
   481.22134673120172     
   468.14442040918397     
   456.50337627945891     
   445.48177557606675     
   434.57285547386476     
   423.70323334771376     
   413.48141711033378     
   403.14279168508017     
   392.69347736978386     
   383.54741564104097     
   374.38778027858928     
   365.07414260622971     
   356.47643987401693     
   347.92741807962375     
   339.85509566464327     
   331.08882428368935     
   322.85803819535238     
   315.36323096453185     
   308.12411269473932     
   300.90790597144928     
   294.49455565570162     
   287.35805909558945     
   280.93024288825632     
   274.78142873562757     
   268.43064705067445     
   262.16910177554229     
   256.34652318568129     
   250.52411599732540     
   245.52720980617607     
   240.01810451353873     
   234.83283146084381     
   230.08620480081737     
   225.35126240772334     
   220.71318403614595     
   216.04907350781536     
   211.55109920476494     
   206.85166952431933     
   202.64369712152501     
   198.45955375242229     
   194.24339127699531     
   190.23932625665424     
   186.36080315692442     
   182.38581800608131     
   178.62940055233776     
   175.13156415212970     
   171.76157576517028     
   168.27796316527326     
   165.03230761691000     
   161.73740310475739     
   158.57307855831587     
   155.51633525118990     
   152.38077577803645     
   149.51696458695673     
   146.70140815586129     
   143.80964622558889     
   141.01708142506337     
   138.25881216805823     
   135.55761481294184     
   132.96090521225591     
   130.30948742149889     
   127.85742642975157     
   125.41551781735176     
   123.00791033654312     
   120.69507058520050     
   118.39620202128026     
   116.17768108357392     
   114.06416345051586     
   112.01976136941843     
   109.97508494459454     
   107.92542842661270     
   105.95527210018149     
   104.01685451628977     
   102.14403837155902     
   966.35260102210771     
   946.43220802118572     
   923.31006457869330     
   903.24383107256108     
   884.40179536380833     
   862.49428119429592     
   842.06509669248749     
   818.58741836947229     
   796.82505648721258     
   774.92637989659102     
   751.40843548502960     
   734.12716920576486     
   714.92700713402326     
   696.95962842207632     
   679.38422262110396     
   661.16030846991714     
   643.92757606486771     
   628.95955474518325     
   613.22631182501470     
   596.87240577714078     
   580.07142432159526     
   565.51861108271942     
   551.58525193155617     
   536.86187987003996     
   524.67547307468089     
   511.51907310566372     
   498.98887184655143     
   486.85773088953312     
   474.61334141377711     
   461.66884933456902     
   449.71300964428548     
   438.79681966696933     
   427.81060829392590     
   417.41282381812391     
   406.64830023267473     
   396.64764045068392     
   386.34233993677583     
   376.25700471130483     
   367.03058928542481     
   357.55000985843429     
   347.92879418181292     
   339.65955082460334     
   331.68364011434409     
   323.78298013235911     
   316.27401255481522     
   309.60881265791113     
   301.95128051342925     
   294.51452932096481     
   287.56977292339866     
   280.82567981728533     
   274.27647104813741     
   268.17818361947974     
   262.16443228969587     
   256.18623039864110     
   250.59081468273948     
   245.18738412280595     
   239.84541546362678     
   234.55848017404747     
   229.45767600147045     
   224.70360137415213     
   219.91934026431551     
   215.11846528477008     
   210.68421684912772     
   206.38505643941329     
   202.21120360901392     
   198.01308039945005     
   193.74620503170689     
   189.74352459790370     
   185.98353405935657     
   182.31110556759640     
   178.60952501439834     
   174.99660418089039     
   171.47822002243529     
   168.03233182793889     
   164.72729441171992     
   161.31225124104674     
   158.11932379950821     
   154.98377985187057     
   152.00535421828013     
   148.96089929913421     
   145.96521938719380     
   143.32867822302046     
   140.51344042472294     
   137.82863654040116     
   135.22320087015194     
   132.75630265405894     
   130.26771629041110     
   127.80309730360239     
   125.37802766837271     
   123.01712980029183     
   120.68122800458730     
   118.48008436787535     
   116.26878141952594     
   114.11954269904838     
   111.99127198242468     
   109.86117943694640     
   107.84361822476980     
   105.88020598498369     
   103.95779323556926     
   102.00881713960572     
   970.79834064446641     
   948.60306371107481     
   927.90653990873830     
   908.10018874203649     
   885.21634649374187     
   870.39524607930628     
   849.16467368304575     
   827.42415514188360     
   805.32128192759774     
   783.12315840322367     
   761.91593552777408     
   744.10502667763819     
   724.88094700105694     
   706.67077719536678     
   687.27231980804390     
   669.83886515543395     
   651.33486565002534     
   632.83730850391964     
   616.27355970732378     
   599.53776089072358     
   584.27422538980693     
   569.51377658280728     
   556.89995382180859     
   542.52672501945517     
   527.95121755655032     
   514.27705512233513     
   501.68637491717800     
   488.23180651383302     
   475.84397196794953     
   464.08422805644847     
   452.79587039938968     
   441.29086377060827     
   429.53924760197276     
   418.80685352564882     
   407.63465487996780     
   397.15646889026425     
   387.65077088917917     
   377.94850504698144     
   368.23950367930763     
   359.31862392646985     
   350.36155031202395     
   341.70296229480073     
   333.56830886835007     
   325.87427879767858     
   318.13561379199922     
   309.96541685360859     
   301.77389532014837     
   294.28417490619790     
   287.57762552581653     
   281.07831894771084     
   274.54442185949455     
   268.17170138532543     
   262.05048571661933     
   256.18799481136568     
   250.52684016821601     
   244.77818010958174     
   239.50870981948736     
   234.10013195166579     
   229.18668567672734     
   224.45503930146808     
   219.76413962869049     
   214.88691818087989     
   210.10068434130162     
   205.72338551506817     
   201.35015987149262     
   197.27623023096683     
   193.39860836393771     
   189.63798394924640     
   185.80816528321856     
   182.22081745760630     
   178.40466608388914     
   174.92286798065408     
   171.35668574938484     
   167.84716993917823     
   164.51306085665379     
   161.22462007191032     
   158.19138513176560     
   155.17475703567413     
   152.11810860477334     
   149.05811036436592     
   146.11359134880280     
   143.23608935629713     
   140.46873741733745     
   137.87221746644650     
   135.25025078703567     
   132.58509354954873     
   130.10658551101386     
   127.63938232903203     
   125.26063863091770     
   122.88961646642954     
   120.68977185849158     
   118.50398127744911     
   116.26259930168163     
   114.10015648522712     
   111.96519124031688     
   109.82843951111228     
   107.80184079407792     
   105.84367793076056     
   103.86678899178301     
   101.97772499481829     
   974.96010204321556     
   954.58034866619130     
   932.17530989083809     
   914.06435135515551     
   893.61994093169267     
   873.73048076178543     
   854.38401584670203     
   835.23698478690312     
   812.59388592946834     
   789.19319764867362     
   769.46545864222196     
   747.33458008853813     
   727.17439885959686     
   708.56292018548561     
   689.62568334332082     
   670.69232408737537     
   653.85028304213677     
   639.33061448489752     
   623.31708042810408     
   607.69475684692793     
   593.23378261760649     
   577.72543776324756     
   561.50046678753313     
   547.31394642119062     
   532.10475126116023     
   518.81778804049736     
   504.20236885246942     
   491.10175977503695     
   477.83832528738543     
   464.86709954937106     
   452.08259784792108     
   439.42092607815277     
   428.72846638947391     
   417.98223758029286     
   407.13040869083892     
   396.85561541161843     
   386.09828364753503     
   375.47813926709603     
   365.74488764438098     
   356.49950952531219     
   347.89989129941631     
   339.42858767532607     
   331.29325912118026     
   323.38319974721560     
   315.06560910354483     
   307.24908120397947     
   300.14029710100800     
   293.67121387261489     
   286.83161961943455     
   280.10799597685860     
   273.60896713103091     
   266.80964735789962     
   260.84259349085715     
   254.86608743540540     
   249.17883832442914     
   243.73971920525014     
   238.09283762969596     
   233.05398349946898     
   227.79029541704290     
   222.84803859177879     
   218.01173792459673     
   213.56627527466264     
   209.14871150582491     
   204.70951277157522     
   200.69446098576580     
   196.41119994910767     
   192.50939840913026     
   188.46000157905408     
   184.73648118327992     
   180.90435899072804     
   177.43185084221329     
   174.01754953823556     
   170.62168492694940     
   167.27569306348317     
   163.91162591008913     
   160.67662802662892     
   157.64121746411283     
   154.51332598532792     
   151.57245054385896     
   148.83593913292725     
   145.98016963411050     
   143.24500726161077     
   140.52560429037638     
   137.76297462651127     
   135.17259457412723     
   132.70192975726519     
   130.18038006963494     
   127.79059905786846     
   125.34063551477533     
   122.91478226264260     
   120.57326350497914     
   118.28926517754971     
   116.09814135457017     
   113.95400605448239     
   111.73999204524790     
   109.71225950026204     
   107.72067821306027     
   105.68859270308675     
   103.70213342391071     
   101.80452076771924     
   984.00854527433182     
   960.32580622576938     
   938.78961709519831     
   915.99053169040485     
   895.28968401950226     
   876.41638489852039     
   855.34433418916160     
   835.09222065459085     
   815.63278250372286     
   796.28268864395363     
   775.59291282104039     
   757.41811330453788     
   737.84481145053860     
   715.68168140608611     
   694.21927789875599     
   676.79550288105906     
   658.90712111845482     
   642.08732845667396     
   626.72555523805090     
   610.08435255487052     
   592.78168616652806     
   576.96099465461441     
   562.76481245840102     
   546.87353207421165     
   533.15781496117575     
   519.06432612547587     
   504.93014019398044     
   490.93924604791795     
   478.15587115128966     
   466.28392048678859     
   453.37001643030965     
   442.19244392342881     
   429.78775188067499     
   417.83677184060116     
   406.29389245773768     
   394.16159640792154     
   383.88783206246620     
   374.45099896137276     
   365.57350485286543     
   355.56171563341616     
   346.76582898800564     
   338.84199570048077     
   329.73070650070360     
   321.36058273079584     
   313.76536358414825     
   306.43531300350469     
   299.25593423111047     
   291.72353683261281     
   285.49967635728467     
   279.03466334765517     
   272.16800283442160     
   265.93716410985894     
   259.64031488652620     
   254.00764090200940     
   248.29589474566882     
   242.96971749589216     
   237.78660405578177     
   232.61502881846749     
   227.74594155906834     
   223.13663030558348     
   218.30373499589641     
   213.46082210243861     
   209.26464857034665     
   205.06118335345150     
   200.52781192469175     
   196.35745763665599     
   192.32283628377243     
   188.30433951032910     
   184.53343726093448     
   180.73976375026936     
   177.10441428140300     
   173.56249217241216     
   169.98113654053915     
   166.61925643940981     
   163.50292288205310     
   160.37170600572367     
   157.13397513753898     
   153.99739210505706     
   150.98735844031444     
   148.11917943598061     
   145.32395240169532     
   142.48802302785447     
   139.68354304205496     
   137.04504098215682     
   134.35112670490730     
   131.73704573089077     
   129.21625198553971     
   126.67952322346308     
   124.30721321709193     
   122.02449679773409     
   119.78385669030433     
   117.47108545477258     
   115.20251827264399     
   113.06827233600379     
   110.96301264999360     
   108.93182651203252     
   106.93259351051084     
   104.92651078964568     
   102.98137900915557     
   101.06951241689259     
   987.53004190060653     
   968.20511970770576     
   946.53133219490996     
   924.11424347344564     
   903.50322159296638     
   880.97514361943547     
   861.91400044306192     
   839.87323752749944     
   818.96465138669771     
   799.54437544944074     
   778.28814940145503     
   755.75759371927643     
   734.39239925276888     
   716.12714818534903     
   700.18322323943562     
   682.89559816652934     
   665.00411391909165     
   647.90960627332800     
   629.70875699050646     
   611.11246492017517     
   592.51626023234564     
   577.19514590663789     
   561.70515227701321     
   546.28743650976617     
   530.96752817456377     
   517.58825877416302     
   502.73039804239369     
   488.52990706186051     
   475.81123539811824     
   463.10123295651249     
   450.21994037935940     
   438.36498150855800     
   426.41290637806765     
   416.52629055680740     
   405.62378628754954     
   394.39496690685075     
   384.27151665295446     
   374.04093753404874     
   364.14712775080449     
   355.18791934112903     
   346.29957547085576     
   337.32992963070467     
   329.08901935938655     
   321.43177002822256     
   313.17843472695398     
   305.82744997331133     
   298.31230551355048     
   291.20183906748940     
   283.38615222351876     
   276.84912084196117     
   270.43971587986294     
   264.87746621266905     
   259.23544854949841     
   253.69108784752981     
   247.81254697331440     
   242.23663279644578     
   236.92032752464692     
   231.79646896227820     
   226.64035916212271     
   221.68742455653705     
   217.09769595179557     
   212.60986846541766     
   208.05726577951174     
   203.56551473397084     
   199.39989154525006     
   195.33047712925600     
   191.49053180172436     
   187.49799426828048     
   183.68965645465454     
   179.84398852842003     
   176.08592166127249     
   172.64050076983213     
   169.10247582227129     
   165.71049045204612     
   162.36991301519248     
   159.26593246199820     
   156.18596836574142     
   153.19017651927811     
   150.26630479811871     
   147.28106270209810     
   144.28364653671548     
   141.45081156190855     
   138.64639935805664     
   136.00641815498722     
   133.46727485242840     
   130.94481136970796     
   128.47253352736752     
   126.05035491582413     
   123.66125658114102     
   121.33011015828019     
   119.07331937961916     
   116.79659016360861     
   114.60521619243164     
   112.48720760545638     
   110.38047636706469     
   108.26893379233302     
   106.22187942365842     
   104.27151785003139     
   102.37412070366283     
   100.51814724808210     
   990.47384732504042     
   967.85668637162030     
   949.31224898824439     
   929.07454558352094     
   906.96434440334792     
   884.15683705484992     
   861.45418545438633     
   839.37408043206790     
   817.96371385061855     
   797.04236019180598     
   776.06474403795301     
   757.90874834164345     
   740.32116415480709     
   722.04301337176264     
   702.02333017637375     
   683.44686762266247     
   665.03561835270966     
   647.46353962045146     
   629.30076620413797     
   610.26793529398151     
   594.48713771601365     
   577.59788147814243     
   561.79231337203237     
   546.22593827046342     
   531.25138063600366     
   515.94762872336332     
   501.87154715021586     
   487.96358197838862     
   474.24670906881374     
   460.74503161536211     
   447.89007679705270     
   435.92714287066354     
   423.70475435577930     
   413.32496384410354     
   401.69713406859302     
   390.76363629344485     
   382.13373093098545     
   371.84960963556068     
   362.40441338242215     
   353.26576737854407     
   344.55139701650978     
   336.11426187556168     
   327.60998666129620     
   319.66904623587106     
   312.05366852121142     
   304.94899319432892     
   297.51617743639213     
   290.40411666219063     
   283.56366121831786     
   277.07882509714881     
   270.80004137677855     
   264.16620522670843     
   258.07598899254049     
   251.77206972722175     
   246.48912380270582     
   240.92886468998927     
   235.62835427360011     
   230.65796577043625     
   226.02369315759023     
   221.05600898095867     
   216.01568444091390     
   211.41829504561832     
   207.06233452196395     
   202.63262327142826     
   198.24010069069004     
   194.06533276558491     
   189.99474417626243     
   186.23729329360970     
   182.45799302812080     
   178.53883413036118     
   174.98409459151833     
   171.51841744950599     
   168.15502895684145     
   164.83402763212746     
   161.44448775516793     
   158.25964011631277     
   155.22778799660901     
   152.23638414249302     
   149.25579382739329     
   146.45745762877709     
   143.67320493253123     
   140.99762017297419     
   138.24669450689126     
   135.65607512530534     
   133.05767659585914     
   130.59182573386960     
   128.12969971693073     
   125.66297730954618     
   123.30819353094002     
   120.92847602898038     
   118.71060304892795     
   116.44991127840132     
   114.27721437795171     
   112.06438563622305     
   109.98139308784467     
   108.02335436350515     
   106.08653686034087     
   104.08519114647065     
   102.13746299831043     
   100.25402257911892     
   995.15168292498561     
   976.47209930332508     
   950.06044229766803     
   927.07308162068693     
   905.86477381220766     
   885.91096975349456     
   863.38756896875179     
   840.45338207742236     
   818.17221874739778     
   799.14183278174903     
   779.86115501752408     
   759.29754947914512     
   739.50367917749804     
   720.81747492041177     
   703.69364226289133     
   682.67761031093289     
   663.86712115942032     
   644.48656126876926     
   626.31945498459140     
   610.27669980309554     
   593.54642905259823     
   575.97312680603591     
   559.18998345328350     
   543.82961024393296     
   527.44853298869100     
   512.66679867709615     
   497.45691265111572     
   483.45813223234939     
   470.54975933237125     
   458.47210952603280     
   445.54287167143622     
   432.82708545142697     
   420.82895567025872     
   409.22362792063063     
   398.59904583611092     
   387.88319001122858     
   377.18331826367415     
   368.43709564216658     
   359.04955451876327     
   350.36200162644587     
   342.04486821822013     
   333.93578947191446     
   325.86422388779772     
   318.13714441888828     
   310.20443137039359     
   302.19507342180964     
   294.64241838931832     
   287.84443625067263     
   281.28486530710217     
   274.53806499877544     
   268.74049394039446     
   262.70849388034264     
   256.61576424153861     
   251.07313638530636     
   245.47348785029641     
   239.83864593766137     
   234.75155683178176     
   229.73450440359267     
   224.79510777975386     
   219.58954406204316     
   215.20935689092821     
   211.22743036809436     
   206.58656289217029     
   202.17610306405624     
   197.96308859158074     
   193.95853003839341     
   190.02768858617779     
   186.18284094354169     
   182.27801584207594     
   178.59278656347908     
   175.02635018710714     
   171.52946457506818     
   168.19200746123749     
   164.89370276569912     
   161.62642842662393     
   158.61337838623950     
   155.40421062034440     
   152.41338383209649     
   149.48143762030773     
   146.54904805071493     
   143.68638020006108     
   140.82338869079896     
   138.14378748065070     
   135.44304720306059     
   132.76345350285618     
   130.22759029305558     
   127.68948957101379     
   125.30022944066124     
   123.00286812951354     
   120.69692152913609     
   118.44181136588929     
   116.10881219616967     
   113.90907999148151     
   111.88200506883769     
   109.78744449663019     
   107.72276925094654     
   105.71418203916608     
   103.75063409803334     
   101.80938023480408     
   99.892883771917894     
   999.56602624192328     
   976.29173086968740     
   954.31603766338503     
   933.46643250638726     
   910.12816654438234     
   887.64557483539090     
   866.98651779860290     
   842.73591801138548     
   823.76498581812189     
   803.34231944035753     
   780.96798019889457     
   760.48947762822263     
   742.40782796449366     
   720.93440809018239     
   700.73953707214446     
   681.30867512803502     
   662.99083206233445     
   644.45247116407097     
   625.47323949611621     
   605.77741940937017     
   586.78222055122399     
   570.95346834891427     
   555.89571393206279     
   540.51602156627746     
   525.13692615678065     
   509.66475555169995     
   495.70927458116660     
   481.85882601926255     
   469.85960818102387     
   456.98468899643944     
   442.85416631387506     
   431.74708072472907     
   420.32675607421356     
   409.29922877062893     
   398.41887291751431     
   387.41798295504157     
   377.92126012419658     
   368.07432396496648     
   359.06238533460100     
   349.17842551050427     
   339.86919024706958     
   331.26044418819947     
   322.62536948553981     
   315.17126819543597     
   307.50134768983941     
   300.13162402462700     
   293.16755091607297     
   286.29152177695420     
   279.62004820594552     
   273.43746309680034     
   266.87682505200928     
   260.99517048834673     
   255.19837987179037     
   249.65313509355161     
   244.23885804023288     
   238.93667701343367     
   233.99947853512521     
   228.75469843603713     
   223.92330104530126     
   219.18104306386880     
   214.58193660851498     
   209.91522374877837     
   205.78380734756740     
   201.27365193351474     
   196.93681933599453     
   192.91551895693479     
   188.84907227527040     
   185.02610662431621     
   181.10723142208298     
   177.62387599015133     
   174.04369435315684     
   170.70618002603422     
   167.29738284639399     
   163.76385592790820     
   160.48418224850616     
   157.27768876376533     
   154.16464446284851     
   151.20919885767086     
   148.18409582021192     
   145.30162606231661     
   142.42236907777229     
   139.67224120388627     
   137.09313245382231     
   134.37550253350466     
   131.79189800110404     
   129.28120781024901     
   126.77266067712955     
   124.27212856111711     
   121.90651022854301     
   119.61417617619793     
   117.33070902468262     
   115.10709298589764     
   113.03602017217976     
   110.86686288187876     
   108.82695604756971     
   106.82231009497232     
   104.76156674564761     
   102.79481337373753     
   100.94546679016909     
   99.082196487581882     
   1004.7287264676220     
   983.02041458456972     
   962.15747975293618     
   938.58266603533298     
   918.69355402837982     
   893.22121445861910     
   867.56414838338765     
   845.95723468482902     
   823.44065917780813     
   802.61081941665498     
   780.83716153135140     
   759.93457288990749     
   738.19322755868779     
   715.53517294289861     
   694.57655556946713     
   676.76064948524424     
   654.67551282989712     
   635.67227206644725     
   617.99057069869605     
   599.48905443029730     
   581.34882133833764     
   565.34399409802631     
   548.53817400284697     
   531.89354972696026     
   516.32906629336594     
   502.60469837772018     
   489.28034404749110     
   476.25068084905246     
   462.95219913318090     
   449.81479416478413     
   437.02254013340490     
   425.05950058192769     
   413.99325412201586     
   404.12285236602384     
   392.86411364601975     
   382.85170413433167     
   372.97719532648028     
   363.38422513585317     
   353.93742769600476     
   345.07161410267486     
   337.18158335857134     
   328.93437593999329     
   321.41167244599376     
   313.46587858485441     
   305.97438313251081     
   298.30989851941968     
   291.73171935096690     
   284.66662113941220     
   278.03710156397256     
   271.83055900237656     
   265.19169950283748     
   258.98115830618821     
   253.34012764255425     
   248.05587398469896     
   242.32218980579526     
   236.60246251516602     
   231.66482497338575     
   226.62517928868607     
   221.76036400011054     
   217.19732435027339     
   212.48552179988363     
   207.96850250866095     
   203.50840215616185     
   199.43622022945615     
   195.44773991191022     
   191.44388803539482     
   187.41381700595556     
   183.56120423451389     
   179.59289294634894     
   175.83007563999877     
   172.28100585277491     
   168.78661424830867     
   165.49488563383358     
   162.27698205021321     
   159.24643305246695     
   156.14751625072680     
   153.12128080826292     
   150.07091690803995     
   147.02215261969513     
   144.14827057624308     
   141.42444790461212     
   138.63049719080004     
   135.92960294919337     
   133.35964597419178     
   130.87916539104054     
   128.46287851090253     
   125.98374165154567     
   123.59784374173816     
   121.24026080188996     
   118.99910033647583     
   116.71846968444100     
   114.49511871705096     
   112.30941249336641     
   110.16871342469585     
   108.13823073568145     
   106.06936075150907     
   104.05230772308575     
   102.15922321431160     
   100.23254493411970     
   98.345040005632711     
   1008.1876760126931     
   984.36221061347203     
   964.39973080285426     
   943.05006469551699     
   920.57715675641566     
   895.57909181064770     
   874.54073364425892     
   851.22591933909257     
   827.58378763273288     
   802.86763740209676     
   778.89517741059205     
   755.32183407158902     
   731.92602344058901     
   709.87935737946225     
   689.12636819946738     
   667.97060190143407     
   648.44599293767635     
   630.72142645685392     
   610.89517174551270     
   593.42468205926684     
   575.88221472298483     
   559.04159255831814     
   544.72034631085251     
   529.07997846162368     
   512.96393277141487     
   497.78204156354610     
   484.52559789712438     
   470.33889832602949     
   457.99796398134197     
   446.20950543874289     
   434.04234063545937     
   423.15511687912772     
   412.02294662793395     
   401.46265530088675     
   390.88831542930632     
   380.13173608519554     
   370.63829704164482     
   361.92587237286557     
   352.08488390837095     
   342.72928446309970     
   334.02095488727554     
   325.80556752517236     
   317.84985451084418     
   310.10373942504435     
   302.87293084387807     
   295.74948049418930     
   288.84252877543122     
   281.28296272345563     
   274.29093828298721     
   267.91967497034028     
   261.29975283992951     
   255.79435180804069     
   249.86111202963951     
   243.86505850850926     
   238.36955459272917     
   232.93632732046416     
   228.28734939319099     
   223.32745464870322     
   218.55067588992517     
   213.74766815545203     
   208.85691059108581     
   204.60792979215796     
   200.21900617666304     
   195.89124170408576     
   191.80686977857275     
   187.89007518015271     
   184.21539339090413     
   180.14067498746073     
   176.40183318009940     
   173.02428311646622     
   169.45514842954628     
   165.99920004510977     
   162.87660105457471     
   159.36694657119631     
   156.14614742415017     
   153.03670536869186     
   149.86956998027708     
   146.98511251464305     
   144.20467877861259     
   141.38926809386882     
   138.65169406879971     
   136.02532696433408     
   133.37829230530880     
   130.81042643297906     
   128.17906032332056     
   125.71439980157673     
   123.20239663317335     
   120.84470263330050     
   118.49125162372289     
   116.20514800769389     
   114.03169482997090     
   111.85132195529181     
   109.72630888528812     
   107.75536534360916     
   105.67250300069659     
   103.68015624592591     
   101.82687819140669     
   99.872351062377746     
   98.066413861103726     
   96.310759691774905     
   1012.9709886400783     
   992.89915853273499     
   973.75799956318554     
   948.80008063658101     
   923.56416541814974     
   901.19241847052479     
   875.99848174590761     
   850.47750867083789     
   825.09946903556556     
   801.05216012835308     
   777.99038709122726     
   753.51478182786707     
   728.18750321232903     
   705.44784641117917     
   682.68627499309048     
   663.07249289700758     
   641.95721105900373     
   622.40794610626563     
   602.89173143817391     
   585.78917938834570     
   570.89677497474202     
   555.29175380260881     
   541.71258235970595     
   527.47735784168265     
   512.19190562331232     
   498.60154048651623     
   483.58935351077332     
   470.29725959756053     
   456.78299855853300     
   443.57735335473075     
   430.81676738556484     
   418.34594970583635     
   406.85628650474717     
   396.30589594987663     
   385.40719043022699     
   375.27772645467434     
   366.85518618025583     
   356.51834067822705     
   348.18077881762417     
   339.60348552444515     
   331.47943661593666     
   322.86372794235479     
   315.15776298932764     
   308.23270470077705     
   300.68045246210983     
   293.37569149142718     
   286.35742908277746     
   279.21510072133583     
   273.20089941577118     
   267.02662787589782     
   261.19537898879855     
   254.82158997513213     
   248.75901359555388     
   242.83872562733887     
   237.73466435791025     
   232.85992379313183     
   227.67617442274192     
   222.87980129650924     
   217.87949281028438     
   212.85750580335997     
   208.58358768886723     
   204.11153724573401     
   199.73633479310672     
   195.34437120806160     
   191.37065773496002     
   187.37522071330605     
   183.49777129989019     
   179.82419710238381     
   176.16489747867280     
   172.70263942778985     
   169.18035431913353     
   165.82006873379586     
   162.71955591010183     
   159.53615520318326     
   156.22453803691877     
   153.08202022637585     
   149.99009626651537     
   146.96786339158623     
   144.01794177718449     
   141.22309542118802     
   138.52434952351703     
   135.74533402218825     
   132.99422744032000     
   130.44628493443568     
   127.83025026149565     
   125.36737923202840     
   122.94684174996601     
   120.66041310268284     
   118.32896555209682     
   116.10656942437755     
   113.88690685694014     
   111.67540290963743     
   109.53222533477282     
   107.42711095200683     
   105.49033340029354     
   103.50023709674504     
   101.60277360723606     
   99.686332933460520     
   97.875853632188850     
   96.053921587010407     
   1016.0860801482036     
   996.54378352828451     
   978.68565854101882     
   955.16558205473348     
   929.35567994368716     
   902.03751404066190     
   876.17911766387601     
   848.08062946155155     
   822.02246446793936     
   795.49939570029665     
   769.17002279446456     
   744.33345094783760     
   720.56899072524175     
   695.27647727845942     
   674.68133713880547     
   653.86739022472580     
   633.66517461339004     
   615.24437942969644     
   599.24689509512996     
   581.99729427625005     
   563.51254491015493     
   547.01886963317691     
   530.99102958768435     
   515.54514864296777     
   502.01266461505702     
   488.56275188354846     
   475.98849391536089     
   464.61915798861736     
   452.00669406678111     
   439.76947144709573     
   428.24156162200438     
   417.81216330141785     
   406.89657757830633     
   396.56703877790051     
   385.44708381599548     
   375.04804797945866     
   364.76168188302910     
   354.60364633767273     
   345.42923854289370     
   337.04613715953406     
   329.03875447594891     
   320.46533668947438     
   312.88880356988091     
   304.65692502162671     
   296.37343447334246     
   289.13885066254250     
   282.26836704703709     
   275.23930521086743     
   268.44126804155735     
   262.07901897852514     
   256.06161207246362     
   250.44683536271577     
   244.80730530722320     
   239.52039103534068     
   234.02263072768523     
   228.58630907194524     
   223.51143447437960     
   218.50300906034218     
   213.49001221832708     
   209.32325337189098     
   204.56656507176913     
   200.30121018313534     
   195.74460825909455     
   191.34188369767872     
   187.73244826101123     
   183.57005835054116     
   179.78098852662859     
   175.64951561254421     
   171.96264375382907     
   168.50271209920538     
   165.12543509846788     
   161.48227287279093     
   158.20704486944902     
   155.07974147706099     
   151.93684883067684     
   149.05886421910299     
   145.95363428719065     
   143.04459201808399     
   140.11281698158899     
   137.52655660658064     
   134.80441898543319     
   132.27524683941152     
   129.52741673706285     
   127.08981282423389     
   124.55974881754048     
   122.12880711417431     
   119.85042942409382     
   117.53702363381335     
   115.29261098872092     
   113.08358407441983     
   111.01012738037201     
   108.92633975753702     
   106.81575211404662     
   104.76080354167047     
   102.73960637023816     
   100.76822817377138     
   98.909871790079038     
   97.039641785255355     
   95.259881647388667     
   93.465091347120989     
   1027.4193645964151     
   1005.6460339461082     
   982.38550000255145     
   958.65784632016312     
   931.04910024338983     
   903.17906365792510     
   873.37593420827397     
   845.24136742866699     
   816.17868958429744     
   787.13048118811901     
   759.97908217825488     
   736.11863860959147     
   710.90366874790311     
   687.25930880876501     
   665.92366546828816     
   643.53201048459869     
   626.52872554279247     
   607.23519467005542     
   589.50044151419411     
   571.11792578102154     
   555.71852735520702     
   542.45695656227031     
   526.49282685316768     
   511.96734373783283     
   497.29961781850858     
   482.82835925256791     
   468.49343261979385     
   455.19378117221481     
   443.27320375218125     
   430.37671171757881     
   419.20573570383897     
   407.96368784172836     
   396.88263502485842     
   386.54952193322754     
   375.72047002825627     
   365.16046730812099     
   355.36514541301563     
   346.76434956467875     
   337.81221947822843     
   328.62815580551222     
   320.19328362421368     
   312.72448024988353     
   304.66844199016492     
   295.94715193888419     
   289.06345653807620     
   282.92077085149828     
   275.65336154961062     
   268.85335497999210     
   262.47153311247757     
   256.38791136136348     
   249.90962893847836     
   244.16852381190859     
   238.45929354871947     
   233.23050850196728     
   227.87223863404921     
   222.59966277396728     
   217.62435698431005     
   212.73259008543755     
   208.29460522196320     
   203.78790282713990     
   199.42353609952934     
   195.17743390689998     
   190.99240721184154     
   186.68060512178101     
   182.96456717444329     
   178.96517694544528     
   175.12214934741510     
   171.37697864934418     
   168.12812887190722     
   164.86598788065785     
   161.37389264449223     
   158.16044121982370     
   155.14916659791928     
   151.94712560871918     
   148.61621312581747     
   145.78156379626688     
   142.87696368063249     
   140.13026333861760     
   137.40763704286556     
   134.57517602034022     
   131.81164481999451     
   129.42406470546348     
   126.87137513276804     
   124.36066090177060     
   121.90372781756069     
   119.40596176151412     
   117.08214256015890     
   114.83606850685614     
   112.66119113412653     
   110.35216383682042     
   108.15151835985624     
   106.10117751012282     
   104.12636442167900     
   102.17031209156471     
   100.32354812508169     
   98.547896874696619     
   96.637875841642625     
   94.779254180695304     
   92.992924300125594     
   91.283383612623595     
   1028.2434138106382     
   1010.8876112490454     
   988.37672764947047     
   960.26971642321155     
   928.32728963750583     
   896.48542120885827     
   864.83932127067715     
   832.88889304394775     
   800.48715438582121     
   773.83428099662115     
   746.71623971340841     
   719.99963774099945     
   695.04849320211088     
   673.25948372256551     
   651.39481271091063     
   630.56618021610598     
   610.11429387999829     
   593.22627089700654     
   576.89927140024156     
   560.50522132654839     
   544.09263631546992     
   529.02345448400843     
   514.30171558548568     
   500.08406767584211     
   485.65754572695289     
   472.28596964262402     
   459.83599176642673     
   445.98646126856153     
   433.93245161378917     
   422.78892898787956     
   410.12862343921108     
   399.21090533843335     
   387.23975195018238     
   377.99541489836020     
   368.46177935427596     
   358.63004130681350     
   349.41793986577488     
   340.30445534644235     
   330.69936643034669     
   321.55425135650728     
   313.73050613192532     
   306.05704992504025     
   298.31131742576190     
   290.45105825250289     
   283.63744479052320     
   276.55284159678587     
   270.13470467188694     
   263.47219995228539     
   256.29475164645373     
   250.27622665244894     
   243.91530243502615     
   238.64930115104337     
   233.13639378074299     
   227.76216628731586     
   222.42288651070214     
   217.56644591254886     
   212.80208698639615     
   207.87002410054771     
   203.24923892619668     
   198.74102433738767     
   193.98462999004849     
   189.81913030923218     
   185.89713663809152     
   181.99541836950377     
   178.08032358544904     
   174.49036561815544     
   170.73434514332462     
   167.55454770235548     
   164.26601318688733     
   160.76564326994810     
   157.15717696929016     
   153.89675353333087     
   150.80163703477595     
   147.80864856995836     
   144.98178590265917     
   142.13985082137606     
   139.14327284609780     
   136.27163168942712     
   133.50086566724730     
   130.96005995015915     
   128.45615315046544     
   125.95630389095848     
   123.35939342029661     
   120.93416317575048     
   118.57287047063461     
   116.35962094559861     
   114.30626337808663     
   112.09664799836395     
   109.92782161947827     
   107.82310461631457     
   105.86742644188317     
   103.92273425139027     
   101.88463132867479     
   99.932604712994603     
   98.099387946815568     
   96.292577457002707     
   94.384964806303572     
   92.609743649147404     
   90.894841672430204     
   89.164072885218530     
   1039.5714998758199     
   1019.7335652960971     
   993.68349944027636     
   963.62086421938193     
   926.32081854121270     
   892.45958349165141     
   856.74564708779906     
   824.06460389940833     
   788.57521733089629     
   757.84349454541211     
   730.38748195567030     
   705.36296989178811     
   679.21146019321429     
   657.82352294772397     
   638.30667193978275     
   615.99570564359522     
   596.45535377739918     
   579.13856283274606     
   562.15241608018982     
   545.47766416473121     
   528.44424344391916     
   511.52551741503288     
   496.38196276066941     
   482.91595376110251     
   468.02799957035074     
   457.31648498086071     
   443.53773171737595     
   431.58219827711787     
   418.99083914754209     
   407.27533701560742     
   396.38935567090698     
   385.16978484398669     
   375.04221089410123     
   364.63349800920321     
   354.28918060362940     
   345.34804995880728     
   337.38557010571935     
   328.24799948230060     
   319.10967954091564     
   311.08859347270811     
   302.66782906670841     
   295.60688039623727     
   288.06320040798823     
   281.27783821069426     
   273.89625808552086     
   266.43868306027025     
   260.04422895958135     
   253.50923345284190     
   247.66124670725083     
   241.25447739893394     
   235.79433806876611     
   230.22852783173153     
   225.42239962452066     
   220.09411302129763     
   214.82256357351767     
   209.62011246159821     
   204.09558910023145     
   199.84711881754978     
   195.74159053140099     
   191.77155325592017     
   187.41353773849303     
   183.42515224558514     
   178.87189595469007     
   174.81737494648115     
   171.29880528090277     
   167.60383289287219     
   163.98681118169270     
   160.26435744651286     
   157.26399210108315     
   153.73829624466697     
   150.41667533786529     
   147.53194591242118     
   144.47935731818086     
   141.43191483431707     
   138.78650213957854     
   135.71386413307073     
   132.71206572505127     
   130.36959482928961     
   127.73276086267609     
   125.39581390215943     
   122.97334198085157     
   120.16482521660370     
   117.78916974819558     
   115.48059876859604     
   113.00801009622468     
   110.82403054634329     
   108.69426109349081     
   106.54679860052804     
   104.42539056642650     
   102.60958476996139     
   100.57471091184749     
   98.733550548641816     
   96.709270411055627     
   94.809553088889544     
   92.983736103265585     
   91.273884034938035     
   89.567230427270317     
   87.886462097618136     
   86.215074821032815     
   84.604027742694569     
   1045.3450713848133     
   1026.7072538281475     
   997.87865549723801     
   961.95618265406108     
   920.87221494075493     
   883.38660845450966     
   845.47549052198519     
   807.43615587772410     
   771.74454502510821     
   741.96718688017847     
   713.50843265443677     
   687.31644842429046     
   663.71207511039722     
   643.53583757411627     
   623.07184765507839     
   601.47470983417384     
   581.22486387665504     
   563.08456439699978     
   545.57261381066110     
   528.67293178492082     
   514.30973707419389     
   498.83357381237238     
   482.87485678122971     
   467.83764873332751     
   454.98656112330326     
   441.48852450526891     
   427.79314273028848     
   414.50374408832465     
   403.62506107785703     
   391.16762202417050     
   380.31044017931538     
   369.82042278800441     
   361.31823759244173     
   352.09786096261263     
   343.29912436561608     
   334.14716050735666     
   326.03162389578608     
   316.16296392269527     
   307.38107131797466     
   298.80038634520440     
   290.16029024848808     
   282.59818061258613     
   274.93024587813835     
   268.66765618669501     
   262.12360409325612     
   256.02474372753915     
   249.95484054248283     
   244.07289911041170     
   238.52472808439498     
   232.68895107602575     
   226.46876132895611     
   221.19596290935891     
   216.02534698424083     
   210.40022948086565     
   205.79882690130015     
   201.16770139480755     
   196.59419200452112     
   192.07953304501942     
   187.52290547796713     
   184.26805565563379     
   180.18225130057959     
   175.97824285312407     
   172.25128992166810     
   168.41128565393458     
   165.12467036537012     
   161.84920998975019     
   157.68402944793937     
   154.30506340890003     
   151.01249092871871     
   147.48631112278022     
   144.62661950699604     
   141.42126779938408     
   138.69265841553457     
   135.56669129261761     
   132.61300651693935     
   129.62127017651136     
   127.15280009001262     
   124.92971562420581     
   122.22623188935046     
   119.66151460166543     
   117.49680911293122     
   115.02277782070470     
   112.77278032382466     
   110.64496132628919     
   108.75014347942093     
   106.71015119506092     
   104.64251574120831     
   102.75201400218045     
   100.76148185905132     
   98.693781902073709     
   96.944000189427584     
   95.140090814994764     
   93.431997963770641     
   91.636802145183765     
   89.951076349360022     
   88.205067413877799     
   86.681824829881279     
   85.058718466971442     
   83.592693094311898     
   81.997807188098591     
   1055.1823089128416     
   1031.2924604022319     
   996.17763851547898     
   952.52796766656866     
   907.01726514309485     
   864.84372485617700     
   820.01069444587915     
   782.82806568757087     
   751.66641792324583     
   721.31328514276652     
   692.26460326689039     
   667.66931499651650     
   643.33817483885832     
   617.62254082227923     
   596.42533589052482     
   580.22315059283392     
   560.24397820920831     
   543.30463923238437     
   526.64296274939966     
   511.19393467947805     
   496.65295819702374     
   480.44239882044684     
   466.32096185486455     
   450.37227408499956     
   437.63226749141904     
   422.71041614958420     
   410.12360804167474     
   398.92658485128334     
   388.32820861163538     
   376.24313152121601     
   365.24140048461584     
   355.17479138374438     
   345.88625004794073     
   335.71145582347356     
   326.30192201009970     
   317.98700699528524     
   309.08760713519700     
   302.15094454826817     
   293.66522465747130     
   288.22819563815415     
   279.68780803412017     
   272.70938871424198     
   265.16283411627177     
   257.70908033275799     
   251.06792218760341     
   243.83589225296356     
   237.26024474951282     
   232.38119072399172     
   226.64545141866506     
   221.14929117430376     
   214.41708023816145     
   210.06133404945709     
   205.03957706037110     
   200.52989261228677     
   196.24562340274213     
   191.22634342227587     
   186.73362626424722     
   182.65513804826165     
   178.79678642592722     
   175.00034026851284     
   170.68188187012439     
   166.89250923068903     
   163.02252427742656     
   159.40862732715703     
   155.87080762377659     
   152.54425388282974     
   149.52774369682308     
   146.44764770067013     
   143.39690903339829     
   140.14831976000593     
   137.02457908015319     
   134.49304560371365     
   131.99499168657613     
   128.97290016483362     
   126.58518133724850     
   124.08347327748561     
   121.31997018719326     
   118.92686551756765     
   116.79595636520295     
   114.78147665161580     
   112.05169944538895     
   109.77253305555823     
   107.62796197188337     
   105.53835757951352     
   103.45403782070029     
   101.43432162398750     
   99.526488224695214     
   97.624025560772054     
   95.591507596762625     
   93.931999563192079     
   92.087289740080692     
   90.303378034348057     
   88.522778340755039     
   86.876344216016079     
   85.260222093866119     
   83.634158904431658     
   82.076340536121393     
   80.569439454511155     
   79.113778187650865     
   77.681477667507096     
   1067.0071458391064     
   1039.1083319068016     
   998.33533032415039     
   945.40484193214706     
   893.57996691024141     
   843.92519410385307     
   799.71652323833518     
   758.68071729957796     
   722.42859178694368     
   694.19077913992317     
   669.63764689955019     
   646.93721072321603     
   623.28053692110211     
   597.33676096115823     
   576.34765609596730     
   554.45210657385246     
   534.89424770695712     
   519.48471542288223     
   502.40466933262559     
   483.91793957778123     
   470.03485664653954     
   455.95097518879913     
   443.31188965642747     
   429.01168948970746     
   414.55528442256139     
   401.92109128756584     
   388.97286849073782     
   378.36717589262014     
   366.34753517928846     
   355.36514606915637     
   344.31072788683628     
   335.51212497092786     
   326.45245572883539     
   316.18945523731384     
   308.24306294026132     
   300.00907075565891     
   291.68241813835880     
   285.34357485208523     
   277.60009137416125     
   270.56101488982608     
   262.91813183578290     
   255.87151920482066     
   248.63791016129602     
   241.93230035999693     
   235.48109812811379     
   228.99008736347926     
   224.34040070339833     
   217.80869571185639     
   212.32028514549600     
   207.84462563062149     
   202.87182743005425     
   198.03467083009770     
   193.85936392595963     
   188.82509249676065     
   184.21759498738385     
   180.36018424780485     
   176.61245324042656     
   173.08772517105209     
   168.28925449470890     
   165.90527524419633     
   162.15768742424356     
   157.97468275772061     
   154.84933981525040     
   151.21566968008528     
   147.34188403418199     
   144.75773812134000     
   141.51290254769930     
   138.35827874216523     
   135.33828989445854     
   132.69881860849199     
   130.61084264020366     
   128.01968048034175     
   125.45927372574624     
   122.82607941515761     
   120.46173904691213     
   117.93808801563314     
   115.42963470740857     
   113.18585697541025     
   110.52641411578695     
   108.28437883987201     
   106.21987332555969     
   104.25252757641618     
   102.04241833079092     
   99.904722764303457     
   98.019731679620151     
   96.251697786486602     
   94.378279451840200     
   92.611419167469506     
   90.761342939603963     
   88.944997517522637     
   87.232092075000736     
   85.557535775942284     
   84.113877387981134     
   82.636820676051570     
   81.058743061737829     
   79.483596436924117     
   77.952198968927220     
   76.452658708691501     
   75.123268653989214     
   73.805410347093314     
   1078.0098431519730     
   1040.7950583648576     
   987.60530281826993     
   927.19326553968710     
   870.34755717966152     
   815.66262851285012     
   772.25098654418093     
   733.24851043543572     
   699.50630159854995     
   668.95540104361316     
   635.62031113644275     
   610.99509210032784     
   592.89779710913115     
   567.60694260867808     
   545.30406136742783     
   528.65030817610057     
   508.76937389778391     
   491.62128636894255     
   476.53213604896541     
   460.21257974045557     
   442.44271555776896     
   428.00121191537170     
   413.91736622084960     
   401.25661196177833     
   390.89408301117606     
   376.89547557616072     
   366.29547241331545     
   353.86803577020686     
   344.57941082157106     
   335.35137365032699     
   324.21763736157084     
   315.32460441324776     
   303.51088148166826     
   292.15706521226514     
   285.22971333437857     
   276.63421900133636     
   269.83211023825072     
   264.62231893427042     
   257.79495330067965     
   251.15439083876058     
   243.90587668403123     
   236.59815735097132     
   232.03218965578569     
   224.06121827813092     
   217.80796708120639     
   212.85250561095626     
   206.16279579269042     
   203.16723998789894     
   196.50962012103153     
   192.18843863310587     
   188.25520454773530     
   183.10136538996346     
   179.92482918658101     
   175.69031362045823     
   171.74352422676012     
   168.27659758261123     
   163.29711255613432     
   160.47844887145195     
   157.75122738143895     
   154.25524570365903     
   150.63085687547724     
   147.72677624384559     
   143.92185895799381     
   142.00342522222030     
   138.65745364543207     
   135.25999614736790     
   132.62374311302935     
   130.44575594736534     
   126.58529946085355     
   124.36392283096771     
   122.20330181691985     
   119.61408065439369     
   117.49892504688519     
   115.11047776607944     
   112.65421072644504     
   110.18539629846281     
   108.08814779744553     
   106.14591104569648     
   104.26430517688698     
   102.00250844120656     
   99.567718755956776     
   97.683385946265986     
   95.747353539271387     
   94.105549870008758     
   92.073897092871164     
   90.683976264260082     
   88.987288309227068     
   87.026337967796607     
   85.628197834510118     
   84.042933599546714     
   82.583805668314142     
   80.923379750413332     
   79.499483881280383     
   78.011031659886896     
   76.402181016593076     
   74.957166868741865     
   73.648721511091779     
   72.700385288699763     
   71.479857256083335     
   70.015876299379116     
   1094.7645336210076     
   1044.8438939252160     
   977.13079311190199     
   905.64126188215664     
   845.01540637155904     
   788.70617975081802     
   743.13194473457452     
   699.85187230720885     
   666.83137547982869     
   634.09045436533529     
   607.51212857032397     
   581.41350812660369     
   558.25391285854721     
   540.54667464440934     
   516.55056969896759     
   499.84918957825170     
   480.07898285214060     
   464.47929411313430     
   447.50788065339054     
   432.17576295314160     
   416.93301971873063     
   400.47557665888121     
   388.56095481270023     
   378.64851865331764     
   363.87917110653882     
   354.55624924957505     
   341.19910353534397     
   330.44035656381840     
   321.83593607584828     
   314.45254579410414     
   304.21265360236328     
   295.36011657368442     
   285.33999990421404     
   276.09929533815995     
   269.76973954297273     
   262.42114332721712     
   252.09021809363725     
   247.72542516501366     
   240.11720273668135     
   235.52907622410288     
   226.14545708455552     
   220.27056558193868     
   214.48527425255131     
   208.61040707147811     
   204.39386910199602     
   199.49755915254559     
   195.79626781887197     
   190.25611176191535     
   186.11168828758534     
   181.25643099924503     
   177.04661658069179     
   172.01029595763475     
   167.87879916039935     
   164.11674760906942     
   161.47030547710574     
   158.33550477134557     
   153.94739876114062     
   150.03537032959201     
   146.59457738527306     
   143.35266773690643     
   139.66587981185745     
   135.27451513650058     
   133.26867652903519     
   130.32775440617817     
   127.40625237360669     
   125.00620852126198     
   123.33856507713141     
   121.00933055718689     
   118.06251684349255     
   114.96803736809039     
   112.55595956180873     
   110.01114541333121     
   107.75760958680787     
   105.51587256100444     
   102.97295519146439     
   101.72900633747274     
   99.205597350715578     
   97.247631581747726     
   95.516332096116415     
   93.632129121056508     
   91.863013710108390     
   90.685202339298669     
   88.886104582887299     
   87.263902949080432     
   85.231960679141324     
   83.491107460079519     
   81.966404822887853     
   80.558454208830710     
   79.008844933728213     
   77.633017355186510     
   76.163266987500521     
   74.705264202713835     
   73.562116126892278     
   71.967569371880103     
   70.743237725143871     
   69.684622323013855     
   68.415598518459021     
   67.418592098896937     
   66.020018846804049     
   64.795940501955585     
   1108.7663276798244     
   1045.4271760889578     
   967.70530248392140     
   889.68025347627213     
   820.93366683719705     
   763.97888305718050     
   713.74342790552282     
   674.88541484412008     
   637.51093257707032     
   606.36566482644957     
   579.03992992049461     
   548.49656797287923     
   528.73439805823739     
   509.05847626948167     
   489.07188309670062     
   472.72438209963076     
   453.26841498644023     
   434.65282542893658     
   418.03551446908932     
   407.58056510472562     
   392.54532039689633     
   378.36435038275391     
   366.72066003561633     
   355.68436309790872     
   341.14596494560692     
   331.46662264876409     
   319.91758180984294     
   309.87607904708460     
   299.74464255983793     
   293.90203041095526     
   282.09868021237600     
   277.81790543096076     
   265.56972999744590     
   256.48373369747628     
   250.97863648848457     
   243.65421529846526     
   235.79141034944465     
   230.18636177719605     
   222.70859202279760     
   219.75821737476531     
   215.24809238367723     
   206.52699402069280     
   201.91292236849631     
   197.08805429661666     
   190.84077135894165     
   187.00323395646811     
   182.76170937621612     
   179.29672856584398     
   174.66576258222500     
   168.88603257746399     
   164.18090350757490     
   160.66825784830985     
   155.66684638014172     
   153.12578272418173     
   149.52942131333299     
   146.40304137354198     
   145.39456421209010     
   142.25263000669659     
   137.94254431408939     
   135.12380814282292     
   132.37106181469485     
   128.52030876213379     
   125.51919022395495     
   123.79064413739196     
   121.48958969958358     
   118.98818443283122     
   116.88444983076693     
   114.42656782708734     
   111.36763508970770     
   109.47755645959585     
   107.75043068008858     
   105.06769083072160     
   103.17551138305821     
   101.19545416210823     
   98.834806078423355     
   95.975505792589573     
   93.903133164276710     
   92.065531991700880     
   90.761645335112561     
   88.616202470123369     
   87.124714479221765     
   85.387157834598042     
   83.581435986920241     
   82.843391223124968     
   81.179978799258748     
   79.585405131837632     
   78.098034544599415     
   76.345987443839334     
   74.710066614364223     
   73.633464704114942     
   71.895399967244330     
   70.595003688953852     
   69.534720024730433     
   67.795667659917243     
   66.734305470349483     
   65.562689576625303     
   64.510074552929822     
   63.026643104446030     
   61.972043144858887     
   60.981696073296099     
   1126.8247528410950     
   1054.3647860565586     
   959.97805991793814     
   879.44150115056527     
   801.08612826936633     
   741.35322424549713     
   695.57250577691411     
   649.54306608946365     
   618.75679156957881     
   583.49945306609095     
   554.37026887351669     
   528.64362004426721     
   507.99733110489444     
   485.22354003555142     
   463.15377012520952     
   448.23420539747320     
   426.02569867424404     
   414.96917599147923     
   400.27280674904608     
   385.72742944953609     
   372.95434916744910     
   358.60510475145713     
   345.12242210443816     
   330.11863341864841     
   320.70516458411123     
   311.76578522974285     
   305.79066082950277     
   293.87681519546697     
   283.49475944288133     
   273.69270589014633     
   265.40651151270163     
   258.13633860027801     
   252.87200201427783     
   245.70546730627851     
   236.92789173324496     
   229.76915645323919     
   224.10208296116716     
   218.35261437451049     
   212.17674056452350     
   205.48175932303496     
   200.62834973586365     
   190.95228462148941     
   189.69586659807189     
   184.28810660474070     
   177.76646258082775     
   177.85343642024640     
   171.74042366517415     
   168.10919652941575     
   165.18162631654519     
   160.32005220178752     
   155.59975365250662     
   151.68542394953073     
   148.13455642109159     
   146.12825763855921     
   142.57893283428916     
   137.51232431303163     
   134.49451112851330     
   132.31755137586563     
   130.30616297860394     
   126.71338276082184     
   125.18429505728218     
   121.34833555210025     
   119.11709993521794     
   117.26380561887630     
   114.27137677399836     
   110.78521964256632     
   108.97743257818617     
   106.63591761360310     
   102.27060741398320     
   99.791912056155567     
   97.787262092210227     
   95.466352619978124     
   94.594509856943660     
   93.432795392663294     
   91.844234365418700     
   91.106160950292704     
   88.664323520511942     
   87.108051267278029     
   85.964063037836326     
   84.048777102644749     
   82.288840663181574     
   79.886844566644257     
   78.816977258691310     
   77.349733672356834     
   76.260915711711050     
   74.968652732970995     
   73.320270212315620     
   71.612466647054887     
   70.405995004191780     
   69.145751530015247     
   68.030651988763168     
   67.175243766043437     
   66.356491266884547     
   65.409642062835147     
   64.401154084048599     
   63.429047105796840     
   61.870998658896390     
   61.058569562508147     
   60.226014979446674     
   58.688625378632295     
   1147.3500967638233     
   1058.8381741242561     
   957.05392936871692     
   868.87205845000335     
   787.21648506947531     
   729.04440412411952     
   677.59475233711771     
   628.94903116530941     
   594.93590823171212     
   565.05759817952742     
   533.38750925673571     
   511.90768687624762     
   488.59528923699912     
   462.90951615042462     
   448.43109759414341     
   430.45638424996946     
   411.07701001382691     
   395.87293000777925     
   387.17793033961277     
   373.78567498788379     
   355.62600826312377     
   339.26217129271686     
   328.80195851840659     
   320.17233112097313     
   309.30231921850452     
   300.24954233298183     
   292.98307612496637     
   277.52377472732383     
   270.49248499531757     
   261.43419697012285     
   252.80255125706657     
   249.23149829019883     
   244.02531403362306     
   236.36723241833121     
   226.66118935283288     
   222.82777296560357     
   217.21535632149556     
   207.14539717833577     
   203.79255445474675     
   198.78121928820804     
   194.99748234656460     
   184.94133247006621     
   181.60557115257458     
   175.81322536486510     
   171.34047549530860     
   168.42584859574532     
   164.71258570463951     
   163.38251787705588     
   157.49857272696630     
   154.16891280220241     
   148.21481769104454     
   145.85323310859567     
   140.15891731835956     
   136.93630248352054     
   136.53668290404096     
   132.25536548146255     
   129.00644191939779     
   125.92129000721592     
   122.30223564060239     
   120.43899039234273     
   117.73675849955781     
   115.06293876453451     
   112.77934805901695     
   110.36202507246618     
   108.03304096228922     
   105.85682374804439     
   103.95112439408290     
   102.86327792612192     
   99.473990516634558     
   96.772738466455223     
   94.624686348361521     
   92.088803730374764     
   89.737252625731202     
   89.000426774482406     
   88.054500509933646     
   85.804624162561126     
   83.482935958420796     
   82.201110138056350     
   80.994528159920264     
   79.884076458175741     
   77.994587469675935     
   76.006851744599771     
   74.257666200582349     
   72.888793702396612     
   71.818680502908478     
   70.578922171041597     
   68.815339852026668     
   67.902116602703302     
   66.426697982561080     
   65.665508206848713     
   63.889663533226759     
   62.390457204266369     
   60.771143853159636     
   59.981029579434072     
   59.666546343630401     
   58.665531785814984     
   58.144415180708208     
   56.825466217731169     
   55.967727779588358     
   54.990781326736027     
   1161.7733679326616     
   1067.5717925511071     
   953.68956406480061     
   860.10140818600109     
   781.68762172355855     
   718.24558571733417     
   663.46753372749424     
   614.81025762318200     
   581.17440343791156     
   550.19616446997964     
   523.78366013652430     
   499.54803103619543     
   475.30536180676353     
   449.60460776711022     
   436.38191696268717     
   413.45668657578329     
   398.65302725536543     
   387.76160672602299     
   372.66174442731187     
   358.84144274960659     
   344.26943774831756     
   331.14775725180721     
   319.07733139330810     
   305.47353651702105     
   303.70439678786215     
   290.89256870908616     
   286.04288818083654     
   275.08217081056182     
   262.06344163894499     
   253.95544653063399     
   245.66375740180052     
   242.08189957679352     
   233.61923244483245     
   226.90017473413630     
   224.86797962741386     
   215.40320115777141     
   209.73071716066633     
   200.25186271998751     
   198.35676857454462     
   194.82535738815329     
   190.01272639142115     
   182.63281086461723     
   176.22310295170487     
   173.21051829163366     
   167.79928651158295     
   165.73352204215527     
   161.81096675619935     
   155.44683566794063     
   151.79683067548606     
   149.56971545036581     
   144.33928053551654     
   139.33396643695752     
   135.23886634616463     
   134.85102198720716     
   132.48183094446694     
   129.44585241482957     
   125.17414608247375     
   123.68206523708328     
   120.20792934873901     
   117.51572875002908     
   113.29694301305304     
   110.20311962469133     
   109.64723783405873     
   106.32274319853036     
   105.87266417973552     
   103.38358946781587     
   100.71953371408372     
   97.367152644857654     
   94.988329755533854     
   91.766567937243281     
   90.842061948935637     
   89.733900953442799     
   88.238669077629396     
   85.853944745956312     
   83.771650165708493     
   82.040007398040103     
   81.137377555073570     
   79.066485223021857     
   78.169065422841740     
   76.103335455448914     
   74.960222467334972     
   73.531761661326399     
   72.894802710312362     
   71.677219901411291     
   70.031152145503469     
   69.212150414514625     
   66.988644929225842     
   64.925893461094276     
   64.111004364886327     
   62.951712371862129     
   61.963816091225283     
   60.636904850714487     
   60.382781131814156     
   59.392516198669341     
   58.041395236916131     
   56.626728702765860     
   55.398041231678050     
   54.628360473238246     
   53.521408176328009     
   52.549482412166441     
   1182.7167654570087     
   1073.8325802426464     
   953.16336417407274     
   858.26860271707096     
   775.80908280703011     
   716.25057048827819     
   658.32678795900949     
   611.32902053821419     
   576.01486187836133     
   544.85338439956445     
   514.10111824226522     
   492.14187313216905     
   468.89267936765253     
   441.50856957377135     
   428.55716077652124     
   407.99824980673162     
   391.33445580666768     
   379.78644969452569     
   368.03817506430914     
   352.38458880933666     
   339.65315230017069     
   330.32200037090848     
   315.26311656635067     
   301.76154935600078     
   297.32905729966461     
   283.00739254094606     
   277.71175824084321     
   267.70852774004879     
   257.88547744947778     
   248.86624472962785     
   243.67179677503256     
   236.34190630218529     
   227.17540465035984     
   223.36526266054040     
   217.85163222226942     
   208.03222660555207     
   204.57929291725534     
   200.62200017874801     
   195.86724119939805     
   189.96755498502131     
   181.27841720476903     
   177.99698760879076     
   171.68461350430670     
   167.25569145331716     
   164.74374922122621     
   163.52418999502461     
   158.89241823101821     
   153.80151919654696     
   147.37813913699705     
   144.79951884671524     
   141.85631711933581     
   136.86726334473664     
   132.12636432418120     
   129.38847354848892     
   128.41723071872460     
   126.50787709306559     
   123.25933977886886     
   121.32951853214932     
   118.97917673592659     
   114.29446715726581     
   112.68745621588914     
   110.69002587901252     
   108.43401803483066     
   105.69600658848620     
   102.82451587803124     
   99.879355955289697     
   96.936214073011953     
   95.787391338361886     
   94.318575748481337     
   91.497546179207092     
   87.331672167946124     
   85.700192714419558     
   85.308537992339652     
   83.339767420570467     
   82.721382677000506     
   81.347682875727855     
   80.005023316837921     
   78.521430780992674     
   77.102277501325602     
   75.964552035921102     
   73.749682176118114     
   72.690698770758729     
   71.281296571327786     
   69.754022392943796     
   68.638436818988779     
   67.119112003800709     
   66.476943479234919     
   65.164505526087083     
   64.324702621266169     
   62.798581193511481     
   61.696709116837852     
   59.969715341052471     
   59.794840624186627     
   58.746885804115671     
   57.183942066219750     
   55.751872534698762     
   55.117588239471552     
   53.475932358080790     
   52.801968425986189     
   52.037881172276670     
   1192.3193943712063     
   1080.3301077492051     
   962.54963171284237     
   857.18411946884942     
   782.30521324942970     
   715.74110739760670     
   656.03181018391433     
   605.33850972962910     
   570.86699137473443     
   537.43323845285909     
   506.41004110211327     
   487.82988925952020     
   457.57029972299466     
   441.84535755117162     
   421.30471507985067     
   402.15711836239774     
   389.63156301738996     
   374.95112089720823     
   362.36396900426206     
   347.82569500743261     
   336.86963376941679     
   329.24046791133492     
   312.40430326027274     
   299.56449047775942     
   293.74078903231811     
   280.07794880704063     
   274.36414186622449     
   265.50988555044120     
   254.19282387045649     
   249.21095310497535     
   239.12653656565439     
   235.66420786101327     
   226.83084942267243     
   220.25391756327178     
   213.67372594725651     
   208.83426139552466     
   202.11178568039324     
   201.19015301508509     
   190.69190966591850     
   187.37616814516963     
   182.09710771307809     
   179.26057769384363     
   169.04056073240611     
   166.83374280481999     
   162.48674430348109     
   160.81163213440755     
   153.80853554763513     
   150.74344693182525     
   144.30599434023185     
   141.22808694256324     
   137.94726808634090     
   133.41531184597989     
   131.17210795694473     
   128.78594217835419     
   126.49753306420601     
   120.71100697330461     
   119.66487890468966     
   119.23594978653554     
   116.60058583039336     
   112.68549072317825     
   110.48898908779552     
   108.15116672605920     
   105.30359369784790     
   102.66727086607069     
   103.55123949822790     
   99.737907540038123     
   97.736130218500591     
   95.719049767136909     
   91.958120513575281     
   91.803357187607077     
   89.202776785037173     
   88.191524563178859     
   82.849342532839700     
   83.301488352630315     
   81.716026341078035     
   79.689220589678698     
   79.001888531732163     
   77.042829826250212     
   76.306129679458508     
   74.528712597728500     
   73.884187431001266     
   72.120143060904738     
   69.330697811643446     
   68.235159920499996     
   66.137508340246001     
   64.581451193706314     
   63.486234001000838     
   61.305918404060137     
   60.748009029499208     
   59.916562678213850     
   59.920311038758335     
   59.424430048651239     
   57.736158751526006     
   56.292083814600630     
   55.276109274802465     
   54.107475945368911     
   53.774014439898792     
   52.791684053367689     
   51.795047977961701     
   50.599854696563128     
   1198.3617326044971     
   1081.6750027937489     
   966.12765945800675     
   860.07616011978303     
   780.88973707576201     
   719.53065930155185     
   652.45521624681714     
   607.26388763166506     
   569.65825372771644     
   537.11949328869173     
   506.30086796996767     
   488.23562444191856     
   456.90437945934201     
   438.00377891398199     
   419.49456942730200     
   406.17526912606360     
   388.36071372734875     
   372.14484753759979     
   362.68758641708098     
   345.24254957710821     
   332.03071848960371     
   321.63733238193419     
   313.00669899107015     
   301.07972726396554     
   286.36201506876694     
   275.54880215879518     
   270.74292306631503     
   264.76316841888405     
   255.03756198730832     
   249.01677724677290     
   241.90046902496431     
   234.44880222526146     
   222.93485408648837     
   217.65562100554521     
   211.83054416239713     
   206.86830852142052     
   198.04490172106756     
   199.68205658343280     
   191.31712314043500     
   186.70650064573175     
   181.96499240365014     
   176.17731561400433     
   169.59022157709398     
   165.31970218478901     
   158.99880976620875     
   158.39576501539779     
   153.21152935554468     
   149.35214656862087     
   142.78196950283836     
   140.63906902536348     
   136.98202584327970     
   132.84264871751748     
   129.70899710882080     
   128.31784698580742     
   125.44306672321426     
   117.89342003301496     
   119.92162135848648     
   118.78114426203675     
   114.26526818630688     
   111.40544817254559     
   109.42795835434733     
   106.29192127856999     
   105.52816324068804     
   102.89462411160552     
   101.86148107104700     
   97.851283961060744     
   95.447340580157672     
   94.275217112968818     
   91.812105798728112     
   89.074756951051427     
   88.237259770753084     
   87.876288223782780     
   84.389599324024090     
   80.973285828682776     
   80.398481613653487     
   79.461755872299548     
   76.998275299105885     
   74.851157979861455     
   76.572485117484845     
   74.493089247929930     
   72.480525081018385     
   70.990335274751288     
   69.492924986788950     
   67.509960802042244     
   66.085428800307483     
   64.806779249257261     
   63.589147223364144     
   63.006966811791465     
   62.031171455218583     
   61.644919756154358     
   59.736563447155518     
   58.886894319329784     
   56.860818708852392     
   56.780434010688367     
   55.964608604054128     
   54.872911570639516     
   53.831308500451854     
   52.833393971773930     
   51.358795983144645     
   50.281735649146547     
   1205.0958870511854     
   1086.9125305243460     
   966.82433608246265     
   863.72318053360846     
   777.34544039684727     
   716.08353222173764     
   651.16109098123491     
   603.04996523555872     
   566.19686598905787     
   535.38404426468810     
   509.04641012533898     
   487.02013212398509     
   465.04963593610404     
   436.81142146931313     
   422.43527611891051     
   398.74920085660506     
   381.63967187954972     
   373.01407313098599     
   359.47961950448342     
   347.45597896556853     
   335.31223669221532     
   322.69034343029261     
   312.66455970955576     
   303.11310682728589     
   285.54104646461150     
   274.97556785423075     
   272.06005314711467     
   263.11178305653999     
   253.92955500070411     
   248.79028633556496     
   244.05146623783563     
   236.81429452252920     
   226.03046891641981     
   218.79759124657420     
   210.75198015665853     
   200.55523938311768     
   199.87979923480199     
   200.11801491158806     
   191.57780447451415     
   184.17174447412816     
   178.94922650087312     
   174.18053590515487     
   166.70456411486941     
   165.58690312283417     
   160.83499867828831     
   157.56639815965531     
   153.19437670159442     
   149.23342800980566     
   141.72013469074540     
   138.90626597164186     
   135.56365485935129     
   132.34311177295515     
   129.29318364132001     
   124.06429614049226     
   121.66020150548847     
   120.20091352573468     
   120.22566343445835     
   116.24231097652975     
   114.05918507967306     
   109.72318466333880     
   110.12822714726076     
   107.25658810034923     
   104.08120743496849     
   100.38419352589754     
   100.60592204398925     
   96.812151708913973     
   94.353090627485017     
   93.673639329389545     
   91.935974822438624     
   88.638251426891571     
   87.369890297571857     
   85.448155013095388     
   84.195588733071759     
   81.936020412709439     
   82.247959160589602     
   80.865941205534000     
   78.172332004828107     
   76.337608214963907     
   74.195336652516559     
   73.139741802298474     
   72.036009206844881     
   69.887363643481336     
   69.292549834193366     
   67.651529241705802     
   65.400298269660240     
   65.140506280816325     
   63.949714171084032     
   63.393507979636766     
   61.548531539490945     
   59.979465004660135     
   58.736637742958045     
   58.614354433010817     
   57.862122607403073     
   56.377614227361065     
   55.346633291621288     
   54.205363281344006     
   53.021146372079876     
   52.936644816514089     
   52.330217159264478     
   50.581013428145077     
