           1
        3200
           1
   1021.2930424429222     
   963.08561179180685     
   918.74635710373457     
   885.67218325908038     
   856.17116315374585     
   832.23779831057800     
   809.66249018412213     
   788.03276967735803     
   766.85185679801975     
   747.01212284512815     
   727.50019752572427     
   710.57147231928809     
   692.68315310915591     
   675.96486225544481     
   658.76797393049515     
   640.84275763945823     
   622.70634031627731     
   606.88057265381508     
   590.78651441633997     
   573.41491543337190     
   556.33213063411222     
   540.19880736978655     
   523.92773875476189     
   508.76051451560926     
   494.08581320995643     
   478.18427271240216     
   463.86825087606451     
   449.86601004371346     
   436.58608273708137     
   424.68521517634156     
   412.98696077361717     
   401.59819692488537     
   389.89571904022034     
   379.27132101780950     
   368.53921396937466     
   358.42773437306045     
   349.33712669660270     
   340.79173944009216     
   331.63481074331241     
   322.80586827126547     
   314.82889965831680     
   306.40141324450815     
   298.78711889277832     
   291.16458651959738     
   284.49908318211561     
   277.67657189160502     
   270.58421056161689     
   264.21382075239376     
   258.60619413803698     
   252.57806333105879     
   246.67684393621082     
   241.30805835222355     
   235.36114495192157     
   229.68511557424731     
   224.74303253190345     
   219.89484242664565     
   214.64635126625058     
   210.05314067144315     
   205.47244953966282     
   201.08374883946570     
   196.93502129279003     
   192.71376347053339     
   188.67981502236881     
   184.74435201599371     
   180.96188452378186     
   177.08450394822810     
   173.25587380504936     
   169.57365240626331     
   165.98430073730887     
   162.53336421233803     
   158.93177378171382     
   155.67424938955111     
   152.34961455025461     
   149.18642310162349     
   146.22438796410165     
   143.19875148998378     
   140.24087742332708     
   137.29619424802863     
   134.54866461749626     
   131.78690044315542     
   128.95463788565283     
   126.18659289471131     
   123.59220517460956     
   121.09571248930320     
   118.38088812944537     
   115.86204558086959     
   113.37202694422344     
   111.08792610539066     
   108.74306331253257     
   106.48053841681352     
   104.24673414631170     
   102.04057981872137     
   99.800207576632047     
   97.672050422006208     
   95.516434479651224     
   93.402966940733450     
   91.394285780141431     
   89.501971790067643     
   87.620764979611465     
   85.641026736902774     
   1041.6078994496452     
   1005.8428195367906     
   959.55902257270009     
   918.38278659043067     
   885.43089870751771     
   858.89541165582500     
   834.85036571209605     
   809.83661940155912     
   787.95040586821028     
   767.15218314257095     
   746.84758535857964     
   727.38938557122697     
   706.16139010963252     
   687.18431830987981     
   668.53323837554240     
   649.76891227938177     
   632.11826153240372     
   612.28748691995338     
   594.32689308220961     
   576.47095420180403     
   559.38229202717093     
   542.36445010449359     
   526.36879168175358     
   511.74901756994598     
   495.79999232389969     
   481.23215736385259     
   465.98326337504506     
   451.95902017490505     
   439.17246063104716     
   427.48111885119567     
   415.55464648742253     
   404.18896710056526     
   392.07685377127302     
   381.10070956833351     
   371.11637760355251     
   361.60057989309496     
   352.71260433081522     
   342.62552677779104     
   333.52342770874793     
   324.65694225487715     
   317.31286589001706     
   308.90249653714699     
   301.20878963048784     
   293.81500949718998     
   286.57967739145295     
   279.82905558929394     
   272.79218543103087     
   266.22051495355919     
   260.28867098307745     
   254.39367858232390     
   247.72479034662575     
   241.94771537872253     
   236.89698913984068     
   231.46740752663169     
   226.34921258843832     
   221.19150526218291     
   215.88273250347947     
   211.45159871066102     
   206.75772874523693     
   202.13053979234888     
   197.58747391455717     
   193.05645720608868     
   189.16145819390249     
   184.85802002912521     
   180.82769621069639     
   176.51039263938299     
   172.84298217008583     
   169.32807188729598     
   165.69678158372307     
   162.12536104450231     
   158.48034414455191     
   155.24629706264994     
   151.93953918856096     
   148.26121047587765     
   145.07600000431856     
   142.07238371880655     
   138.74064900203655     
   135.63139524285236     
   132.67681655555000     
   129.67131897731008     
   126.86836303055131     
   124.03211132765901     
   121.45874293458633     
   118.77517882194172     
   116.17563243537892     
   113.47414020075654     
   110.98249257387235     
   108.54816521176451     
   106.16711091258065     
   103.64385555519948     
   101.26409080948821     
   99.041088351949782     
   96.751932729668624     
   94.546671268740141     
   92.302075386346488     
   90.200965614947279     
   88.067798506423060     
   86.043341747043627     
   84.036673769121975     
   81.918316533053499     
   1045.6655421745702     
   1008.7636240043249     
   975.19225104762779     
   942.63985322902556     
   910.53270501585712     
   878.94654675204697     
   850.00373412876058     
   825.44511612109613     
   802.59226823685935     
   779.54614137211320     
   755.89615358874744     
   733.99703926611221     
   714.18362514559044     
   695.77713642869639     
   674.33312165549830     
   654.01779246894296     
   634.17263497496845     
   614.31970430345052     
   596.51615525694547     
   577.21936302289237     
   558.27834414970948     
   541.20352109388591     
   524.38298810157664     
   507.96828129856260     
   493.07498578402891     
   479.09943930708988     
   466.10360444264268     
   451.54627662496216     
   439.40912680640156     
   426.43568217438053     
   414.65329873996973     
   402.92959921468434     
   391.93331258557464     
   381.56972978675566     
   371.78932783247183     
   362.18503878617742     
   353.08788261201533     
   342.93111907407695     
   333.31877520098823     
   325.24105792639455     
   317.06856650133182     
   309.04027055884654     
   301.84012029558664     
   293.85175601226280     
   286.71529850541845     
   279.15825058844041     
   272.09649982406847     
   265.50598768060235     
   259.28723166282776     
   253.32736824181654     
   247.14232341220492     
   241.36996848814726     
   235.59326813870553     
   230.36947198567702     
   225.08177996326364     
   219.76561843960820     
   214.88865531597071     
   210.08870563647992     
   205.23965352590454     
   200.71092707177738     
   196.15193577743858     
   191.89399444245959     
   187.32074444548078     
   182.89091617118112     
   178.80028788881648     
   174.61024772024192     
   170.74764476728035     
   166.88353481967607     
   162.87998087938453     
   159.23435757037174     
   155.67918223421523     
   152.20590995313952     
   148.64698944024593     
   145.15425382441393     
   141.75784705678802     
   138.66383333871849     
   135.21194522211428     
   132.29235077462954     
   129.39787827337190     
   126.33225759747062     
   123.16394367821295     
   120.20814649073358     
   117.29557427597656     
   114.60724574117249     
   111.98098324574570     
   109.16038450230803     
   106.55208454265886     
   104.06319921903210     
   101.51703105920151     
   99.025576515279454     
   96.592068084954107     
   94.190204049486056     
   91.937685370676888     
   89.648426547728690     
   87.510470624612694     
   85.313176220494768     
   83.319164948364858     
   81.108186699756345     
   79.134462395791246     
   77.160904966779782     
   1048.8412707731477     
   1013.6389879127936     
   982.82655652611970     
   956.55156894357401     
   926.98694674807439     
   896.10533424219921     
   868.34295567480012     
   840.13325801822430     
   812.53765706737045     
   788.24514650446031     
   765.51980959483149     
   743.44157295589082     
   720.67398696637179     
   697.74836223924297     
   676.60898831684392     
   654.64048070536012     
   633.16367084878630     
   613.02871016597987     
   592.97944446971496     
   574.50980894163911     
   557.78006837028420     
   541.07973196791113     
   524.40846615252963     
   509.72253305276467     
   494.67354674500183     
   481.44296806211651     
   467.54555678969859     
   454.09685017623167     
   440.52552268279209     
   427.95786973892302     
   416.36993716102154     
   404.51910807412798     
   393.27736749688654     
   381.68788125843844     
   370.61011444294394     
   361.20777991406021     
   351.62453889865731     
   341.44924589520497     
   332.30765896201626     
   323.44341392640513     
   315.33865167706858     
   307.26260775197045     
   299.15537712170044     
   292.20307172038963     
   285.37923436972841     
   278.46979711843892     
   271.32850358428482     
   265.34460641671637     
   258.67901009726762     
   252.30450793735545     
   246.29271512893905     
   240.15430857498853     
   234.53156945827794     
   228.79098040651095     
   223.58919955558287     
   218.20756751807735     
   213.45839169885855     
   208.33774916105577     
   203.42763466667333     
   198.44463175777400     
   193.60024573900162     
   188.64917955810870     
   184.45844779376995     
   180.13888959850306     
   175.62696154472587     
   171.68267048685908     
   167.36315418901412     
   163.57777323468372     
   159.49852658558058     
   155.66851730065079     
   151.51247313734555     
   147.83753229977194     
   144.21669013420029     
   140.59601846949377     
   136.96160138663186     
   133.32073000324260     
   130.28047651980177     
   127.02332223017891     
   123.85695597825116     
   120.91228703936727     
   117.62916272891201     
   114.59684480105807     
   111.71499913219769     
   108.68231669568615     
   105.98629769325930     
   103.17613596384773     
   100.35283237448166     
   97.855612408525175     
   95.460651710884790     
   92.809294756349232     
   90.335878764636533     
   88.017924204540392     
   85.692832572607855     
   83.339184007684011     
   81.119609752232279     
   78.911248242391736     
   76.951541173874887     
   74.748668699054178     
   72.651269015708976     
   70.653226026707983     
   1056.3847832477431     
   1020.2444005340544     
   989.12251922554276     
   960.99619551567230     
   936.01381433929851     
   909.76959521867582     
   881.58272583700023     
   851.35027879100414     
   824.36718129626161     
   800.15527803828832     
   772.87940996534496     
   746.33712920669745     
   721.44366950452400     
   696.75211100953038     
   673.63815242953501     
   652.58633633445129     
   631.73991014472699     
   612.45947877868912     
   592.15957003689152     
   574.09667589859123     
   556.28083866269981     
   538.53727249050871     
   523.45421561282410     
   507.30812359600969     
   491.70422728936364     
   476.34512969624325     
   463.13737115258300     
   450.13297962662409     
   437.34582339925470     
   424.40547263824578     
   412.90814918810264     
   401.60661315994059     
   390.89773708062148     
   379.21445179030189     
   369.11639754319037     
   359.87556174710704     
   350.86690112607084     
   341.36710961979605     
   332.18697416110524     
   323.42508467265668     
   315.72202397613080     
   306.82998607677473     
   298.42866187667966     
   290.60830357646313     
   283.08687522502134     
   275.41045559605982     
   268.95569289440556     
   262.07000973462385     
   254.78290214141759     
   248.29231012625672     
   242.21471243192644     
   236.11775373383335     
   230.37788009396195     
   224.39329385602576     
   218.74735123624373     
   213.12050769643142     
   207.41136504642014     
   202.08646461676247     
   197.02053318807583     
   191.89959059291985     
   186.78279056734374     
   181.71946977660829     
   177.36790432945958     
   172.64662854014324     
   168.50205350766220     
   164.30335987411385     
   159.67076121941318     
   155.81591772082976     
   151.99682922645698     
   147.91355622924328     
   143.66695968790705     
   139.96154204833152     
   135.95324548623688     
   132.30190966974371     
   128.87001747044528     
   125.53650291200663     
   121.92119594928067     
   118.51037730931318     
   114.99072345004558     
   111.88255767962889     
   109.07794663663401     
   106.04018736029863     
   103.08065639321066     
   100.36308375317068     
   97.531950010016956     
   94.671211644610921     
   91.812312182441318     
   88.867026122705155     
   86.368898432165736     
   83.864302527112230     
   81.628074606253264     
   79.282534466050535     
   77.239809323061635     
   75.291176112222161     
   73.281842708395772     
   71.176288359263168     
   69.168433415081694     
   67.097523614344496     
   65.179382234897730     
   63.432991154788617     
   1063.9890836112559     
   1025.2763570166123     
   992.06490818069756     
   965.46379767333588     
   936.98136173816533     
   910.47403037605022     
   884.46097525698087     
   857.81455047977374     
   830.84091890055652     
   801.99292697073213     
   774.81424870822116     
   747.92925883794760     
   722.24866493263926     
   695.59550230160880     
   671.31227799720864     
   648.75241400148798     
   626.74487652407970     
   606.81803955942792     
   586.61098858448088     
   568.87369186654303     
   553.32439633232411     
   536.77873239406802     
   521.53181555804997     
   507.27351031641621     
   490.79688132241085     
   477.06031232089686     
   463.46668408342117     
   449.96183394695282     
   437.10318229284974     
   424.33807868304189     
   411.09094969877032     
   400.46027649532465     
   389.28844398479760     
   378.42280452040052     
   367.17464929832857     
   357.92304786644473     
   347.48240915089053     
   337.97548424014241     
   328.45194668740976     
   319.31602352274365     
   310.44257809339365     
   302.64297936508331     
   294.18433195471493     
   285.85236291630940     
   278.06911403173018     
   270.48754965112340     
   263.36032668305904     
   256.57738935430535     
   249.32448949201927     
   242.09029549938265     
   235.49973241219396     
   228.89058362873743     
   222.15639446323706     
   215.95213872822001     
   209.54269043924157     
   204.20701206173663     
   198.32397904285997     
   192.87918240359517     
   187.39684933760265     
   182.41900582760334     
   177.31808902146838     
   172.14333530581632     
   167.33848045141065     
   162.46939836988659     
   157.86787404419741     
   153.44136824772718     
   149.13500501212158     
   144.25216033585198     
   140.28872152862442     
   136.36980733282550     
   132.51836042028594     
   128.77763241703946     
   124.73501444232784     
   120.64081834335948     
   117.00733280759241     
   113.69800994544008     
   110.51544109795920     
   107.33429656301411     
   104.14109725600424     
   101.01787813207866     
   98.548688439763225     
   95.270786742142008     
   92.355407747678754     
   89.695776192267743     
   87.109532017658864     
   84.225670117420108     
   81.930196486052921     
   79.589069949703713     
   76.767381915336074     
   74.307565277373058     
   72.351153301139618     
   70.251388276907250     
   68.047728703385516     
   66.512084375729557     
   64.488732018195421     
   62.838763710381521     
   61.261256779229782     
   59.589584470200961     
   57.731303023626232     
   55.894469759501099     
   1067.1089033879896     
   1025.0069048999451     
   998.36406575659498     
   970.60127834750597     
   940.75249912576965     
   911.82888794886389     
   884.32863903236284     
   859.09263711791050     
   830.11349396713240     
   800.05854230874218     
   771.57096851691517     
   741.70027231634992     
   715.23959896534905     
   689.30930351967811     
   667.77830732713426     
   646.14848943178345     
   625.37048835018618     
   605.05137422727773     
   584.87153034920561     
   566.40279719183854     
   547.79995602011184     
   532.92749580077009     
   517.13114783377125     
   500.25986817055559     
   485.98163047381809     
   471.33030615166837     
   456.68545622482463     
   443.93533864376872     
   430.41609158572032     
   418.35323451097184     
   406.45638868177446     
   393.73791430226754     
   382.30287031950678     
   371.06132390714276     
   360.32735123527090     
   349.86473187338657     
   339.55949975860779     
   329.17204647188123     
   320.20395891345100     
   310.37594623342176     
   302.17267551756908     
   293.68027477862427     
   284.28081271811226     
   275.40776927276579     
   267.25668456425399     
   259.53916456525991     
   250.96546589189762     
   244.19845652932560     
   236.84905285992266     
   229.86513127672382     
   222.45148320214531     
   215.64600716770823     
   209.68019163086382     
   203.23806790718169     
   197.31950997403558     
   191.82253638842272     
   185.47179651529297     
   179.21235244690376     
   173.58180756511547     
   168.45863620730148     
   163.24554471101951     
   157.98933815832200     
   153.05684493608794     
   148.22510517701045     
   143.27162450860081     
   138.73709557577934     
   134.74427625879099     
   129.78129975086958     
   125.78482669493498     
   122.37469402084486     
   117.88014858271869     
   114.39724272469921     
   110.81188881858424     
   107.13473218323369     
   104.26247361226609     
   101.25919573036001     
   98.405445812714603     
   95.265390506689329     
   92.143419784308449     
   89.841036976537538     
   87.126156635898681     
   84.553160760122495     
   81.496554994076078     
   80.057929654181066     
   77.585110786336315     
   75.496164230035220     
   73.021056243347303     
   71.109100082067812     
   68.847431361693538     
   67.232654004551165     
   65.724007048886236     
   64.028403459735912     
   61.914432632581416     
   60.305815299203495     
   58.109174737242370     
   56.899142306681085     
   54.915378518140372     
   53.397045012751008     
   51.759259421048156     
   49.950129547524924     
   1071.4826229859962     
   1032.1586683166756     
   999.37711088184028     
   970.10052834140606     
   941.25190969549010     
   912.00629985663124     
   881.87280397865766     
   850.47694641817588     
   821.08698529981143     
   791.63787323525889     
   761.90729839404025     
   734.50715827014460     
   708.69662208782415     
   684.34223951763909     
   662.32412560390480     
   640.68215262729439     
   621.02735159542544     
   600.93296256152064     
   582.11695540465917     
   564.28683632601633     
   546.20066827666676     
   530.12016364893032     
   513.24003703700157     
   496.81240167981696     
   481.61576923585278     
   465.78993853949686     
   451.83946462592462     
   437.26601610693081     
   424.07113645389114     
   412.09151187041061     
   398.41785663782821     
   385.99863747626841     
   373.53588484418543     
   361.54803390658367     
   350.21187522173477     
   338.21435546020456     
   327.36711838318701     
   315.79379537279289     
   306.96960927485594     
   297.36146148382267     
   287.39140789204436     
   278.23272795943569     
   269.02195090203389     
   259.46635243829968     
   251.08282661387102     
   242.21029703572481     
   235.30130090461972     
   226.29414446300376     
   218.97174252696229     
   211.55668687874623     
   204.92416489130432     
   197.61743781103399     
   191.25560812961828     
   185.07189960410170     
   179.60867998367405     
   173.91174857572756     
   167.13387724413064     
   161.40958899303052     
   156.49571845631849     
   151.52124758334801     
   145.92124772191076     
   141.26809053951968     
   136.15545393588641     
   130.34356143714672     
   126.88700010363748     
   122.96118519798895     
   119.31456989113893     
   115.42048846281067     
   111.95966364577194     
   108.16758133136568     
   104.50967019741859     
   102.26839636898193     
   98.747527769462124     
   95.463230106241085     
   92.053898161862733     
   90.551027907602176     
   88.973802001951128     
   86.384908954794852     
   82.107836712034199     
   80.148504163787493     
   78.281985426177016     
   76.758580445772168     
   74.101081721253422     
   72.042118792786908     
   70.363713499749181     
   68.216834881718597     
   66.665466553850777     
   65.403650248795728     
   63.186140287666639     
   60.966780009022067     
   59.646041700751063     
   58.808364767756778     
   57.066449203579509     
   55.146919955245835     
   53.947052636623084     
   52.260590926487652     
   50.699513277413047     
   49.240416421723673     
   48.329621904516642     
   46.072123937581907     
   1080.0411352550191     
   1038.8816056123587     
   1006.0708330196758     
   972.18282510539791     
   938.40300058608909     
   905.02921766358463     
   868.54546895743511     
   836.50646643535674     
   803.35592187802899     
   773.90316917449707     
   748.05787050497543     
   723.94963660951055     
   701.42375284966556     
   676.48439436968511     
   653.93404987168833     
   631.90762603800613     
   611.27613827655239     
   590.58604211313468     
   571.08484398179439     
   552.74200307609340     
   535.15122252762433     
   518.51127910748869     
   501.17473151771600     
   484.77163766817876     
   467.03173962248638     
   452.10306314469642     
   436.22086098967964     
   420.75876796600608     
   406.63814524379774     
   392.58219597956054     
   379.63983007453066     
   366.76784732956537     
   352.26955028040339     
   340.11793118258714     
   327.05965268407465     
   316.45545745645649     
   305.53842157609057     
   294.41726646753386     
   284.24671836517399     
   272.86356229820461     
   264.17956769343078     
   253.14682116448006     
   243.93128967888725     
   234.67018302981609     
   226.54301027722795     
   219.39061936691451     
   211.14459244429585     
   204.76905052335275     
   196.30333250746980     
   189.92531132334437     
   183.74649743411459     
   176.76332092033689     
   170.87548674865437     
   164.97497689930447     
   159.91696290717533     
   155.27846115250537     
   149.10456055070858     
   143.48525178442671     
   139.64639053199991     
   134.58124390902216     
   129.72134382303540     
   126.52347308686799     
   122.85443277082774     
   118.59484468616186     
   115.02269962523249     
   112.15704113094981     
   107.80628185117685     
   105.46093148930760     
   101.77166547784434     
   98.708823048432350     
   95.378316186776843     
   94.024189599926956     
   90.609503203526089     
   88.728183763180468     
   85.924218333961022     
   83.648721217623574     
   82.249928274020945     
   81.328651182329651     
   78.507569249216644     
   75.903702675989308     
   73.912321457142383     
   72.298045842436821     
   70.965339611581598     
   69.297516911928454     
   66.128314667296934     
   64.871383632674764     
   63.611787538911088     
   62.124612993576939     
   61.396319963053891     
   59.694076227687752     
   57.499279647194868     
   55.934362828214958     
   55.098062191109449     
   52.441026669519339     
   51.995715114631253     
   49.983577839990588     
   48.311713394351131     
   47.289574387180423     
   46.195194494058057     
   44.220599486440491     
   1088.2197733233568     
   1045.6045759368133     
   1010.8595077840557     
   972.07605309281587     
   929.48259805216412     
   888.08139776245798     
   848.37355495240445     
   813.96438666148742     
   782.62407300409359     
   755.70077820414144     
   728.61066566233615     
   704.49840828616948     
   681.61352431686657     
   659.17146487426226     
   637.76007706004077     
   616.54310439517542     
   596.45988421812262     
   575.98720372846287     
   554.33439043837564     
   534.67036432414238     
   514.89417213180730     
   495.53005231789967     
   477.66936340364424     
   460.64805295543772     
   443.38470512026106     
   426.70042098517735     
   410.55382769140465     
   395.29629918624033     
   380.18163232982010     
   365.42292648293471     
   350.93693659831501     
   336.85144183022254     
   324.59538005545483     
   312.61696201155917     
   301.84309370234257     
   288.12159650505703     
   277.37544653079357     
   266.91943181648350     
   257.99609582018888     
   247.03865392954927     
   236.55098770452321     
   227.75244637611002     
   218.44165186275438     
   211.53078008302893     
   202.03859482699113     
   195.69312635484289     
   188.91118793048014     
   181.46174240611720     
   175.66207683218636     
   169.02378475780594     
   162.88971692085633     
   158.13658439589130     
   151.89508623197656     
   147.46333657800008     
   143.94985963247092     
   139.16348321194189     
   135.09542175291779     
   132.27972380719439     
   128.84393688658483     
   123.68472644497257     
   119.35739289458732     
   117.28525891383954     
   113.24400262126116     
   109.66266835552344     
   107.09457671153177     
   103.99855295273427     
   101.46524543414520     
   99.281223614038424     
   95.772990770622371     
   94.230363427030937     
   91.117003684242150     
   89.432414698235505     
   87.554199104050099     
   84.851601530428823     
   81.930530990852276     
   79.792534071344122     
   78.434553604106952     
   77.329199149287817     
   74.844379601443336     
   72.844777273909386     
   71.179244690558562     
   69.893348319214340     
   68.237707220826181     
   67.098260297012246     
   64.713042304292586     
   63.858380191202471     
   61.998687878081107     
   59.494836406740546     
   60.012784867688374     
   57.865471637502615     
   57.159159854549401     
   55.360156404719646     
   53.802352137359406     
   52.257033241023422     
   51.138202546724123     
   49.325259571182961     
   47.809823829220271     
   45.529304603240647     
   44.818253266657827     
   43.633701269267306     
   1094.3115737877008     
   1050.0717952955374     
   1005.1217815985362     
   956.93204343016066     
   907.41770983947731     
   862.45075202374574     
   820.62789406150728     
   785.09443791364561     
   755.33569262455342     
   726.74793161965817     
   699.02345813513648     
   674.44970527279770     
   652.19635217485506     
   631.99533952723357     
   608.99607234768166     
   586.05229579133402     
   564.88927227341696     
   545.45592106417803     
   525.93253190765176     
   505.81328837169087     
   485.85139803073713     
   465.29563719936414     
   446.44623366250505     
   427.02116662435435     
   410.35321639474228     
   393.57668304953495     
   378.66231802315190     
   362.72419082827099     
   347.99459002945463     
   332.99166867397491     
   319.57846965767305     
   304.45634911137040     
   292.80081166872083     
   279.59173522574326     
   267.08296548451415     
   255.81017760978472     
   245.44369246595531     
   237.27253143408541     
   228.78829806675412     
   221.36932578074129     
   212.21392363241262     
   204.93922018810005     
   198.20301991866754     
   191.45918225896040     
   185.49512459746100     
   177.13581832652497     
   171.51520284228542     
   166.19313860541644     
   162.24339241670094     
   155.06145066279967     
   151.66430100535928     
   147.08282832417729     
   142.13407981130609     
   137.72367275243522     
   135.12004322592975     
   131.68879071119690     
   127.40115334914810     
   124.08331647519984     
   121.30421393057007     
   117.53249098614778     
   114.02933824015986     
   111.43543547682430     
   108.15358885033899     
   104.03039512509599     
   102.60734222413313     
   99.920554797347421     
   96.455408401435847     
   95.197387039652000     
   91.961619789899260     
   90.609005502295446     
   88.693817245307216     
   86.521248104419087     
   84.788598117485506     
   83.282817499694630     
   80.993905039869830     
   77.966676266428678     
   77.415248419970439     
   75.175017592447062     
   74.011103592010869     
   71.308355997634479     
   68.811702676482071     
   68.181972936919621     
   66.613464410078834     
   65.872218847423639     
   63.831132471890193     
   62.106188740127351     
   61.072063870342475     
   59.391011249728137     
   58.157732830448396     
   56.508574422351636     
   55.845744793909518     
   54.706420468098244     
   52.915119762163371     
   51.685700619713366     
   50.010197496371603     
   47.974562899669323     
   46.964870402690465     
   44.967277179673459     
   43.869484489747762     
   41.552886652505109     
   1104.6665225065501     
   1052.5019024155670     
   993.09178028785027     
   930.10864729415664     
   870.39047509478416     
   825.85257666536074     
   785.71191247060040     
   748.81531559155337     
   717.91221249776277     
   689.83823875359803     
   662.73149718215564     
   636.68475222386041     
   613.97867546915825     
   590.57739283342505     
   566.35502438105755     
   544.08487496977875     
   525.26833459490661     
   503.72154429937382     
   483.91596303975803     
   464.74271220726337     
   444.31556565547589     
   424.44907750393304     
   406.89534264234243     
   388.62685882883517     
   371.92661170518164     
   355.12871791559985     
   340.04812875765737     
   325.44551352479385     
   312.31299479143240     
   300.02724959537096     
   287.66720144429411     
   272.39228516876818     
   264.52840226242097     
   252.71433302568335     
   242.38969788860868     
   234.33920838691722     
   225.12881294280220     
   219.25589977763107     
   211.29420738072648     
   205.10802341640448     
   196.31011085080058     
   189.47532265645401     
   184.48726228957622     
   179.11002236851729     
   173.83978281250859     
   168.48478905458003     
   161.06212318466208     
   158.26601255070867     
   154.36313864602167     
   147.36165743646819     
   145.91811427310012     
   141.77402026743533     
   136.47530617679587     
   132.68646775255820     
   130.31910470714072     
   126.96476601412945     
   122.09886688613187     
   119.85652027353106     
   117.24083498432971     
   114.32980221051744     
   110.91286000237818     
   108.49941456855257     
   104.75629292050891     
   102.63140653480902     
   100.84681146805771     
   97.846610623865246     
   94.367273920848959     
   91.713489414060987     
   89.421072244369682     
   87.987470796093703     
   86.687621493460156     
   82.960026014447024     
   82.821248756993640     
   80.809626945617907     
   79.097059493436433     
   76.302001762623590     
   75.273882863949112     
   73.293978526588504     
   71.986947394718854     
   70.659692323437824     
   67.773168724634687     
   66.192610047126394     
   65.896770899827075     
   64.540762570978146     
   62.580672893239580     
   61.409092476280790     
   59.944956606924116     
   58.139598281153212     
   56.728055386512622     
   55.248543642084414     
   54.139378724526885     
   53.115606071857151     
   51.673808833518279     
   49.481564920355574     
   49.529524702271594     
   47.211750523425152     
   46.141691394971694     
   44.527982513297779     
   43.563057003690957     
   41.191657273335174     
   1114.0489488276867     
   1044.3287097364866     
   964.33089873059726     
   888.67580019876482     
   825.42558329763324     
   776.12655923649982     
   733.97914699156854     
   701.05004083127551     
   667.93078758747879     
   639.98020420913679     
   613.60818346250983     
   588.43195957378248     
   564.26083960504104     
   541.46123699410850     
   520.47946460984429     
   496.42829431390032     
   475.91454709822153     
   453.61709412397045     
   436.11186570362054     
   419.87528869597963     
   400.81813831668489     
   384.71361610419956     
   370.43647855912053     
   353.25905946584373     
   336.84462999493360     
   324.41811120311331     
   314.46948442623875     
   302.79772018320085     
   288.03342807087114     
   277.25183092042818     
   267.01875790545432     
   256.86280880583899     
   246.87563867120593     
   237.74301144353785     
   229.48807826601907     
   220.81664362235603     
   214.93907807657098     
   210.99676304188560     
   203.71167259195585     
   198.45155155193476     
   187.96681905933227     
   183.15304345951245     
   179.11492448888853     
   173.78828750797064     
   169.16018019799480     
   165.31568751307327     
   157.88743557025197     
   152.45706084193034     
   147.15965313353425     
   143.95276672675487     
   141.74894764248538     
   138.32454067510776     
   133.10397390424356     
   128.88414815658109     
   126.94881582057141     
   121.88534987392714     
   120.81778808446003     
   117.65790907936967     
   113.62808898572757     
   112.00526583026449     
   107.56612490688988     
   105.60302084462093     
   103.10652797173418     
   100.76008580941233     
   98.229331966196398     
   96.820445066555081     
   93.031217580969042     
   89.811670924973527     
   88.103063755054592     
   85.407377629395697     
   83.926173222286053     
   81.988594752378020     
   81.256459310091074     
   79.562911865182159     
   76.775103211050236     
   75.038695597323553     
   74.254786875769440     
   72.160318566662212     
   71.296391878196800     
   68.950727350086424     
   66.491519176481546     
   65.592938642274618     
   65.166848042815275     
   62.643350675592480     
   60.899052141615932     
   60.226956167991418     
   59.004494889516117     
   56.315939654603397     
   55.169385956346709     
   54.882245005080620     
   53.357885397821811     
   52.134466131795449     
   51.150217581785704     
   48.618873210582230     
   48.026864010144827     
   46.966582299728202     
   44.310465796394517     
   43.537468003517446     
   42.088308879388080     
   40.579867196376242     
   1132.4058779121831     
   1030.5783407743002     
   921.82962764012836     
   835.49457680308046     
   771.73168987541737     
   722.32132336713755     
   677.03502666988516     
   645.16148330266799     
   616.28172959915378     
   587.09747893466488     
   563.56228339229529     
   538.40319580321341     
   516.78392535188129     
   492.81704990626713     
   473.73659362078399     
   452.83610233054912     
   438.21864125740638     
   419.74750594680347     
   401.21067450861881     
   387.67361373621128     
   369.19293692024888     
   351.67778675947142     
   340.33427821729538     
   326.35551561182785     
   316.92670710414905     
   311.00544361150986     
   299.90049805845132     
   290.82589586485409     
   278.06299235626091     
   265.94708541759911     
   255.11011511202616     
   249.62212335346254     
   240.21701616548529     
   230.43915350537668     
   222.29581590575265     
   216.21610339482757     
   209.00828882367236     
   205.92111174839656     
   197.89381877672329     
   194.30487121619979     
   182.99044600310071     
   178.77182121732795     
   174.87041347987582     
   169.14094982584902     
   164.82213404397410     
   161.13887722683629     
   154.50915335095056     
   147.63856526816036     
   144.61160183372942     
   142.69590596849056     
   138.78816210126735     
   133.67835220127120     
   131.62284757304366     
   126.61242337889149     
   124.53280432324242     
   119.50382847969253     
   116.27292038517679     
   115.19770491946295     
   110.88463315290119     
   109.52452208906895     
   105.15567634484511     
   104.82979180030290     
   100.57984028892562     
   97.448445287536458     
   95.263196856746390     
   94.464105804661358     
   91.184626840543373     
   87.777976127923367     
   86.089512914203439     
   84.824066794801610     
   82.881933685426418     
   80.961013348774756     
   80.020016677117184     
   77.561997899310668     
   76.234400132357251     
   73.798504651067560     
   71.958415992284273     
   71.052231900798532     
   69.436394081808558     
   67.117830274828435     
   65.954925443522782     
   64.457668893401745     
   63.525505927153461     
   61.787612436492466     
   59.676614202247990     
   58.866389268749366     
   57.917617646601258     
   55.400267535801703     
   54.943074221528370     
   53.077247837611282     
   52.269562780640818     
   51.373900076279746     
   49.993435116776702     
   48.257929114033701     
   47.091892693813932     
   45.728255619373030     
   44.246689963674541     
   43.558240555599504     
   41.032616289133784     
   39.740973807204412     
   1150.8040625368599     
   1004.9728637379050     
   882.17073371333743     
   788.90255932324271     
   724.33562532040764     
   672.49778320044584     
   630.64750316802952     
   600.09188805482336     
   573.26506541646791     
   543.60181003705691     
   524.81360690267650     
   503.77622749316629     
   485.42917850787364     
   462.20657633413725     
   445.94779459834399     
   430.80411905951979     
   416.53018764328584     
   400.83781023658889     
   386.30386449549019     
   370.00192735169662     
   354.00164650980662     
   344.34646533933466     
   331.53145764008673     
   319.78151706666080     
   310.42377668691063     
   297.60238410613727     
   291.45565279013607     
   282.42481693180400     
   271.61863898816677     
   260.43363664617243     
   251.60920671345727     
   245.06165252471303     
   232.97340976292111     
   225.50647172473600     
   221.51423192487317     
   213.42101714930942     
   205.89055311915695     
   200.32628803431274     
   194.80542984989771     
   188.74527808020594     
   182.37182188571904     
   176.46236015049402     
   171.86227556182871     
   165.56267841699693     
   160.68285836012393     
   156.66587013837486     
   151.14821496248140     
   145.43981741607234     
   142.23528725447343     
   140.44835560394893     
   136.97131775458246     
   132.16111590596938     
   128.66497049286647     
   123.39296058573262     
   121.03031676049086     
   117.83830283548342     
   113.05235878167721     
   112.25005447702605     
   110.35840210724956     
   107.74679994642690     
   103.95760532930561     
   102.26156571584212     
   99.052040265513597     
   97.458609238619033     
   95.115952111991888     
   91.999733213628119     
   89.787977162449522     
   85.972675446556607     
   84.434559744500973     
   82.086014739047073     
   81.307783068328362     
   80.211318578436902     
   78.266880930749380     
   76.441032381710357     
   74.474411565976368     
   72.452752459610977     
   70.320085167634147     
   70.167112300211727     
   68.470728385869918     
   67.207789598320147     
   64.281188118824375     
   63.369829268260460     
   61.732616101774276     
   59.864281854145034     
   58.163370168649948     
   57.519379043765504     
   56.497105082344476     
   54.655896707522587     
   53.118178008924204     
   52.258354761750823     
   51.077304015797360     
   50.878733512325752     
   49.586307154732701     
   47.964010298125942     
   46.518402619428350     
   45.007495321669623     
   43.817060314650952     
   42.474456449227468     
   40.941775851189846     
   39.236108646463862     
   1175.0961499701777     
   993.90904717149056     
   857.78309408614155     
   763.75719522984264     
   697.77157353546693     
   646.19518297590434     
   605.88874221415995     
   577.28015914819025     
   549.94368256064536     
   525.20714325844403     
   505.71905105051565     
   487.44906310566023     
   471.29133261824671     
   448.84997216293289     
   434.44492550445511     
   425.49911558131157     
   411.08780365597681     
   394.08461306761120     
   380.44149910532997     
   365.53483826805768     
   349.38499963962909     
   342.70204874422660     
   328.81330050200120     
   314.95279592990096     
   305.67640803105337     
   296.66069495260854     
   289.06715080939546     
   281.02535417147777     
   268.79314537143819     
   256.76705401934481     
   251.11479264980912     
   240.24633362276873     
   231.98669190386994     
   225.00033939380359     
   218.75182325346492     
   213.15154168309274     
   203.48386316916643     
   197.57550541214835     
   194.08619411931781     
   190.28673194371146     
   180.58957876827941     
   177.47946546446474     
   169.70881149768792     
   164.02615300393074     
   157.32525254386482     
   154.55246119918317     
   151.15941331390059     
   142.24594702138663     
   140.10204249030721     
   136.10560127674771     
   134.83374589609832     
   130.34753283360166     
   124.89655617269619     
   121.11996921317049     
   121.24527135334257     
   117.24198344890105     
   112.57721846777608     
   111.67760216090781     
   109.38888468410980     
   106.61673501581755     
   102.01950050904243     
   100.60418195096379     
   97.727810196816932     
   95.894861818976992     
   94.571813554262604     
   90.481468163598208     
   88.215903381041628     
   86.180298590103689     
   82.672264829930256     
   80.690654072637429     
   80.708159688891072     
   79.190732876930724     
   76.867748311256264     
   76.834951361631866     
   73.693333420991266     
   72.126098374506157     
   69.458819566972466     
   68.410603041565949     
   67.830786159584235     
   66.486202283334435     
   64.008529985613180     
   62.538827478523601     
   61.048994129117787     
   59.211157745137413     
   58.534715217340818     
   56.704449897974868     
   55.429940730378597     
   53.663579574621473     
   53.022298136159819     
   51.420703109352061     
   50.406211318520690     
   50.087142089256133     
   48.536613884229119     
   46.889156062658486     
   45.957757915079327     
   44.442780826358032     
   42.858107626744548     
   41.506754284566632     
   40.861661746008664     
   39.215061722562680     
   1206.1003386643977     
   1005.1002359512321     
   863.11258945133159     
   763.52060506141720     
   694.65594466162929     
   642.12611730931530     
   604.66547844114484     
   571.99743389895104     
   542.89236004373197     
   520.15505578272121     
   504.58055265154951     
   484.46084119077409     
   470.45155054862744     
   446.34051181791256     
   432.58983041537658     
   422.46644541399849     
   409.22444077332636     
   394.35480192371193     
   381.43336909333578     
   364.45738516603035     
   347.44445490300444     
   338.44647619232671     
   323.77729188811821     
   312.74565684927882     
   301.27801517765852     
   293.78545562077431     
   288.20596793653073     
   277.14809467275143     
   265.68160210205031     
   254.30279011787496     
   246.00282377497430     
   238.63512353492291     
   231.51603724227039     
   223.30579695210395     
   216.07891280242819     
   211.62971000434766     
   203.52258979786484     
   195.39715355867230     
   189.70778326375256     
   189.23904107890826     
   178.03373601826399     
   175.84880318656647     
   168.39167985062096     
   161.42344639352947     
   156.72163222123442     
   151.77587115254002     
   147.63415803827141     
   142.31005407207209     
   136.89630504375313     
   135.76351927277008     
   134.69009417495209     
   129.05751703215643     
   124.71158482822494     
   119.15664078449578     
   119.03729568024093     
   115.93368215959143     
   110.82006489815765     
   110.83741447119141     
   108.79298261403918     
   103.13137467253145     
   101.48874471772669     
   100.29326242793510     
   97.522367719632115     
   94.522638077945217     
   92.964010461628789     
   90.534142506295808     
   86.157402523184047     
   85.646437921454279     
   83.479734942411469     
   79.699354690146265     
   79.287360892071945     
   78.086405649414218     
   76.388849637309747     
   75.325427112559453     
   72.079258604249191     
   70.844124472796878     
   68.806887898471118     
   67.983524331623585     
   66.450485152807431     
   64.769734980959427     
   62.988122370442362     
   61.560730297941092     
   59.808358915946378     
   58.696335253643099     
   58.231376082164715     
   55.685465563248343     
   53.815109249758521     
   52.903741221484026     
   52.019599105532080     
   50.620924866697948     
   49.910231933970302     
   49.468109506391059     
   48.044351157138337     
   46.913267647383627     
   44.513462235753458     
   43.072463123260782     
   42.255309255577622     
   40.508938131554061     
   40.734387650455822     
   38.499877627475776     
   1242.4521961877629     
   1035.2675726535097     
   880.91828680596007     
   778.60891219980272     
   700.96946700525609     
   646.74591067992640     
   609.50061712161801     
   571.47627642059285     
   544.36543534174257     
   523.76528571739505     
   505.31484109206633     
   483.30345058571891     
   466.22060148199910     
   444.96972444825042     
   434.36549005367351     
   421.06803009543938     
   405.43145009197724     
   391.03268557167223     
   377.63201038084082     
   364.10448815773577     
   348.68816268211748     
   334.65993085263005     
   326.25740775336311     
   315.21007794626649     
   299.89931801137374     
   291.00949775402069     
   286.67974584240795     
   276.45565895288343     
   264.85711363695600     
   255.23042759056844     
   244.11532342715500     
   236.61802123805879     
   233.22432842551757     
   222.15902015123277     
   216.43158936704739     
   207.94982784387983     
   199.01574736476528     
   193.79343187871623     
   184.84459285184226     
   182.18962077310084     
   174.76617909521769     
   170.93310848727614     
   166.54489300457578     
   161.80895910296607     
   157.40667809173675     
   147.34169492154646     
   145.37650362169092     
   139.27379789909929     
   137.42484291941855     
   134.61841823987311     
   133.35866864532912     
   128.64983428553103     
   124.18422877266944     
   118.58981997381223     
   115.76733195638248     
   114.84589982413510     
   110.88923994381599     
   108.71728915951276     
   106.21439696371714     
   101.77358552408022     
   101.77141709142435     
   97.457235572323313     
   95.997966070105079     
   93.529725519140825     
   90.212646220799002     
   89.764230241826397     
   85.368183482176050     
   83.455621249818364     
   82.074741615141320     
   78.867963256506982     
   79.656695163093531     
   77.216257169920297     
   76.116412142163014     
   73.967721983252716     
   71.672969886078874     
   69.355703079111620     
   68.034999664677400     
   66.971513936180386     
   66.291315487219165     
   64.670067615494702     
   62.824230253360007     
   61.711172237144801     
   58.840553056711094     
   56.735953519227181     
   56.597445517524321     
   55.089280715868753     
   53.203075120897843     
   53.048197651669838     
   51.690461007307249     
   50.850054834549660     
   48.960276793747497     
   47.764410035658166     
   46.778180931918314     
   46.498423108045017     
   44.558448996357725     
   42.822117210850990     
   41.572891539360342     
   40.791859111935054     
   39.938091276349319     
   38.594765849239536     
   1279.0659272168712     
   1068.4992316712853     
   912.76660262668008     
   797.36605538438698     
   715.66770629467192     
   654.47128395981645     
   612.74762509894902     
   575.23847777748733     
   548.56173030745913     
   519.88132563823535     
   508.39933925114906     
   489.37707488163898     
   468.33535183610843     
   440.86897836871958     
   429.23678552656793     
   420.11071001050993     
   408.33436507144586     
   386.69575756157991     
   378.09645476005369     
   367.71089318574423     
   346.66434844048439     
   337.72545985267703     
   331.03663104219584     
   318.60101825372425     
   303.56572529624373     
   293.14950991102671     
   291.54387340917719     
   276.21586567868621     
   269.72986318246296     
   254.90411720256725     
   243.44373733113099     
   236.58356509623329     
   229.52448061962320     
   225.17112919565142     
   215.22075361041038     
   205.49151089396528     
   197.73656117765609     
   195.93796647751356     
   185.56791218337582     
   182.97169737588035     
   177.12161856874457     
   169.54558910848192     
   166.36040023367633     
   159.89299023355005     
   155.26336003025216     
   143.78753995905689     
   141.94843652774679     
   140.02210900947273     
   137.85796353721926     
   132.43569289564795     
   129.67825637754589     
   127.90232003181282     
   122.80425761483428     
   119.18284754067994     
   116.46069178642315     
   114.84033116684304     
   112.71460070736345     
   108.40036019237020     
   105.87955891680078     
   102.26939016996654     
   98.332864775883081     
   97.612855782321532     
   94.189792040054073     
   92.688601828593804     
   91.711339493218972     
   88.389321591942263     
   84.815703974942465     
   82.434410618081031     
   81.532745330664966     
   79.740616687961506     
   78.244853173107884     
   75.976388563162089     
   75.392094615962677     
   73.982101919078900     
   71.378114354535398     
   69.332586678611278     
   67.146193306912451     
   65.492606177088618     
   65.421426886947785     
   63.489381964497468     
   62.550009594886930     
   61.181491102067476     
   59.507437517885187     
   56.688796011530201     
   55.971897956656882     
   54.787636638959370     
   52.433198457901781     
   51.718080184820870     
   50.389102727910675     
   49.713916790451634     
   48.729714957977308     
   47.273691001312287     
   46.339568851121840     
   45.248704275145158     
   43.422840836762013     
   42.768238244891826     
   41.664889481316109     
   39.973707858907460     
   39.359811834559615     
   37.572612687622168     
   1307.4160532650205     
   1095.8135135779630     
   941.53357648206747     
   821.00372055310208     
   732.94384287461298     
   669.36738282515250     
   618.30672137414967     
   584.82850105207240     
   550.93607338071320     
   518.26832430059687     
   504.26870910693782     
   492.09411536074833     
   470.44109187784517     
   440.15045451953381     
   431.35373040047438     
   424.05442049890041     
   408.73718385195502     
   386.29552414603484     
   386.95368709833315     
   363.07722730664830     
   349.47997366454013     
   337.48682627850530     
   332.72115848454155     
   318.51710435034437     
   305.30870281613090     
   294.25675830850611     
   291.90221331960902     
   276.98171317272181     
   271.38883527145117     
   253.62670777381800     
   244.91288075006887     
   236.13903527098051     
   232.56379732159940     
   222.02388461508411     
   212.55985709242645     
   203.16291654371861     
   200.52965954745463     
   198.23061280888473     
   186.16769230864529     
   180.46067656884287     
   175.87204869117969     
   169.46859040109896     
   164.47042198444277     
   160.57315730586780     
   153.63005931340729     
   145.58562644266496     
   141.04669834229702     
   140.65915514223582     
   140.03659879348521     
   134.40124622487087     
   129.60773718504393     
   126.02828218170669     
   124.59976281769825     
   119.93561149283553     
   116.17397868878905     
   114.81959842518069     
   112.00010985899024     
   107.13262968608639     
   103.34952580667418     
   99.951621996194731     
   97.324763719918110     
   96.519002009351226     
   92.966253321281130     
   91.305772076541103     
   91.976924538996258     
   89.137488541529251     
   84.243674346716645     
   81.412300917013738     
   80.648079791223978     
   78.515499345555583     
   77.525213458096545     
   74.733182286782267     
   74.576395794844998     
   74.282213436989238     
   72.441494002518851     
   69.174776966808196     
   66.610936216934874     
   65.362632972174325     
   65.033055759190091     
   62.308240848615675     
   61.684472297996763     
   60.440691189986879     
   58.600077843954161     
   55.938095992235262     
   54.540549604320624     
   53.151805001635630     
   51.729548170586355     
   52.158365830426050     
   49.973423708817293     
   49.116696895287269     
   48.203884253110672     
   46.752079033777278     
   45.994754280594819     
   44.689069329032321     
   43.601732276112799     
   42.387808472909263     
   41.276030420741748     
   38.984047181318161     
   38.030813785193118     
   36.368756684043973     
   1323.9064332882670     
   1120.8078743485160     
   963.94151890252374     
   841.56583409702489     
   744.57444427951896     
   682.72483322252776     
   628.71958518475242     
   588.22367478119770     
   552.63841078643202     
   518.78543190286871     
   504.55723104188780     
   488.56344543058242     
   467.39300858391050     
   441.30795499830356     
   432.26956839991999     
   419.65395118306861     
   410.78516133389394     
   391.27975161622300     
   382.97982209529010     
   363.46617180922982     
   352.11080943149273     
   336.13756467544897     
   330.31139939303404     
   322.01420014174215     
   307.99313405924659     
   296.78825472160361     
   295.65668717190573     
   276.06630025952842     
   270.25505110251186     
   255.78069722100295     
   246.35216257799141     
   238.41519667889131     
   232.86548780079329     
   224.65659722816582     
   214.71304690305936     
   204.14969449681706     
   198.60844495845618     
   199.86003371671217     
   187.67494228734728     
   182.33068108278101     
   176.81907064957701     
   168.75944720861713     
   163.68283163091996     
   158.54799389830458     
   152.27919413192200     
   144.57312323170171     
   141.83636316252506     
   140.78793510907377     
   135.84202271946401     
   135.05367421035515     
   128.63356580020186     
   125.46476673094051     
   123.83925870029043     
   120.61704747186779     
   115.26121218041794     
   114.50004380909070     
   111.86513887832140     
   104.91052820598856     
   101.49339919739727     
   100.55548560081677     
   96.805491571293146     
   95.221308834146157     
   91.404953915716831     
   88.057320972117580     
   90.475419198754281     
   87.516688871113544     
   84.897436585549713     
   81.754120157539035     
   80.304678855609765     
   78.112625390473198     
   76.857415257550542     
   74.216883568972207     
   73.665829472753671     
   73.404866512940771     
   71.848473333669858     
   68.594879264923151     
   66.210937442782622     
   65.631796257873788     
   64.085312133667884     
   62.508773347374735     
   61.410243128929764     
   60.257138742151646     
   57.559969884909563     
   56.219850354475582     
   54.134560850863394     
   52.695110659697271     
   51.688200071000658     
   50.526950285085519     
   50.464676908622124     
   48.676957196078305     
   46.780506130659170     
   45.903376689217204     
   45.709858714214135     
   43.724163474128090     
   43.488354083435411     
   41.645632221353409     
   40.211753172392100     
   39.570481859189940     
   37.903921135538603     
   35.932352041881643     
   1344.2795183150429     
   1143.1705316046680     
   991.19294446414199     
   863.42574709202336     
   764.04327040001829     
   695.54620272091313     
   633.88518782540382     
   587.85947448126376     
   565.51799474208508     
   526.34618363238280     
   507.93782524783302     
   490.75965490274427     
   472.18737808792361     
   438.04913787923903     
   430.58852871537886     
   424.32961577637093     
   412.62538532641577     
   389.64732824410657     
   378.74855990108142     
   363.66685515178949     
   348.22616798100569     
   338.64973857272810     
   336.11772702037342     
   322.22389842905147     
   306.04196044411901     
   299.37649292198847     
   289.18903571093517     
   276.21971521418277     
   271.62498840770263     
   259.64974676566197     
   250.87575360977866     
   239.55392475743355     
   234.59224648951675     
   224.27559307465719     
   219.11906886481256     
   202.91268316197898     
   200.03369442624012     
   196.97773888418584     
   186.77575751662485     
   180.47705292912914     
   176.33110725961521     
   170.69456847408935     
   160.50905056016217     
   155.75290998980046     
   150.66196171742672     
   141.12860014480654     
   140.63367522279688     
   140.19945074742327     
   134.19561160281856     
   132.39677911463315     
   127.99074534823353     
   125.55834150160840     
   126.40223289415096     
   120.41979653956736     
   113.06120487493899     
   113.55432828003224     
   110.52215158684670     
   103.97565430055967     
   101.02832241109100     
   99.062992226898416     
   96.185078957565452     
   94.539011846312533     
   92.945081024059760     
   89.173979680948904     
   87.969266383944102     
   85.084207906178520     
   85.284636085988026     
   81.995923424286119     
   78.964298086343874     
   78.166279116901279     
   76.393752960020478     
   74.744736003129361     
   73.786384706587725     
   72.032605958163884     
   71.074841031565185     
   68.493846018939294     
   65.603358324070427     
   65.138490401587163     
   63.599210783660638     
   61.834667553155711     
   61.004515545700094     
   60.061815207525278     
   57.291607433192084     
   56.109102395577601     
   53.508788600586740     
   51.765328379076337     
   50.680291934472578     
   49.429797262299140     
   50.051073967237414     
   48.900279695859318     
   47.262365101959034     
   45.995992784058799     
   45.296340823287814     
   42.956299764012343     
   42.696774320351544     
   40.842418555908424     
   40.167946790672978     
   39.161394401584730     
   37.282866137025628     
   35.545902699076535     
   1352.0668984473609     
   1167.2183527145949     
   1019.8453951773976     
   877.42630579777563     
   780.02387802395492     
   698.96710618386999     
   648.37147462080429     
   590.95302367741715     
   579.30376283610963     
   533.82362896696600     
   506.84465856886561     
   491.94598861609069     
   470.82209105306072     
   438.77994831232201     
   431.04469228744426     
   422.65447328717948     
   418.63454139121859     
   389.67468251245862     
   377.83151515268014     
   368.42781894917010     
   346.23602060730070     
   335.99710051639340     
   327.38150619099986     
   323.43236076336314     
   305.15935390344202     
   295.06918655521400     
   281.08683409636137     
   274.39596552551751     
   267.71265720314443     
   262.95297032485325     
   252.47301914902698     
   234.50704913458122     
   232.72237602684746     
   223.78059032469679     
   215.56121732144948     
   199.67083543627530     
   198.85840296737419     
   199.09359621933726     
   189.87358811427532     
   178.18506193306888     
   175.49338239365807     
   170.82755062171753     
   158.83040241022158     
   153.60797011888957     
   148.79679879422537     
   140.38656384317110     
   136.32239773327825     
   134.55104132477445     
   133.82898537292198     
   129.81228820245661     
   128.27612030631934     
   125.16451705270228     
   126.15859443294850     
   118.63417621717198     
   115.12733008289916     
   111.82378388089731     
   108.98950627059403     
   104.83717350343704     
   102.49598933809153     
   97.956583797402629     
   94.553291762118803     
   93.852465726840222     
   92.112762424150930     
   88.670682105988419     
   88.635040692124733     
   86.408611877884709     
   83.722997042551427     
   80.270564953438978     
   78.961263079179943     
   76.688388786510217     
   74.700234195905523     
   72.778225306162767     
   74.638692178050249     
   71.928601252917616     
   69.256520020686594     
   67.978470351443420     
   65.427254108102190     
   63.595809954931546     
   63.307402133751502     
   61.254580829527171     
   59.893763499183144     
   59.315167691741649     
   56.764550679442621     
   54.975837623474675     
   52.619787424469280     
   51.648106126848290     
   50.464737584459805     
   48.875063488277689     
   49.726788519917520     
   48.077085858384756     
   47.470705421069908     
   45.400591866252711     
   44.112941124127971     
   43.034109219231638     
   41.696480624677477     
   40.876091180840689     
   39.307495083084071     
   38.426378567313648     
   36.936728481012409     
   35.853486003108813     
   1363.0415344135934     
   1202.1701712267550     
   1047.2717870222878     
   908.72067138780676     
   804.44211588990959     
   720.13543390287532     
   651.96493653420418     
   605.38002350466695     
   595.77572581609218     
   545.43603111778532     
   509.33726838841767     
   498.30635008613376     
   474.17607509939813     
   438.32942645805633     
   427.74157312975359     
   423.98740070467159     
   413.09871912198378     
   384.87543198655771     
   374.87508603492347     
   379.60925708888936     
   356.81582074089738     
   338.34075016695635     
   329.15832435163026     
   324.40143681642564     
   300.84300381068010     
   280.52126139787237     
   280.47474320812955     
   280.00545376196584     
   267.45696698817267     
   255.57958881343251     
   248.00196262065634     
   232.08564774662631     
   232.46864776917741     
   220.86854619579609     
   214.50027813055692     
   200.24005387156461     
   197.67980018904154     
   194.01100106366101     
   188.92479682504342     
   183.04076513459395     
   173.96661257477155     
   167.51735789394706     
   159.02227657948069     
   151.10967088397265     
   146.92636320084148     
   142.59695966830097     
   135.46006440894854     
   137.85483500157358     
   133.32677619406880     
   131.41927872176751     
   127.41085609668747     
   124.72391683160876     
   123.82213112595085     
   116.89403613590409     
   116.64802456208142     
   111.69955337793144     
   107.12757768463051     
   105.14288130338751     
   101.14405004738883     
   97.148914693443018     
   94.839123684635894     
   94.630873998733364     
   91.964834429960803     
   88.653963515996224     
   87.595817343749530     
   85.935691561223649     
   83.347720364855036     
   80.878552929371068     
   78.166394407763775     
   77.631439083187331     
   75.385590575449015     
   73.371846086338024     
   73.915566250744234     
   70.637960333690756     
   67.701627086744139     
   66.605649376299652     
   64.718669585825253     
   63.643825647345885     
   63.461696904459714     
   61.660474441115596     
   59.562572244182320     
   57.932989821427107     
   55.451259897457597     
   54.830805638938273     
   53.089375868736653     
   51.551360283218969     
   49.267885678895894     
   48.728962303806419     
   48.053649508058896     
   48.202883940695045     
   46.527628675753256     
   45.088380969264371     
   43.991974471172902     
   41.918908971041297     
   40.796547410142580     
   40.150898921347931     
   38.845034119314256     
   38.191470418316804     
   36.773299259148693     
   34.937971361424601     
   1370.7606274999371     
   1223.6468458450836     
   1067.7530828967442     
   931.10392897450140     
   822.62128483685592     
   754.31230858189656     
   678.83301523054524     
   638.37761478204129     
   603.73128050180048     
   546.66609005822977     
   517.51117228072792     
   500.00240145455041     
   465.91124279370626     
   432.70521777419560     
   440.45282296477131     
   420.76615612084811     
   399.62049977929854     
   371.39311828461450     
   378.64576963522700     
   382.23189848628175     
   365.38127436001707     
   345.85704991367203     
   331.27190173546830     
   317.45219375379531     
   306.18921690812914     
   292.95076345847758     
   276.35853869630375     
   282.16749168771258     
   270.14759834714147     
   247.08102014668560     
   234.60002938093842     
   226.70360785909793     
   227.74067252740016     
   225.22847980310672     
   212.93046311443771     
   203.23039074087635     
   201.28348673763261     
   190.20606525854470     
   182.30366986196179     
   182.37947895866478     
   176.66060959617201     
   168.28790710154018     
   160.18881972849360     
   153.98823865832782     
   149.48431967232307     
   144.61128931341759     
   142.55769952142953     
   139.04462667924901     
   137.70849263863983     
   132.21184116537870     
   128.97773213757293     
   123.12801196235014     
   120.43133711331069     
   115.67050369854070     
   114.60374875374995     
   110.30419840257515     
   109.37293859554481     
   102.89407369317358     
   99.848823547888543     
   98.939210887374770     
   95.578790229640788     
   94.381583825684984     
   92.538835774667206     
   88.228774930723816     
   87.003430826808710     
   84.331811659621209     
   83.632755244152406     
   81.047896269768458     
   80.959009876127482     
   79.368995505097018     
   75.180716864476608     
   73.310497169506434     
   72.718114735237450     
   71.607502294716625     
   68.592226403530518     
   66.588036186527177     
   64.814605788233294     
   63.677323766511890     
   63.347583086396241     
   61.506346224564766     
   59.659364826230586     
   58.248919700719334     
   56.319657913672877     
   54.639121998349260     
   53.013426227447901     
   51.011463821737010     
   49.620924462657378     
   48.923112978066669     
   47.574875379253974     
   47.159475194382480     
   46.809855112608915     
   45.564517535860794     
   44.272465951337658     
   42.080347952198650     
   40.628996055676147     
   38.913593257170675     
   39.240867909700235     
   37.485906761136278     
   36.116728845578436     
   33.951113441934915     
   1363.9115340989329     
   1236.2855362876066     
   1089.3768630726211     
   964.00550218020840     
   846.81226210971931     
   763.63916431434870     
   694.66738356922997     
   651.63446909902768     
   603.53932227183930     
   568.15285682216802     
   532.24002684761308     
   511.30150853193163     
   476.55645925190686     
   461.48377333769866     
   442.74249829305973     
   428.20732934910740     
   395.13449418189373     
   365.41281504339474     
   373.04320249678847     
   372.46432097425713     
   372.28853335070960     
   354.90975169750521     
   335.83159460415226     
   321.47552738736829     
   305.40730773052974     
   293.82133211962559     
   269.75773815916511     
   271.26652022061529     
   273.35019204494245     
   244.60398196678830     
   229.22742040129918     
   228.07968011364298     
   223.65946945427407     
   223.62208990704698     
   210.09596270554752     
   200.00587197528293     
   198.03233464246657     
   190.34833038596250     
   181.84298990116147     
   182.51622277216671     
   182.47190323693013     
   171.00439520142393     
   159.57301157069594     
   161.86012203164270     
   154.26270471609445     
   145.46731505884171     
   139.52653508875721     
   138.48371039694177     
   136.98860631793821     
   132.43469481108338     
   127.42763202480492     
   122.53950996695056     
   122.16611659484417     
   117.22967813481162     
   113.36133126915146     
   109.95483635012717     
   110.12872739061024     
   105.63700727942251     
   99.094242242456090     
   97.990722307484475     
   95.696667214207935     
   94.904683037854014     
   93.898090514753150     
   89.705731774680117     
   88.121388506540370     
   84.154632139651767     
   82.330217573582985     
   81.089317546402285     
   80.765673116732629     
   78.403530672213492     
   74.608873320082111     
   73.674955295808431     
   73.339253007339693     
   70.961557133960497     
   67.013365467693646     
   67.004610170738005     
   64.943520861417269     
   63.612173570318113     
   61.845711641716825     
   60.722463897441393     
   59.959492064811755     
   57.891810530170197     
   55.273959416811472     
   54.187349411778669     
   52.687484081565941     
   50.477900868877342     
   49.293353384811290     
   49.083239485658545     
   47.814057103266926     
   46.667804334378687     
   46.341508364399047     
   44.721180305120797     
   43.186201090449153     
   42.484591721117035     
   41.147983915996448     
   38.914978978123010     
   37.870318945996075     
   38.469277812340053     
   35.833645937007390     
   33.573636915416230     
   1371.0556483559515     
   1246.4463799976861     
   1107.5887330101043     
   986.77977631505269     
   861.57785451389213     
   769.51109683111008     
   694.16166936084812     
   656.33593877296266     
   605.73978633468164     
   571.26866081869775     
   525.44744878960046     
   497.88133237350019     
   476.87277658796268     
   461.86781494706634     
   437.76975624113322     
   422.93323730268560     
   391.59056602231396     
   373.11331571253260     
   368.64188565376691     
   366.16080964048496     
   379.25848587470858     
   357.62655612298829     
   339.55070807936079     
   325.97264594177534     
   302.67802504448628     
   287.39959154879506     
   274.35570374159454     
   269.54480679550829     
   274.75385610523233     
   253.88437846474153     
   236.77117249510155     
   228.62070890832521     
   226.48235412638803     
   221.19038975743811     
   216.25157596374501     
   202.12124609687237     
   191.16585736043294     
   190.83406754889720     
   188.78123981052539     
   184.91657660072727     
   184.57405604716669     
   170.58027835362137     
   160.44732300787774     
   165.51737163055455     
   155.33068208316993     
   147.81643617832080     
   138.65985314842322     
   135.64124001915124     
   134.40659883347021     
   130.61037450314751     
   127.24427182693377     
   123.10290864734135     
   123.43318175671139     
   116.79384283310777     
   114.16907680722164     
   110.32766933709900     
   108.73884120878439     
   103.60532547727638     
   101.36791279920129     
   96.547935750077485     
   94.500218115288959     
   92.969005719206621     
   93.583359975991655     
   87.137180682268792     
   87.341857062907081     
   84.143432546746595     
   80.801406629466697     
   81.573987410885479     
   80.825991280416474     
   77.257939798536100     
   74.772476200101110     
   73.239747325634625     
   70.894768277923589     
   70.514701659787590     
   68.161394048556744     
   67.284587716957731     
   65.190481380507904     
   63.201570995947037     
   60.784252594085743     
   60.110627565607757     
   58.871078229775783     
   57.062623134257230     
   53.775582510090743     
   53.684888360158197     
   52.745976146996313     
   50.385700211683186     
   49.903582715791167     
   48.287507684564709     
   47.777559197817020     
   46.136116884827729     
   46.035132600395890     
   44.829537842798061     
   43.763702400592742     
   42.501537479151139     
   40.753736181273915     
   39.565017694094138     
   38.225681957735183     
   37.697197607707395     
   36.252599720893265     
   34.078894916718006     
   1377.9815482365809     
   1263.0516924856174     
   1122.7092369221430     
   990.62700075709893     
   864.74209508595106     
   773.36483939584741     
   705.88881828540423     
   652.04982323415663     
   600.74390358532855     
   578.93059469180321     
   524.54789782352032     
   505.41073974401786     
   475.71126347831802     
   465.96351936776409     
   432.53115573885145     
   402.35305384232686     
   400.91915107203010     
   380.68211252550867     
   374.10505452891550     
   367.85287533433598     
   382.82410172544968     
   364.76832551083339     
   338.89449981701119     
   335.40529519779852     
   304.31019440827117     
   291.61728875245501     
   282.51026549307875     
   278.12848335919716     
   276.04258380655898     
   251.15636891921281     
   237.20203872120430     
   218.03363217829127     
   219.25932224617497     
   229.79214250296420     
   216.94428864899362     
   204.98727986478409     
   194.35842984321900     
   191.61841894600258     
   188.50284435673035     
   184.53641096337986     
   180.77120552348691     
   167.76466712815071     
   163.01537451848853     
   166.49313573762149     
   155.45878410112203     
   151.30753871269548     
   139.04899843511120     
   137.76304501454823     
   135.47600790047480     
   126.57025079340001     
   126.10075930896660     
   124.86569550831253     
   122.68778184264781     
   118.58087817948859     
   113.30703982550045     
   108.74304311544492     
   108.66306203943732     
   104.15360484535181     
   100.19321242533958     
   96.911005188052741     
   93.160523566567335     
   94.338106317817804     
   91.623411919984790     
   86.882749778260845     
   86.519463031264749     
   83.988351132658096     
   81.877193115745314     
   80.986358464510687     
   79.105330461005394     
   77.154217302416782     
   76.300357686665578     
   72.564996020488238     
   70.018985509321453     
   69.325796662187287     
   67.329841604030477     
   66.692143915716088     
   64.484649924596283     
   61.208778289013367     
   59.705945890894590     
   59.919027511410036     
   57.936408921402595     
   56.711167494681916     
   54.161219090369784     
   52.861294616510783     
   52.160211640077861     
   50.346655140814377     
   49.643174992394911     
   48.331034589246926     
   47.675535617398765     
   45.020866584637488     
   44.680260006689942     
   44.461117907708399     
   43.463457326693238     
   42.758370938417549     
   40.535777800748200     
   39.288473060103435     
   38.067512130515965     
   37.893210546067181     
   35.757414515626699     
   34.163465397737625     
   1380.2607900589992     
   1269.1158844512611     
   1127.9974461749168     
   987.99325810832329     
   872.24258780504624     
   785.92646305623907     
   710.01954698112513     
   636.65359017852325     
   609.06201124894471     
   577.01978175154841     
   539.50908744110359     
   498.23713673350062     
   478.18630098413905     
   468.36455803824617     
   444.94027258083833     
   386.24721781417082     
   391.14263576081913     
   370.12588885450754     
   366.83162547461961     
   382.71372077562364     
   380.16887205125153     
   358.76851988918378     
   353.72906627173512     
   334.77088402152759     
   310.53540722972991     
   294.75654458387191     
   291.24133514630523     
   286.26766719476194     
   271.64484086464330     
   243.49558657512591     
   232.88224555954511     
   212.94725556042849     
   217.56935541464711     
   230.96798218557925     
   219.34439315306292     
   209.43996769969749     
   196.61924662820607     
   185.27011381266678     
   185.21325564484499     
   184.89021382191962     
   183.57416867648965     
   168.24651730183746     
   167.04523943317872     
   161.12781713188878     
   153.13936370435488     
   149.09889335783635     
   142.27378552802594     
   136.08610527938777     
   137.96046747447176     
   127.21904344995400     
   127.25197009031533     
   128.85578073899953     
   125.27643656785361     
   119.05690290045173     
   113.94546821416165     
   109.71942978032926     
   107.85054418587703     
   105.94125975041577     
   100.83414759456255     
   97.782537940542568     
   94.007075513000814     
   94.248099037310780     
   88.905518587809496     
   85.785343247307623     
   84.087797758596395     
   84.177344981196214     
   80.814485507252627     
   80.605551389493570     
   79.977245998269225     
   75.633517072047340     
   75.829701008049838     
   71.648505892935177     
   70.878164841743413     
   69.570228929946367     
   67.068744547655839     
   66.350405555696568     
   64.366009353199388     
   62.436321817166792     
   59.157953574101711     
   60.090388076701629     
   57.508912032332283     
   56.628987415604982     
   54.069703827405569     
   53.263220001476427     
   51.853254383927407     
   50.615577503599965     
   49.516354323686215     
   48.437345925719448     
   47.606709105107541     
   45.306246903781094     
   45.458974981687909     
   44.435140492602002     
   43.680880022656424     
   41.696420109776462     
   40.732642061539323     
   39.495514601011365     
   37.759894645926984     
   38.018523419262443     
   35.169671949333122     
   34.199708191427860     
   1382.2686135188537     
   1260.8551916389868     
   1138.0926577209664     
   999.85766796956148     
   889.44830920245670     
   777.64513779541198     
   709.59642221106219     
   645.81991267078888     
   627.76983998650451     
   584.32553440577249     
   534.85458122931232     
   503.16335576971915     
   476.78081112251846     
   474.89740899382105     
   443.00358204875516     
   409.23901637164408     
   389.00171317558039     
   368.98206093092165     
   359.00895585319364     
   391.99911706307370     
   375.83062710073784     
   369.09906388689956     
   361.55003192392655     
   329.89695358268403     
   321.01446505922104     
   302.37031786465440     
   289.50485723322356     
   285.65923488959635     
   268.07798512993878     
   247.03457452538933     
   235.39997749361225     
   216.45669654096977     
   225.15004669155059     
   220.99992277163992     
   214.76587827506620     
   207.52923704060049     
   190.20882530047123     
   181.28518508997124     
   190.26840104725284     
   191.68195444622432     
   183.81626760820501     
   172.11089920102597     
   163.08330254787472     
   157.08029627570761     
   151.65495554359237     
   144.90723866138728     
   140.18366034989350     
   140.56005712568029     
   141.27783861246604     
   132.12224780624871     
   131.89810347157601     
   128.00701819419163     
   125.28312268687684     
   118.59449263123055     
   114.62792868528879     
   107.69246722448513     
   107.77160364832578     
   106.30796927875150     
   101.80623343550778     
   95.448376344809759     
   94.195394556889497     
   92.155956946591132     
   90.210096098416145     
   85.980785872206951     
   82.918873132180238     
   81.386936691641978     
   81.117255836066391     
   79.680797418289131     
   79.251073816245011     
   77.282011816635332     
   74.346597909574228     
   72.601108611378365     
   70.552749326318093     
   69.966537513385347     
   67.273456132061511     
   65.088590775667114     
   64.025421501466795     
   61.739848425290411     
   59.826514960562584     
   59.601804997059908     
   57.418861587385123     
   54.712436732060723     
   54.462338719804819     
   52.868857975255665     
   51.776368051107518     
   50.638349230087719     
   49.435761230653760     
   47.277261038784353     
   47.865377139567030     
   46.101215668884429     
   45.066928379248743     
   43.949162910388019     
   42.712830466359463     
   41.190837635200033     
   40.930596885000313     
   39.104980138495591     
   37.736498470417487     
   37.267614624609898     
   34.598337409411741     
   33.677527405439719     
   1398.2035210268600     
   1273.4183741178995     
   1154.0296582830351     
   1010.9189553972121     
   898.00971499119100     
   785.05140268497075     
   722.32445644398217     
   659.70418994347961     
   638.52827819718743     
   591.69992376645644     
   540.52832060673927     
   484.37675049156303     
   478.25886274453319     
   473.86822019508026     
   435.66230337020374     
   392.84592267911125     
   395.84764682886447     
   380.85177796363013     
   375.46520942095987     
   389.23088096435129     
   375.18116931400539     
   377.00982064428314     
   366.66794615494268     
   341.56693639311021     
   326.55404059703460     
   300.84488775419152     
   284.43668470515780     
   277.72410299079161     
   267.77357447065390     
   246.43076228454285     
   234.66853757453202     
   212.03901791763982     
   228.82613346317430     
   221.69023631370862     
   216.21553945789955     
   205.54553891961768     
   185.61532627707501     
   181.84406898610609     
   197.04576645831878     
   194.90596918080820     
   188.80749767338648     
   172.80010365675065     
   167.99808798308365     
   158.32450226344127     
   151.77216387854264     
   144.82325893001791     
   139.11587019137005     
   138.92520837935950     
   135.22823260691311     
   131.71955888779877     
   136.01975629903217     
   129.50574028903105     
   122.31408279192257     
   119.84559670689512     
   114.03831705498988     
   107.55832945056923     
   107.41972887155922     
   102.81995187180446     
   101.39403427339317     
   95.085435446820583     
   92.348289593255132     
   91.816990603813736     
   89.244088595992210     
   85.442977661031563     
   83.297098091565687     
   83.328523984523656     
   79.877892044294839     
   76.739732088929202     
   77.170070792709012     
   77.801486943961251     
   76.278797348269350     
   73.296242908188262     
   71.609855515281708     
   70.195080294297654     
   67.639662859556537     
   65.838985501525144     
   64.034349076129104     
   62.145254867196513     
   60.564332506509089     
   58.966554347664065     
   57.358355844423613     
   53.618104316930250     
   53.137930673186872     
   52.567289216122845     
   51.772834048637925     
   49.724144858686131     
   49.532401306222098     
   46.800350695100690     
   47.490360474630343     
   46.576526698052824     
   45.188840291772543     
   44.469616779064538     
   42.858812271372607     
   41.587044455941694     
   40.021686572552717     
   39.872692813412066     
   39.195597687353285     
   37.496026312083636     
   35.592939198917151     
   33.076528998527813     
   1402.4858992850852     
   1306.2847409152293     
   1166.7365101648343     
   1024.8649224755293     
   915.44048883266782     
   790.00514639692551     
   719.61079433294890     
   663.39453021426334     
   635.69043949169031     
   588.51859150822258     
   549.28560079769500     
   486.94158596814134     
   466.13077151620587     
   458.70416485759409     
   433.64503886708883     
   405.18947734940059     
   390.08736659911716     
   379.01712753621587     
   381.40896202321107     
   373.79387393118759     
   372.33412534787635     
   378.17713976711519     
   360.96402289042419     
   348.02194796107830     
   316.13058622054587     
   307.12224967088855     
   284.32307234325219     
   280.72357575435660     
   263.82420103214639     
   242.91230675907718     
   225.60554397937790     
   212.85498689751768     
   229.49105726475415     
   219.53936365254893     
   219.11347676722804     
   200.00633662115973     
   180.81548076426867     
   178.89898169396278     
   191.89147677737128     
   190.54744347190723     
   186.78210805767748     
   172.87027945273184     
   168.88757593056908     
   160.78818143970082     
   152.41975788202612     
   144.17300209261992     
   138.49899755650139     
   136.59884253103345     
   137.52576586745650     
   133.16456743267412     
   136.22695453573746     
   130.12726205790364     
   120.43842441229104     
   122.71056344264358     
   113.67196193997492     
   105.36674080648642     
   108.03052637665661     
   103.23162956272571     
   99.841515918977422     
   95.786693462123324     
   93.514386227474276     
   88.808011196334320     
   90.173780082130492     
   86.025743273079371     
   82.927068963310461     
   82.756170752060015     
   79.112268468262783     
   78.247373533812976     
   74.731099121868482     
   74.795651614252947     
   76.791982270474747     
   74.227454576062016     
   70.327913731808138     
   70.445861997918158     
   68.073294339751087     
   66.682109961146139     
   63.281118601497113     
   62.970162763185904     
   61.108662803947780     
   57.427299725821072     
   56.443630207110189     
   54.799574320361948     
   53.589217724719418     
   52.721899345707989     
   51.796848472372034     
   49.695744556773917     
   48.551129374866605     
   47.520574865187356     
   47.097381823067678     
   46.525677565834854     
   44.608775984287504     
   44.741849415855640     
   44.697639148057632     
   41.212352419254437     
   40.580694613321164     
   40.019621478638499     
   38.976408347438955     
   37.161572697203070     
   35.054709404383644     
   32.716845504297936     
