           1
        3200
           1
   882.29889498268437     
   837.19936799358265     
   801.48618861519458     
   778.74936745958348     
   760.78178673951868     
   743.83048323178070     
   725.96644796465262     
   709.99794913887854     
   694.76848738491537     
   679.16861600405741     
   663.47790464618299     
   647.48657921689824     
   632.48448534485669     
   618.83561169515633     
   603.14457754708428     
   592.04492082317904     
   581.38358287209303     
   569.88226213784537     
   555.60636004227422     
   539.73784106906373     
   528.11343721336698     
   516.20292465853515     
   504.45536953523873     
   493.96903220209293     
   483.81094986480639     
   472.58384960282245     
   461.29100855849640     
   450.55649912127529     
   438.40299682080934     
   428.72259204962802     
   421.25355665398121     
   412.32565023735481     
   401.25536277913824     
   392.77220661150807     
   383.83573427461488     
   373.95726653144362     
   366.44126531253812     
   358.49609927486966     
   350.78234141271298     
   343.18026504131967     
   335.80795671956457     
   328.53215772263104     
   322.56824677262324     
   315.68601081834026     
   309.57995793611713     
   303.50972327057133     
   298.04952996899260     
   292.05259073053895     
   286.64193472815958     
   281.54949258745091     
   276.27413128016656     
   271.34515707767457     
   266.62144220526937     
   262.01503011267891     
   257.60972494480080     
   253.31694770838436     
   250.02510375112524     
   246.07423526055746     
   242.03186586997558     
   239.15374460324776     
   234.53089121529601     
   231.87450789565759     
   227.81762519171667     
   224.41761805099785     
   219.64769591654181     
   215.40807521881010     
   210.62421773176936     
   205.71939387343599     
   200.72861364699983     
   195.75472534086100     
   191.64955935526098     
   187.50429732443078     
   182.98012629701284     
   179.12299336543597     
   175.20846263490606     
   171.01046654638932     
   166.97845476393826     
   162.99467965217445     
   159.65763586289989     
   155.72278092918134     
   152.45113466187161     
   148.99341929072807     
   145.67374977821589     
   142.63355549110690     
   139.79789787156963     
   136.78565164930018     
   134.08759273824745     
   131.40411323159591     
   128.95531818746002     
   126.36570199947293     
   123.61836083475386     
   121.14017790791578     
   118.67427822076117     
   116.20277690139298     
   113.88257453970627     
   111.52714479574024     
   109.35665511290358     
   107.33497855645683     
   105.25419428234505     
   103.13845745312247     
   902.33224011985453     
   876.42868448252102     
   845.27785835709778     
   816.38973354219490     
   789.51897866008073     
   766.36282174482596     
   746.65029259408834     
   728.77416294701550     
   707.64502300612560     
   688.54038790884738     
   674.78706162646404     
   659.03255270454406     
   643.39637978340795     
   628.90662631362170     
   616.13608515246847     
   602.78889699010915     
   589.35598402176606     
   573.60213621905245     
   559.86992907894546     
   548.71127568533461     
   537.20208144753644     
   524.84748239029398     
   512.14904457511375     
   499.42703152161005     
   487.29538185570186     
   477.01088653001102     
   466.16201000767205     
   455.27042470231936     
   445.47306343730764     
   433.68958829538309     
   422.54847942891348     
   411.52028049943397     
   403.00911919251865     
   392.98327193716148     
   384.64862058983726     
   376.75554455596790     
   368.09635846699302     
   360.55434224694397     
   352.68242142152405     
   344.24312545728833     
   336.78672144016389     
   329.93805206157350     
   322.34110574343799     
   316.65506582157980     
   310.15307374549076     
   304.72215674620372     
   299.06653887982645     
   292.54202028235284     
   287.72251419384150     
   282.94865098540976     
   277.12332186544995     
   272.15340934230198     
   269.07716173365753     
   264.48563483273614     
   259.99299492585016     
   256.35408757981759     
   252.77012695923975     
   248.52967552215449     
   244.28361544111172     
   241.71957464348259     
   237.77642458802239     
   234.76270571812148     
   230.31212836769538     
   226.70493295088244     
   222.53697109649033     
   217.90163314502638     
   213.06442235492230     
   208.05020708015627     
   203.11831022158998     
   198.31815877581118     
   193.66852704367074     
   189.37777808899961     
   185.21015322652875     
   180.67605161188101     
   176.51584442398351     
   172.35051503023368     
   168.33428349066475     
   164.33587382655384     
   160.67187473148545     
   157.56674516607762     
   153.90971634062905     
   150.55307114444850     
   147.23755101098425     
   144.03152636647064     
   141.06469539167506     
   138.08554114377418     
   135.20482588236803     
   132.51162584290674     
   129.69501203476170     
   126.91628616826392     
   124.17917740002088     
   121.78181199076292     
   119.28895233953180     
   116.79916522171732     
   114.51466706279801     
   112.20326417052986     
   109.98668679247714     
   107.73221010798827     
   105.66274626449692     
   103.57834698210750     
   901.91348128967593     
   883.99709350855676     
   862.92158633575809     
   835.57228114508666     
   807.83990537564364     
   783.25818832732489     
   759.47105626146879     
   737.09999694963960     
   719.65837475181183     
   703.14833345523823     
   684.47479317061959     
   670.80739945944583     
   656.29822586352657     
   640.76810471197234     
   625.81095423703778     
   609.16616050813855     
   594.15938631309075     
   580.26182428369100     
   566.46788865737585     
   552.77507812770466     
   540.26849212126831     
   528.21509936524569     
   518.16605772257799     
   505.66308086989437     
   492.24799943690402     
   479.54157207212336     
   467.96014638080095     
   456.95130405136257     
   447.08812474267222     
   437.66128085553760     
   426.74635349067398     
   417.16822967941789     
   408.09602164113335     
   398.88364511523457     
   389.57234039928721     
   379.88563012779071     
   370.91263035243566     
   363.56278661498357     
   355.62051577470748     
   348.42233770363384     
   341.43785801295809     
   334.12933782051442     
   327.81889947901834     
   320.98915565638936     
   315.09995960260255     
   308.46038217575619     
   303.93146833446161     
   297.76769345942881     
   291.87619542877036     
   286.68767386626502     
   281.58104248072959     
   276.25255047395802     
   271.60385798451568     
   266.97622412469235     
   263.77525152994826     
   259.97989201747112     
   255.76333114369012     
   251.19583027030697     
   247.02321351624900     
   244.11484043230536     
   240.03979705872925     
   237.02609259433814     
   232.74542840952313     
   228.84540420264844     
   224.60602134161763     
   220.06990788249834     
   214.66993367107426     
   209.37032132038371     
   204.78582561282772     
   199.81794081137463     
   195.58204846309837     
   191.04319848338926     
   186.57040393974737     
   182.14863686862839     
   177.84506638512738     
   173.18288012350939     
   169.38261926015798     
   165.53119092614781     
   161.73986985269568     
   158.15337975932826     
   154.54627574850110     
   151.06208478382956     
   148.04686393121733     
   144.88900235228257     
   141.87478452274306     
   138.85766938085004     
   135.85258909688980     
   132.92192987921294     
   130.29306974277117     
   127.65352620707418     
   124.88534726486776     
   122.42860306634610     
   119.91694545231788     
   117.52598381798909     
   115.06652163382672     
   112.80593040102553     
   110.44521955702531     
   108.25672099084829     
   105.97476849962030     
   103.81938935911175     
   908.80828114772544     
   885.67445977606735     
   865.11764918467270     
   848.10200723266018     
   824.63255626516116     
   798.73531010127203     
   777.08659868351913     
   757.36102486876962     
   735.32967351682009     
   718.43149467760406     
   702.63934663577186     
   684.82355425073627     
   664.58906992796949     
   646.58715813351148     
   632.75050443390273     
   617.58552416202735     
   602.24646308898355     
   587.11421646952886     
   573.49357517623844     
   561.17260893060757     
   548.19999354397089     
   533.61474016360694     
   519.63440064890597     
   507.92853902198544     
   496.91327294584596     
   484.54411008956424     
   474.14761876036982     
   461.97022513288493     
   450.29353903485992     
   437.17429441024973     
   426.35742076654071     
   417.27019527737883     
   408.36739027630449     
   399.96176226952787     
   391.09871018309644     
   382.98912752789676     
   375.25165483236719     
   367.44686077750015     
   359.15167703044273     
   351.09286793065013     
   343.46725787714229     
   336.52129697928933     
   329.19626731410881     
   322.28153547177766     
   315.53625734564105     
   310.14021266224483     
   304.39589748058046     
   298.74160045287522     
   292.09239215598620     
   287.52467579783115     
   282.44107240526432     
   276.39499721451369     
   271.88425043948035     
   267.83269872696383     
   263.93846988186067     
   259.77753072279842     
   256.47693532237906     
   252.50983959454055     
   247.84835476821416     
   244.81389930539257     
   241.33813308960220     
   238.02605288725641     
   233.90853686085831     
   230.24407200389291     
   226.24369405908536     
   221.74576985104028     
   216.76196404940421     
   211.51844083957891     
   206.61632487322396     
   201.32481675378773     
   197.23674925732476     
   192.40164111861480     
   187.67747647616787     
   183.06952636508595     
   178.37606877130179     
   174.47839067806098     
   170.24625842897470     
   166.07999416876928     
   162.51841287206497     
   158.73021593464608     
   155.32196113403913     
   152.04020381149198     
   148.50441711861052     
   145.18128543895040     
   141.91775953496185     
   138.97984369169794     
   136.29307319728807     
   133.44764002498269     
   130.66672913531460     
   127.93254402427489     
   125.34165270849648     
   122.69589018106035     
   120.27065503415542     
   117.82036761350632     
   115.32405518383854     
   112.82833027571972     
   110.44940184817754     
   108.10978790722251     
   105.88774309914399     
   103.58021958664304     
   911.36707849206209     
   887.90910609942603     
   867.00009166148027     
   846.99811931227759     
   829.60408110344656     
   809.24488795009665     
   786.95428157464335     
   766.88641954375908     
   750.87528283121958     
   730.32110550405139     
   709.58902529650538     
   688.88028615230246     
   673.54410264183491     
   657.54757423028911     
   639.10329582639440     
   623.38389880775014     
   609.51778179624159     
   594.10485099463131     
   580.43323139257063     
   565.04577582429351     
   551.52651341035539     
   536.80984724525456     
   524.63130687573221     
   511.99835902064927     
   498.23381711000746     
   486.46344947098441     
   473.95424600660471     
   463.58806520187352     
   453.19350125536982     
   443.16769587206619     
   433.51785943239975     
   422.77396975507202     
   412.56228080845085     
   404.11399449467365     
   395.76847952399288     
   386.73086876470074     
   378.51139259850936     
   370.24147837411323     
   362.07520456905581     
   352.86119596685637     
   345.42185514668057     
   338.45807173497121     
   331.48849443946409     
   324.62702468913790     
   317.90276340874016     
   311.50815989691239     
   305.49981193142912     
   300.91933228105188     
   295.32720551572868     
   289.36582462406807     
   284.26479239359037     
   279.30311327152492     
   273.37354628758169     
   268.90005131355377     
   265.22630363897167     
   260.89715176855651     
   257.39683054281295     
   253.56882064392630     
   249.63918537746093     
   246.66976442817617     
   242.95690303180913     
   239.41908753015184     
   235.56051936120622     
   231.91267243530999     
   228.11245964431572     
   222.94369957561332     
   218.08783846790783     
   213.13137462192506     
   207.31493766917976     
   202.40766692874439     
   198.15205118368985     
   193.22882488476208     
   188.79309246971772     
   184.28476678717135     
   179.38804243334215     
   175.19389570970338     
   170.73876377914306     
   166.50048451095853     
   162.68814789792225     
   158.94324068004130     
   155.43494335404819     
   152.23413826302007     
   148.78687822847783     
   145.47409498136872     
   142.42382367571474     
   139.22261313943523     
   136.10594409523145     
   133.10447394382845     
   130.03986061665313     
   127.18372812221236     
   124.24155381218318     
   121.61307126923866     
   118.98743776680780     
   116.31784224465888     
   114.01737346033173     
   111.55059645824196     
   109.22927936720548     
   106.76827247598852     
   104.48550824491619     
   102.09337947598232     
   915.46366293332756     
   893.79765260933254     
   874.29931538513233     
   850.96653645368326     
   833.04243354741629     
   813.76300512147509     
   797.32864573945540     
   778.06964971868388     
   754.47695566910693     
   731.84170503508608     
   715.63375431324778     
   697.64529643028311     
   679.59698838504528     
   661.45054257663423     
   645.99994911486726     
   632.06699559111814     
   615.95870856883312     
   600.69463686607628     
   584.49374614933015     
   570.74832250117652     
   556.52866938618126     
   543.25254850073327     
   530.07488654168128     
   517.30849934946082     
   505.47057528360892     
   494.00302428717487     
   482.97344844702064     
   470.62337244175376     
   459.75429600853977     
   449.88376060006772     
   439.44440645103521     
   428.54035717526125     
   418.06230113492370     
   407.04642463069712     
   397.94717922559778     
   389.26263640034239     
   380.26770675192228     
   371.76220509973803     
   363.78938935106618     
   355.48071901948754     
   347.67528608318599     
   339.98949350817446     
   332.55129813955307     
   325.78763051127379     
   319.74588111924788     
   312.59749790847070     
   307.03793869451272     
   300.54097155175651     
   295.75310931479248     
   290.44859516203843     
   285.16253757365695     
   280.14027990311854     
   275.59980701381232     
   270.80386262407711     
   267.45184249942292     
   263.09480072013008     
   258.84938007475546     
   255.43543600601598     
   251.68014121763821     
   248.03708917346196     
   244.68094343292563     
   241.89469493499803     
   237.98247231922392     
   234.19600921884131     
   230.59046357215118     
   225.30458122049703     
   220.07426825752901     
   214.73109082658493     
   209.55026598280267     
   204.56333294075424     
   199.44994922452463     
   194.60029783249593     
   190.24601509053136     
   185.15065263058264     
   180.05711883976582     
   175.34263484648852     
   170.79161434880282     
   166.64127717043218     
   162.77670561796381     
   158.59465908525132     
   155.25988324658641     
   151.44790413183202     
   147.89579838686683     
   144.65925519499501     
   141.33046155749494     
   138.05754061130605     
   134.81463947951329     
   132.06137526300822     
   129.06843148126003     
   126.21103799497916     
   123.54543982630616     
   120.59914876342165     
   117.65673808576778     
   115.06492446879511     
   112.43797514536452     
   109.75298055131857     
   107.13832257394057     
   104.61047925862557     
   102.23037118305707     
   99.748238768094922     
   918.29210871260602     
   899.20674326752385     
   876.40592890361052     
   857.10110656135635     
   837.39456245848157     
   816.81733791983243     
   797.30628375782885     
   779.58271502295679     
   761.35961743775204     
   743.41692068906355     
   723.89348021699914     
   702.83549225212641     
   685.56412428427757     
   670.11874331935530     
   653.86471727972003     
   636.52899465139922     
   619.14663166118248     
   604.03654318039310     
   590.43574582262818     
   575.56721078424857     
   562.40161199773058     
   548.97546177798506     
   535.50923156179454     
   523.36281307129320     
   511.22011321725535     
   499.82585558235030     
   486.58885581837296     
   473.86753534515981     
   462.09572313463127     
   451.06038362829111     
   441.42911042071017     
   430.58595976731885     
   421.40230201919502     
   410.88108578030563     
   401.46512361174291     
   392.55698031758300     
   382.53400812746276     
   374.45516744069266     
   366.18567226712298     
   358.09709610988557     
   350.84309436268671     
   343.59819288890174     
   336.64896784619123     
   329.06948747469261     
   323.29081833455109     
   316.74242002738526     
   311.08034774917775     
   304.48945711198724     
   298.94153280267341     
   293.85977013330944     
   288.69816600609010     
   283.06162054765076     
   278.49508043363477     
   274.13984407855423     
   270.03622284254698     
   265.53375363271766     
   261.88285691054887     
   257.47286410758466     
   254.29778027777002     
   250.06116284399002     
   246.44384596680339     
   243.20848401710276     
   239.52963676064130     
   235.52810404514008     
   231.72449534313779     
   226.77909206244632     
   221.30378983678710     
   216.17634443599869     
   210.51628962406949     
   205.50336835695978     
   200.58885033354534     
   195.45173527396452     
   189.93454650690131     
   184.58559808950429     
   179.32351401134062     
   174.45082378147669     
   169.87583605767415     
   165.23760589125214     
   161.18743264962518     
   156.94416365743763     
   153.21209840118303     
   149.21084315276528     
   145.59810603048973     
   142.12770034915832     
   138.54812329916032     
   135.24949763076341     
   132.03794871515274     
   128.87863710564460     
   125.56677048539501     
   122.50695536683197     
   119.77618064285134     
   116.60548023988295     
   113.82134498866151     
   111.07894955478841     
   108.66408296012001     
   105.97649735754837     
   103.26417631390301     
   100.59613011815848     
   98.094946191845793     
   95.544324864563421     
   922.28568558335087     
   900.61128888458870     
   881.59065404180069     
   861.93992300443449     
   841.73326658047188     
   821.11734824607584     
   803.59121619100347     
   785.70894202878799     
   766.71292113394270     
   745.98396141781473     
   728.11859969767352     
   710.60865684623934     
   692.13249752993238     
   673.25914147293690     
   657.03537595714704     
   640.06585999542403     
   623.34248672607407     
   608.13220698476061     
   593.13917752860766     
   579.31609150649842     
   565.35458247563906     
   551.89348599586617     
   539.83942362997857     
   528.18480356685029     
   513.72533061110778     
   500.61153251494790     
   489.29646836169070     
   478.29542304779852     
   466.98455625098075     
   455.35371704603142     
   444.21684131034033     
   433.64267685893134     
   423.35686424594667     
   413.65970092538106     
   404.40061702409685     
   394.93870782633104     
   386.06469524770546     
   377.62502779718182     
   369.49574118424664     
   361.40576268444977     
   354.04515857545698     
   346.68348649837179     
   339.25971338694467     
   330.93475884603851     
   324.26904211193573     
   319.08253748326047     
   312.39870952798265     
   306.82886028857916     
   300.49921855617157     
   294.99568317875423     
   290.01130020511806     
   284.74852495361660     
   279.73768349179068     
   275.57664490099313     
   271.35056624268867     
   267.09048951394516     
   262.26194294107091     
   258.92495346956184     
   255.82766476041479     
   251.87460564303220     
   248.43106737162657     
   244.88893945255441     
   241.58313630388022     
   237.74854740536779     
   233.70280123139196     
   229.09542195972330     
   223.37260177541708     
   218.18284510178876     
   212.80724494956405     
   207.53736576411134     
   202.09340025784041     
   195.52775736525624     
   189.55336646135657     
   184.20193509298332     
   178.74507971828595     
   173.91362743317043     
   168.95056768821445     
   164.20895737327086     
   159.75384129809385     
   155.38319552275595     
   151.01161070122453     
   146.85574368612492     
   143.03538997603226     
   139.18348547632434     
   135.25665600944581     
   131.69009577179972     
   128.05716238754650     
   124.55573577121135     
   121.30280791211165     
   117.88540246191710     
   114.84458952481637     
   111.92916496540033     
   108.98569592565245     
   106.16630265886303     
   103.19423807055742     
   100.49559762929881     
   97.930456248375421     
   95.273816471183295     
   92.595166517263536     
   90.067229891111339     
   926.84067651505995     
   905.11424208172980     
   884.45107149808530     
   863.71230812744557     
   844.99737118652627     
   826.54000302318354     
   808.78787884730548     
   788.60399833281531     
   771.58042034433333     
   754.56054691343127     
   736.82701153407027     
   716.35840747575571     
   698.45468521178600     
   678.49869888761441     
   662.78041801384325     
   646.66656824233939     
   630.83920027234035     
   615.83047921068419     
   602.15978655046888     
   588.01832596212853     
   574.00996666260721     
   560.34579847548275     
   544.72931998239085     
   530.01991816913153     
   516.59142261024977     
   503.73232814465899     
   491.64748985340702     
   479.91288269673242     
   469.91269148222358     
   458.62171783462554     
   448.56515694599869     
   438.75860005774666     
   428.65050338756947     
   418.86409556595561     
   408.85267297500792     
   398.81454870195103     
   389.75884409572632     
   380.75385324647124     
   371.11426217657379     
   362.48200580505318     
   354.98710649107704     
   347.51207659883920     
   340.25268278159626     
   332.45914940527086     
   325.17452314446336     
   319.09963371177429     
   313.15552158123307     
   307.75318826604786     
   301.92057311761681     
   296.23439945383859     
   291.30580161851333     
   286.66295914449609     
   281.81544829173509     
   277.25719625591830     
   272.69258988749993     
   267.65443621068783     
   263.85678783548087     
   260.37163513796190     
   256.65952785995671     
   254.25641494252767     
   250.81021924468490     
   247.26068937494307     
   243.91224606858592     
   239.58037127872322     
   235.81251306544692     
   231.25004631006573     
   225.62994457290614     
   220.05435644470015     
   214.40861282865905     
   208.57741251968446     
   202.51255746055045     
   195.07393489752826     
   188.52317789617319     
   182.37307492280334     
   176.96646094254919     
   170.82073342064078     
   165.76398839790176     
   160.44288795222943     
   155.71338101344924     
   150.92942700783846     
   145.94877686131122     
   142.07500959359663     
   137.52131900267727     
   133.85502219661328     
   129.59993285620504     
   125.58985917188923     
   122.16918291028821     
   118.51561056387172     
   115.02456144214349     
   111.70649670102884     
   108.77325849820906     
   105.94493731315049     
   102.82456101840756     
   99.681068699908707     
   96.755958079657887     
   93.757308424935843     
   91.134759835387882     
   88.334227147884576     
   85.432635211362182     
   82.705482180146603     
   932.44823755803804     
   908.19764953584831     
   886.16699839610874     
   865.15525020468499     
   846.64608579709920     
   827.66478513115203     
   809.99039193823103     
   790.94586942987053     
   771.33623180959978     
   753.26685534674129     
   735.24124746431198     
   718.10276563968205     
   702.68762842064564     
   686.96208705549475     
   668.90666064511015     
   651.68175877154192     
   635.30095816712890     
   619.95161880275646     
   603.17345692516301     
   588.96587828768736     
   572.92899674707348     
   557.87355339185956     
   545.03258956708703     
   532.71906078426923     
   521.92895726402537     
   510.30063881421489     
   497.22532602483875     
   485.53059164021812     
   474.33275298027439     
   462.72990560294909     
   451.31119884352040     
   439.26170687015383     
   428.54640571956946     
   418.50812803960935     
   408.89328951622326     
   400.16255865644177     
   390.91563292576177     
   381.63329032596999     
   374.56036051472961     
   366.34015550749899     
   357.68302945157643     
   349.71076703388042     
   341.90467511830929     
   335.09639183248225     
   328.18343712369915     
   321.52056979026077     
   315.01053069160292     
   309.17213834186884     
   303.82960329151160     
   297.92085267507616     
   292.12455472881021     
   286.28059236015037     
   281.11971582249873     
   277.05415756545528     
   272.68357062727699     
   268.93521361810031     
   265.12092705593568     
   261.34669792324235     
   257.19663273093011     
   254.24410130073920     
   251.75645402506223     
   248.17515254655393     
   244.33873312396832     
   240.90861399138294     
   237.55495893247652     
   232.89967408309792     
   227.41878533747143     
   222.46301136982692     
   215.84349228218176     
   209.04572429569885     
   200.71627974907119     
   192.51806409503868     
   185.76829138571651     
   178.71897003081361     
   172.03894039093996     
   165.56097551475540     
   159.44271307123978     
   153.98244699551390     
   149.14062290020431     
   143.95469045570263     
   139.00254276315692     
   133.91273608749660     
   129.30860434806050     
   125.09303566664630     
   121.04994261573310     
   117.30162263698621     
   113.67608059187062     
   109.73962052162346     
   106.49165933351983     
   103.45640658069566     
   100.31417263144387     
   96.830559505916199     
   93.779793722014489     
   90.988220233025331     
   88.396003075033121     
   85.752783157868791     
   82.883507379080243     
   80.356069526575965     
   77.693086845286231     
   74.880249198789087     
   934.84403520001183     
   917.42357934975075     
   894.28521891518130     
   872.34100168647115     
   850.96985893365661     
   829.51989221686370     
   810.74526384719093     
   791.70455476129791     
   774.21715675692133     
   757.18018133936789     
   739.00408708777422     
   721.80139330593352     
   705.80126708888019     
   690.14771281651451     
   675.09314543332550     
   657.61349364845682     
   640.89168731544646     
   624.59634058490690     
   608.22706085523032     
   592.05328215717122     
   577.87073507627883     
   564.82215319079512     
   551.62872377832662     
   538.07292708946795     
   523.00730841488985     
   509.74786318079703     
   497.10080580485936     
   484.26261089238443     
   473.24081871188855     
   460.89969859203779     
   450.69517456404202     
   439.52255274928325     
   429.31989963066968     
   419.48220590412501     
   409.80711075203351     
   399.81391984844959     
   391.14378487147650     
   382.21024565414518     
   373.50139146670460     
   365.08541520933886     
   357.25485438135735     
   349.20789734290997     
   342.36012900579891     
   335.18051659359213     
   327.89612667091262     
   321.61535911567745     
   314.90634533117969     
   310.31286918448552     
   304.70056300385329     
   298.61212005293589     
   293.02685278349111     
   287.38554742607960     
   282.82943459081611     
   278.88316195356674     
   274.10679961281056     
   270.96955645689707     
   266.77644646405145     
   262.16291837218159     
   257.98325113679073     
   254.75784942004736     
   252.20799434983115     
   248.86777138849880     
   245.37984578294032     
   241.65511456128496     
   238.71322190145563     
   234.70831247884871     
   228.97924209821639     
   224.45902999552564     
   216.34434150770289     
   207.50116366158645     
   198.00083154455953     
   189.21959456548410     
   180.98103215534030     
   173.05661699701591     
   165.26911483702503     
   158.62855156913508     
   152.15714604800871     
   146.30817514752403     
   140.09602882852252     
   134.50926680806646     
   129.62040052859427     
   124.52844650433376     
   119.80422907535032     
   115.27168748658580     
   111.07406861681804     
   106.98785570795846     
   103.75855285784129     
   100.31590855101473     
   96.907885579370884     
   93.973275978254676     
   91.006507096221910     
   88.246890254099682     
   84.645024777177042     
   81.989677106309387     
   79.139040589918437     
   77.100172285335347     
   74.510852367526809     
   72.407001092580515     
   69.758107104705914     
   66.890350153725407     
   941.56030331723787     
   918.53693784206894     
   896.39575644296804     
   876.06943272129183     
   856.69210715694680     
   835.58026366028957     
   816.61419869885424     
   795.10410690012986     
   776.38136358042959     
   757.79711712996391     
   739.39355783724614     
   722.17505341218123     
   706.04326239226202     
   690.69617987410925     
   673.97202983785974     
   658.53173096493504     
   642.19869242288360     
   627.15550872090535     
   612.87314092618885     
   598.27339887263156     
   582.83242041164090     
   568.01395445032153     
   553.92222513096226     
   540.08263830697024     
   526.81615822082119     
   514.12515828577898     
   501.84534784223951     
   489.85307232310777     
   477.19366007807491     
   465.88777783960404     
   453.84995717117977     
   442.72547552856253     
   432.09822142563218     
   422.44036944147774     
   412.21706072296183     
   403.45714850577218     
   394.19380015780462     
   385.46741612438950     
   375.36954955097900     
   366.54113484189372     
   359.43112420011425     
   351.85730285869170     
   344.06102296281080     
   336.61456680610161     
   329.44907959215294     
   322.56068982064244     
   315.83617832665095     
   310.26671657430120     
   304.26169528946662     
   299.27320645446889     
   293.43848180956923     
   287.80070002933570     
   282.49539175151392     
   278.63375601054202     
   274.51869042556996     
   270.62226239475092     
   266.53637351227292     
   262.68336676130480     
   259.35076637564282     
   256.41783870927833     
   253.45076029057816     
   250.35276246407676     
   246.61744749202580     
   243.67402112732191     
   240.89996469250815     
   236.32361325795890     
   231.28139602906901     
   226.74862685441437     
   217.68890200018683     
   206.21272907446502     
   194.75095502060577     
   184.68958488196003     
   175.17647882257182     
   166.01002568229100     
   158.22417926847493     
   149.45262535331830     
   142.80670857692735     
   136.47218170026798     
   130.85127203432040     
   125.30702806752511     
   120.19879369496027     
   114.55910213233145     
   109.69902239240136     
   105.36269809638821     
   101.68027300762989     
   97.761526732814175     
   94.243825444054679     
   90.567977738734868     
   88.138768198544398     
   85.495793178295358     
   83.367171818072549     
   81.523484104893356     
   78.290046858988347     
   75.897460136871999     
   73.773173830478342     
   71.458524280494473     
   68.915403708313860     
   66.956770741011240     
   64.616157725673929     
   61.235785374698082     
   947.68753386217941     
   923.56884522726909     
   897.89555639929188     
   876.36856625337532     
   858.01002004208874     
   837.65885525711019     
   816.93667604779137     
   797.30075166903509     
   776.72850280006355     
   758.86058003714470     
   740.67577268634750     
   723.28818602982733     
   704.44291106355752     
   686.72652164518445     
   670.52954378975664     
   656.57504475839096     
   642.51721014949624     
   627.52893373632071     
   612.26916167772004     
   598.00972424842166     
   584.06004938354590     
   570.27127761710096     
   557.24521487530444     
   543.03108024814412     
   530.24845293243106     
   516.23677816541465     
   501.22671511532985     
   488.23207927784807     
   477.43195173711342     
   464.96662442987190     
   453.77606621444284     
   443.10399905856985     
   432.14212155116422     
   422.02548965403719     
   412.03264499292629     
   402.65510135710173     
   393.75947808321337     
   384.95688801649771     
   376.15256612265307     
   367.70980902370002     
   359.12051313653620     
   351.32613111464150     
   343.56631253504975     
   335.78148430914683     
   329.47844970687390     
   323.36449691553298     
   316.53386428529382     
   310.31758311054506     
   305.48706166889588     
   299.08576405770998     
   293.81605741678180     
   288.18795011250438     
   284.15696196144700     
   279.58646125030407     
   274.79442679625129     
   270.54415645198418     
   266.84524496016354     
   263.10563538504113     
   258.99371041592394     
   256.16725153809409     
   254.25843044813610     
   250.51553213530829     
   247.88017924915317     
   245.43060965948314     
   242.50030765191838     
   238.62950407338664     
   233.40519843212488     
   229.14252565606094     
   217.03328232077217     
   203.58460173978679     
   190.35739905353225     
   177.61762663884406     
   167.19055730087157     
   157.49397782920704     
   148.42491704764950     
   140.65153180988452     
   133.39425944719247     
   126.23778162612831     
   120.52492422533201     
   115.16948930624076     
   110.20103282133900     
   106.12569054735812     
   102.08497898772767     
   97.944852912618444     
   94.206440665701820     
   90.637788096018426     
   88.527564130860569     
   84.384839617340390     
   82.003524885187545     
   79.432520771425459     
   76.648291229978284     
   74.903346867673122     
   72.303045620764152     
   70.599124598628663     
   69.319336771060236     
   66.454447838653550     
   65.131026319178062     
   62.700759011097688     
   61.400074724432969     
   58.247796848217973     
   945.15669865224027     
   921.25525770928243     
   902.64002042530910     
   881.60835508285209     
   859.85554024928979     
   839.81311694151691     
   819.05838335739224     
   799.27125227394629     
   779.95012003895215     
   761.84643225934144     
   743.97560718420073     
   726.78422877294724     
   709.26903027910305     
   694.03863229679985     
   676.67866687278342     
   659.43442592404995     
   642.96777758680480     
   628.69204050041628     
   612.79574823426901     
   599.18093766970560     
   585.44895327733229     
   571.32122207664827     
   555.23132214852808     
   542.10531926145063     
   527.80252950885756     
   515.33196618195007     
   503.49841438525812     
   491.54810384210640     
   479.18109498666973     
   467.36695234220252     
   455.56320170797414     
   443.79513823084994     
   433.18557575034157     
   423.38815731347330     
   413.04143198915727     
   403.56647457356337     
   394.56735785321740     
   385.88651609870817     
   377.75332495627930     
   369.66721878578630     
   361.05072729472170     
   352.62104584298083     
   345.14137062660478     
   338.24006214815972     
   330.63253945786249     
   323.05296181765101     
   317.36819561505126     
   309.66131285122043     
   304.20069473203432     
   299.57658504540046     
   294.28318792852201     
   289.18331849726945     
   284.07213629040217     
   278.90236411145781     
   275.26170474523730     
   271.37166380267246     
   267.76946844851409     
   263.96945855199181     
   261.02533600973413     
   257.59404202087143     
   255.13016446170846     
   252.82950671061212     
   249.55260591132770     
   247.03224375943262     
   244.43507007633912     
   241.14607434740239     
   234.42419534138517     
   224.43545788415548     
   210.56283541002753     
   196.26872391807211     
   181.86491898488435     
   168.84306061219183     
   157.13227281444674     
   146.96227029582147     
   138.18430915759117     
   130.61053963408540     
   124.27466378578417     
   118.16171130361073     
   112.31858381971752     
   107.15266135917827     
   103.87395259184075     
   100.38022426191233     
   96.015260320869558     
   92.406560612043165     
   89.155312398155530     
   86.336388056798683     
   83.616599276442344     
   80.484919176672420     
   78.098870850225808     
   75.813827309600825     
   73.713024408400045     
   71.873419662680874     
   70.105701592981688     
   68.065393154173464     
   66.329317118165108     
   64.524434355780002     
   62.247039692347116     
   59.852376354023555     
   57.958600817786234     
   55.253413301545962     
   948.29971407190669     
   927.58070712497261     
   903.95446291905023     
   882.68080025013739     
   862.33542859312740     
   838.97203753386646     
   820.12385209323554     
   800.25890139868125     
   782.61415296977998     
   765.09218288335717     
   746.01600145350358     
   729.32088650601440     
   712.65487031166617     
   694.43379862748304     
   677.04121977880459     
   660.70831852972503     
   643.17681012502362     
   629.21946975297442     
   613.54570311868281     
   597.80483514672846     
   582.28246161615732     
   567.93357765274504     
   554.70181430652974     
   542.36100081584163     
   528.99095521853769     
   515.94134175898796     
   503.56532252775895     
   490.85323443027949     
   479.92238281367133     
   468.40352062131160     
   457.11993755697642     
   446.38896564257209     
   435.50061349265246     
   426.32429791870226     
   416.01678011552474     
   405.72313667688570     
   395.83329893537024     
   385.80688207031159     
   376.36679852478272     
   367.90732296578528     
   359.68281736679950     
   352.52695146419558     
   344.36318890456175     
   337.11192725066240     
   331.16212078489582     
   324.00987126705843     
   317.66322485123357     
   311.48806041517827     
   305.53334598215855     
   300.40876695413738     
   295.32485298854169     
   290.16352233248620     
   284.74070345648892     
   280.02335991332978     
   275.91273813479182     
   271.55775438356375     
   267.43633944604801     
   264.60131442009549     
   261.75598198582190     
   257.71350844139471     
   255.97567706389222     
   253.64516809380501     
   250.78289264811653     
   248.64037147523010     
   246.51831134591947     
   244.22428441841708     
   239.72142442378012     
   225.56414990004890     
   208.87665621221811     
   192.85674791932041     
   178.01343568567739     
   164.20183406443272     
   152.00224220656190     
   141.61497873896354     
   132.99755939134465     
   125.96391583283248     
   119.53837531494094     
   113.20492663815396     
   107.77208758517449     
   103.98462729961602     
   100.64353127783346     
   96.409583707057450     
   92.630548232897212     
   89.810036996531593     
   86.343512013643817     
   83.301419457938294     
   81.128626012346757     
   78.335851794438454     
   75.828961514282639     
   73.124528814613228     
   71.098928175194388     
   69.432370218067319     
   67.589903215759620     
   66.174812699045034     
   64.036015681979819     
   62.471922601320159     
   59.981901459143927     
   58.478432876868368     
   55.704509228450981     
   53.315377001554225     
   951.72220364048917     
   927.00172612133849     
   906.70532261603194     
   884.36385546098859     
   864.14257684539598     
   844.51002182409786     
   824.44521300555311     
   806.54732603954790     
   785.56625570185383     
   765.64373043051637     
   747.27743686857980     
   729.42160700663533     
   713.14059369019105     
   696.51223698631725     
   679.73375468697554     
   664.47368502317568     
   648.66183084992247     
   630.91255893791197     
   613.63581808348101     
   599.30019863951406     
   585.96223392410775     
   571.80976237548214     
   558.82157739641343     
   545.18039406712148     
   531.42704164571069     
   519.39345846848244     
   506.70292282953119     
   495.24513248026057     
   483.18455648876090     
   472.21248695687694     
   460.01688717047301     
   448.36609082577183     
   437.41501276719214     
   425.91149366123648     
   415.84456361506545     
   406.50587609762664     
   396.58825096889512     
   387.18662309406500     
   377.85663529134729     
   369.44153589657799     
   360.54715810817174     
   352.01349828655333     
   343.88626742327961     
   337.56708039926650     
   329.99505638456202     
   324.14488605978249     
   317.24328095168050     
   311.10291953838475     
   304.69223044086391     
   299.29697528400027     
   293.98916918153498     
   289.00442842152961     
   284.21793248411052     
   279.68811363331002     
   274.77249716216147     
   271.52171121570279     
   267.58891005037174     
   264.18267405927645     
   261.68569415830950     
   258.88399366236968     
   256.43008161774685     
   254.50466933610278     
   252.72839046191046     
   250.60233463990502     
   248.65719737241619     
   247.01799123806146     
   244.19869070178643     
   227.85927909817519     
   208.20016162470452     
   190.24376612361999     
   174.22609530379333     
   159.54348512208082     
   148.42199287631448     
   138.43412836576999     
   130.07128484910643     
   122.07945656801442     
   116.83128454884492     
   110.25955294864680     
   105.37750261038070     
   101.07555851260753     
   98.333893920561380     
   95.054766186957139     
   90.614180357011250     
   87.520531778393874     
   84.235991877611525     
   81.953829806324933     
   79.270948604332091     
   76.472244329657229     
   74.284987760709555     
   72.257696258149522     
   69.413145855333113     
   68.320672005645008     
   66.122477687507427     
   64.010321873217862     
   62.065487178192889     
   61.355065632100491     
   58.268031147047701     
   56.582001905290198     
   54.338822313592985     
   51.256201768285813     
   953.72716252257965     
   931.33555497964369     
   907.37292981760697     
   888.95979367696691     
   865.78430276855386     
   844.84993654676452     
   826.45104879536643     
   805.84007117974920     
   786.28723518900358     
   765.50156567128147     
   748.18042900496334     
   729.86354866791362     
   714.05573497321870     
   697.87452570673804     
   680.32933980620430     
   663.08480940638628     
   646.84723760399402     
   631.38647912570229     
   617.48629024978368     
   602.20381010330823     
   586.51630607959441     
   572.43605011986119     
   557.60934898952735     
   544.09778267280808     
   530.51659454484320     
   517.70114929304009     
   505.15739416187591     
   492.37589345059484     
   480.91854788687886     
   467.91921785565580     
   455.70602809818757     
   445.26274595862679     
   435.23256305123533     
   425.10796167242648     
   414.84958961301618     
   404.44503989303041     
   396.48289246367176     
   387.52400039826392     
   379.11874872189560     
   370.41125901492978     
   362.25327233479635     
   354.78074656967641     
   347.44163453401165     
   339.56657341527739     
   332.16523309131526     
   325.56559625366725     
   319.20432176020984     
   312.59029908955785     
   305.97574010587033     
   300.71681902563120     
   295.06672328715837     
   289.76962334530594     
   284.91273066873896     
   280.79733231256068     
   276.67187533069080     
   272.21620745785680     
   268.69358939260115     
   265.62457514945032     
   261.73818267579122     
   259.57075677532839     
   256.78159935956722     
   254.53443204477213     
   252.90371472977932     
   251.90180196795032     
   250.19259190576554     
   249.47838926085592     
   249.07571956565937     
   229.25698099313507     
   207.06780862710255     
   188.84184453473091     
   172.20863475808466     
   157.97132074024245     
   147.49306448553577     
   136.44032663653689     
   128.48640807158972     
   120.21510059073785     
   114.60310496320636     
   108.59571060242699     
   103.63323330045860     
   99.635492632188146     
   96.205986745476679     
   92.871768771996571     
   89.252239300902303     
   85.599991123663216     
   82.533981649093349     
   79.108487001036195     
   77.607627756929560     
   75.026817272385500     
   72.186897410553200     
   71.243777076376901     
   68.879492493209995     
   66.506834325372083     
   64.641356077003337     
   62.868559544708717     
   61.736584637295756     
   60.146278204781538     
   57.888178375985277     
   55.196404615590893     
   52.949678228637040     
   51.197129771940581     
   956.02486181201868     
   932.01340038056890     
   909.56781742842111     
   884.78059532515101     
   866.56014790610993     
   848.70720348349801     
   826.54615879067160     
   803.24612256086550     
   783.46054404474830     
   766.78481935996922     
   748.68167222568854     
   731.90941895262222     
   712.46197547500901     
   693.87302865921743     
   676.63325047534045     
   660.26768172726997     
   644.81571767681157     
   629.36717604656383     
   615.73085377650500     
   602.35289840305109     
   587.72290975921157     
   572.75106077072383     
   558.48477387521268     
   543.53366230973643     
   530.79793176162923     
   517.01075492916902     
   503.82019979385296     
   492.18434980117956     
   480.30677577275196     
   467.08830424407631     
   456.29286938269246     
   446.06294305384580     
   435.47388156393009     
   424.81465285092889     
   414.37752288480027     
   404.36693399792392     
   394.35738198854932     
   384.98363180111926     
   376.76309032969107     
   368.62306456722479     
   360.73937800681756     
   352.57888702075434     
   345.33359380772140     
   338.41369462453440     
   331.44652255981259     
   325.28455127244843     
   318.71061826773706     
   312.73807690314561     
   306.40067121660491     
   300.76027816291077     
   296.04316645010709     
   290.66823769993397     
   285.67987185243692     
   281.73190836228389     
   277.24467808314404     
   273.61532580747257     
   269.83601505864550     
   265.92014409144031     
   262.69976607047187     
   260.56559654875718     
   258.04315502747454     
   256.12114297561629     
   254.04353581332762     
   254.01599967119813     
   252.62980625641046     
   253.54780919980641     
   252.87980994106960     
   231.97290443170036     
   208.17444313265503     
   189.24737201794943     
   172.79574323481154     
   158.25458623038401     
   146.92011103804421     
   136.69891385103992     
   127.49538495767798     
   119.66518013534517     
   112.36687714672269     
   107.59281907157617     
   102.58439914917477     
   97.970797700901869     
   94.039587109082419     
   90.690155530909990     
   86.837683041606837     
   83.418775717019884     
   81.320495827543439     
   78.165832802925678     
   76.118657545315713     
   73.770787183062041     
   71.359499869615746     
   70.109905009605541     
   67.190606243811516     
   66.077379983232319     
   63.392475978688026     
   61.696308120537999     
   60.078262324643703     
   58.779525483780930     
   57.552057156396032     
   54.431399513630971     
   51.828778526952888     
   49.569057373048835     
   954.34982139200440     
   932.43061258048920     
   909.93080611416792     
   890.94309112270139     
   868.08355793968462     
   845.54016794008953     
   825.08162155371338     
   808.71170530931954     
   790.46294453033056     
   770.17878527930247     
   751.44787361079000     
   732.50785755906418     
   715.10928863790480     
   698.19399549885065     
   680.06165525046993     
   661.54159944080584     
   646.66771242874950     
   631.19225310801039     
   614.30400159544695     
   598.90282096491012     
   582.71654484131409     
   569.38603058472972     
   555.99649940419704     
   542.88514856152665     
   529.19887071841595     
   516.83142568505014     
   504.36890969665910     
   491.17183011123302     
   478.78951419654436     
   466.99551261454292     
   455.90522960098281     
   444.02070884992588     
   432.78711730882918     
   422.75970940913106     
   413.12415429730316     
   403.81339784884631     
   394.55613871253689     
   384.71948329640009     
   375.68289458679817     
   366.91921467896532     
   359.94654109639760     
   353.10838879057695     
   343.98383813603516     
   336.26522958965933     
   329.25551824711340     
   322.23671095660660     
   316.79676226072399     
   310.56934125430183     
   304.74595820526065     
   299.41371879428561     
   294.86260407039964     
   289.21540486794333     
   284.94576514488182     
   279.96490282879608     
   275.90121484146482     
   272.94398181673046     
   268.76225415993008     
   265.95820783370255     
   262.25751711688645     
   260.61986993730494     
   257.76993090986207     
   256.15316569923669     
   254.59791288196982     
   254.30328881903398     
   254.04416938553371     
   255.44779691556647     
   257.90760465265902     
   234.93735583928677     
   210.29785628734797     
   190.84653838889344     
   174.06073127686730     
   159.32601494499090     
   147.46072057580736     
   136.17926608344888     
   127.11731508200143     
   119.77307397434075     
   112.28357427280110     
   105.39722670076067     
   101.99328129057079     
   97.785086514160668     
   93.124143778892176     
   88.731028937391841     
   85.444878021726623     
   82.702508881409599     
   79.231038961008224     
   77.076484988612577     
   74.253952806508877     
   72.808906268596047     
   70.265642254671150     
   68.870435712692071     
   66.380932567914087     
   64.641659672066950     
   63.399534048465149     
   61.344375631713248     
   59.151390373623954     
   57.434710664160917     
   56.375999450862807     
   53.684587055448745     
   51.317678784458039     
   48.122769683055964     
   956.50138705116478     
   931.64838300822646     
   911.30494289331034     
   892.37025130010625     
   872.94992952243229     
   851.22568399635315     
   832.84454070258607     
   813.37962939219710     
   792.69767856838712     
   772.93060532211280     
   751.60713949309275     
   732.39774787506462     
   714.09748614087528     
   697.01472032875404     
   679.92908418443517     
   663.21736738171137     
   646.74837595509280     
   630.00116695192742     
   613.00906621325589     
   598.11771655231462     
   582.83839815939189     
   567.63794742656012     
   552.85477683587033     
   540.08033561034983     
   527.33122028152957     
   511.92049691360887     
   498.99412874147919     
   488.68597491209101     
   477.63238503671909     
   466.57842629102481     
   455.70777043954541     
   443.70488766537545     
   433.78030040628573     
   424.05219732515428     
   413.76383520981108     
   403.41962509941152     
   394.45318636170765     
   384.95345573068886     
   375.80692903156159     
   368.21569377420684     
   360.29924726193804     
   352.91099066354866     
   345.63148106308165     
   337.72419710077327     
   331.19474550883200     
   323.94947047492866     
   316.94338343359146     
   310.98232043718724     
   305.25095687553085     
   299.99430860449030     
   293.31026927681711     
   288.79012856751092     
   284.57406879085318     
   280.66550858444197     
   275.32845484862997     
   272.32814645775852     
   268.62563071487551     
   265.52992465651755     
   261.95322945175587     
   260.67232528578194     
   258.08940121850412     
   256.52042697344461     
   254.79192471444694     
   254.47756232468572     
   255.35958759957964     
   257.12403562934878     
   261.23975953075671     
   237.31532205248044     
   212.24184586575470     
   191.80811292440364     
   174.78238898361801     
   160.31595218805148     
   147.95146699054516     
   136.75555729651524     
   127.62722588094211     
   120.22950105338464     
   112.78823809463614     
   105.11274094491375     
   101.63302395321789     
   96.308455216488554     
   92.426299973354460     
   88.192215489697290     
   84.344354437403297     
   81.294009163348946     
   77.868535849200214     
   75.988227827258825     
   73.726005703867358     
   71.978863870839348     
   69.846369235348675     
   68.000924983453629     
   65.812721042392980     
   63.206046376827985     
   62.068665255748627     
   60.695757021566948     
   58.429548769194625     
   57.006559278190103     
   54.801234460383576     
   52.679623842122503     
   50.708729338034701     
   47.232693447187856     
   958.80005577040868     
   938.60171921347944     
   916.23140849869787     
   893.04350665627283     
   869.70693614829145     
   852.00125209708369     
   828.44614299437444     
   808.87947943039035     
   791.37427488586798     
   771.29439970933197     
   751.58384484379940     
   731.96184059539337     
   713.19047300261241     
   694.21063260719654     
   676.03715923781965     
   659.66027886358734     
   641.98086585123531     
   624.72088575529347     
   610.65801138073050     
   595.90712148506350     
   583.14850003603203     
   568.10843658294925     
   552.79503091302956     
   538.97999862744246     
   526.31316516253912     
   514.63146260621124     
   502.40654226968616     
   488.95732012574155     
   477.02362011171078     
   465.24650625869634     
   454.17934213242074     
   444.23567237052515     
   433.13468741180918     
   423.27953654171074     
   414.72670524310280     
   404.88306757060678     
   395.17890891893904     
   385.35723697671642     
   376.75923754235987     
   367.70901189817931     
   360.75398701516002     
   352.07545914097830     
   344.99045004216498     
   337.25491054153679     
   329.73275604980154     
   323.11927307312334     
   317.00766809973931     
   311.33284733830067     
   305.76254464424892     
   301.38754587263185     
   295.32238078279465     
   289.60821251454956     
   285.87999313335126     
   281.90430294074855     
   277.63203001204994     
   273.83470627360037     
   270.26540970759504     
   267.01871079558845     
   263.47380057688076     
   260.72505906579880     
   259.69486264265811     
   257.67160499155034     
   255.97540939122393     
   256.06380740499640     
   256.73208044556122     
   259.84535501177248     
   264.58436506350262     
   240.13608057946999     
   214.52594620374927     
   193.37913298010980     
   176.68027390944590     
   161.92008100992925     
   149.75599401348666     
   137.92251867662941     
   127.27734629803768     
   119.19542925359985     
   111.96385633513422     
   105.14647499565986     
   100.94699881619299     
   95.264366341678198     
   92.421702067793859     
   87.417480168593286     
   83.082816581959634     
   80.493089303613729     
   77.815093829085882     
   76.006497179517808     
   72.845844333128781     
   71.156862563636651     
   69.715496305042933     
   67.792617291935315     
   64.941367389861881     
   62.014674322891182     
   61.249066446884456     
   59.226279887647905     
   57.890300271661403     
   55.579214842001718     
   53.756915988374971     
   51.862040165261213     
   48.770469060100879     
   46.296276026243419     
   962.33138827099015     
   940.48910410881615     
   917.69032808213433     
   894.14128391632107     
   874.15895045380603     
   848.57901063160637     
   830.14990861334388     
   808.71050428574063     
   787.14576887571593     
   766.53543388116384     
   750.42733323738025     
   731.28115850730569     
   711.65298121681974     
   693.12946727657356     
   676.27964944471876     
   657.38255055096477     
   640.48447636294043     
   624.16909663106765     
   608.43562761785597     
   593.09806601758532     
   578.19011487420414     
   563.91623635628412     
   552.68170876925922     
   539.31847404363100     
   525.79935607332118     
   513.16806471842688     
   499.68355793358728     
   486.41330753178647     
   474.41149550413286     
   463.97577857796080     
   453.08201387715326     
   442.14077203516410     
   432.16558224155710     
   421.00080659559802     
   411.40625480428332     
   401.61922244784586     
   392.20930244861114     
   383.13246347779773     
   374.94644661197441     
   367.38650672456311     
   359.05487077007444     
   351.75605161976978     
   345.09974904881892     
   337.50329009007271     
   330.41009056971910     
   323.43553317293998     
   316.35798086723702     
   309.93538261014714     
   304.00053538953750     
   298.35003991455932     
   293.93843977757479     
   288.64322277132271     
   284.55498129934188     
   280.18735692986155     
   275.98885982155792     
   272.01991092250324     
   268.93305723604095     
   266.39636270648975     
   263.94153461679088     
   261.19999339683972     
   259.43738759510848     
   257.84129821399290     
   257.55445257477220     
   257.18284359411064     
   258.39760692484947     
   261.70101494043206     
   268.51651261100039     
   243.41017711446474     
   216.94805246826581     
   195.48560678197512     
   178.60003593024868     
   162.90644983674918     
   149.95789439550498     
   138.14968364883788     
   127.84842335793880     
   119.82372516188127     
   111.57840010324074     
   105.53888976893762     
   100.74501327432554     
   94.729322470434511     
   92.022189817285465     
   87.598089533121623     
   83.480705843197882     
   79.827556620328380     
   75.838189214277648     
   74.753827848019199     
   72.248166551194487     
   70.764599179257573     
   67.733989347178593     
   67.452835132331913     
   63.885809462868529     
   60.549904976476974     
   60.286682613470077     
   58.651354972904429     
   56.694419432770452     
   54.529844045189321     
   52.511874708777462     
   50.922739582722578     
   48.576277439685221     
   46.259835785469228     
   966.98627277495689     
   942.15654433209522     
   919.12053818514460     
   895.15843202478936     
   872.86381860693916     
   853.31531302654957     
   830.51347125681207     
   806.43407723709151     
   785.97542811910353     
   763.79704266528790     
   743.50515866980277     
   724.69169950231412     
   708.57927183925426     
   690.59465992185596     
   672.50561078947464     
   655.34754174778004     
   641.37336568691444     
   624.27244029780979     
   608.67942841157583     
   593.70048566753110     
   580.55175265493631     
   564.59785577470996     
   547.79996930000539     
   532.76831591421774     
   520.09961138757251     
   508.42858372697981     
   497.20948850520989     
   486.80034013515285     
   475.66908839717644     
   463.85096151324097     
   451.33116613517353     
   441.09059336854421     
   431.01017170216664     
   420.74672980850727     
   409.80716795808911     
   401.00535253438159     
   391.63555209774574     
   382.68183019906292     
   374.13531388793854     
   365.96341911162028     
   356.96923549130105     
   350.31674598696424     
   342.11567131305355     
   335.39018225623420     
   328.36485149705481     
   320.40587037223594     
   313.99910185976870     
   307.97370414719580     
   302.62122135613549     
   297.47460187072596     
   292.69458975634734     
   286.85425679711761     
   282.49633657081182     
   277.85009672911286     
   274.75182269482963     
   270.50750661977412     
   267.42264587070451     
   264.85834963981432     
   262.18138332720184     
   259.65159301675391     
   258.84996122183571     
   257.36002815934842     
   256.36091695909874     
   257.18987929353295     
   258.47002281711889     
   262.34657048362709     
   269.97505749897311     
   244.46351195032764     
   219.60122908263952     
   198.54684701553970     
   180.13649732298595     
   164.46932738960547     
   151.13109328543396     
   138.03689229102355     
   129.04780129065080     
   119.90782483671219     
   112.27616538125226     
   106.29452249763764     
   99.942289298780423     
   94.023520421976784     
   92.092310141225568     
   86.825325191530482     
   82.644453638194719     
   79.098940137094800     
   75.174686286639854     
   74.382665831025378     
   71.423462147548960     
   69.184233522382925     
   68.272648441806297     
   66.272447308398455     
   63.071118238892922     
   60.401200047697643     
   59.245724411185599     
   58.654314426307536     
   56.437888339869659     
   54.437730976915709     
   52.183080793741269     
   49.736642339151871     
   47.346261215645086     
   44.105713010940342     
   966.12075404267875     
   942.55015985067632     
   920.62021142151070     
   899.41452429467654     
   875.28397826294736     
   850.30619744863554     
   825.86318123713147     
   805.76872448119445     
   786.69472146486339     
   765.62008186353501     
   748.71598514418065     
   728.26513133709011     
   706.11697735264204     
   687.46295381568143     
   671.27877523270979     
   655.03909067175653     
   638.08091588557511     
   621.03810248637922     
   606.13337421453468     
   590.18763128439525     
   574.58283432610358     
   561.70637851359345     
   548.87792765903862     
   535.42155882008319     
   523.06605110468513     
   510.19778988520505     
   495.91365222807428     
   482.63692139242414     
   470.08452888587658     
   459.07684910573943     
   448.72291555852115     
   437.83750589432623     
   428.35844809975180     
   418.20756377098155     
   409.65096470656658     
   400.32489633787185     
   390.66203272615280     
   382.05405005483766     
   372.73132683690869     
   364.92748597150506     
   356.85706531190692     
   349.49868931539487     
   341.48800526022893     
   334.40015075669271     
   328.20433094662519     
   321.32628858976460     
   314.77235487940720     
   308.59586084780221     
   302.70386505694250     
   297.96592570329437     
   292.68642544947414     
   287.51374974975550     
   283.18989520004368     
   279.47178831654992     
   274.46145018431775     
   271.47909419726716     
   268.24805928135953     
   265.23751110707752     
   262.45408929292961     
   260.55940428196425     
   258.69875505519008     
   257.76547110591764     
   257.50813699823550     
   257.92488551804087     
   259.64734353746474     
   263.36367335392561     
   271.89310728579761     
   246.28289081024772     
   221.64543315533868     
   200.61658887222214     
   182.56514907408317     
   166.63691094006276     
   151.85299325375047     
   139.47110503738156     
   128.85336028079914     
   119.96734939055618     
   113.48470825853985     
   106.07553523576614     
   99.481442007473888     
   94.700371072656253     
   91.785606795762760     
   85.863543408039504     
   82.048021405858464     
   78.806308949744860     
   74.955215082279921     
   73.611333308153661     
   71.652626689391340     
   69.182293165850496     
   67.412760861674997     
   65.758673808971324     
   62.347084700618723     
   59.955164745182486     
   58.990055845799887     
   58.032701309140670     
   55.767981163729843     
   54.113835558888688     
   52.451682496777906     
   49.014452389623230     
   47.677958595889926     
   43.508934896941682     
   965.92032210985826     
   943.40321955223146     
   918.75913384729051     
   895.53125197999111     
   871.63373328758416     
   847.84709072026317     
   826.85627674529962     
   805.81113870760646     
   784.98038058646932     
   764.14642333112704     
   742.95687691245087     
   724.81973068477157     
   705.91922144271575     
   687.32625822488785     
   667.97748961053912     
   649.56553632749842     
   633.62332832332675     
   618.07033688792978     
   602.98531212199566     
   587.38728248223742     
   572.71394253989320     
   557.61937674436092     
   545.18796656186839     
   531.35660371990070     
   517.84907236626213     
   504.85603011349036     
   492.17285535078656     
   480.38689887463465     
   469.15479511085380     
   457.34481188091172     
   447.01397467266207     
   436.26261022394624     
   424.93394715357277     
   414.92925745513952     
   404.78624266553356     
   395.60227575435715     
   387.02656020083646     
   377.93164295815018     
   370.28593865369663     
   362.57565559982095     
   354.36987416852634     
   345.50391153992535     
   337.67449099918218     
   331.13676363776540     
   324.34929767233200     
   318.21427702411637     
   311.58191369211067     
   306.35714527985152     
   300.49480661746418     
   295.21765802788389     
   290.47637276175323     
   285.99982069356923     
   282.02844872781981     
   277.01482694898101     
   272.97246218077674     
   270.32531606752741     
   266.49486870992712     
   264.30593616165112     
   260.97030449165197     
   259.05467303334967     
   257.30713998466837     
   257.40775483540750     
   257.47768292316994     
   258.25747342081570     
   259.77959211134618     
   263.29433910250225     
   273.48482068375984     
   249.21385276136101     
   223.74240783697871     
   203.51077131044622     
   184.13241297044320     
   168.30740330500791     
   153.17719630297285     
   140.32084849044958     
   129.32363698216099     
   120.19569089008358     
   112.72764881672489     
   106.90003750928156     
   100.11948105878722     
   95.850186080964761     
   91.256714769608394     
   85.212435470552066     
   81.283140450268732     
   78.673443012611671     
   75.691602352322377     
   72.050349027291105     
   71.199078808178669     
   69.260587504783174     
   67.088869494476569     
   64.543380842774681     
   62.484925042619096     
   60.095175777046492     
   58.340257085979154     
   57.187044095677471     
   54.878093721927812     
   53.751369860983495     
   51.270013422390690     
   48.940931094761297     
   46.542546255886151     
   43.045861360988930     
   971.75907771214770     
   945.35365167161774     
   920.13060399699009     
   894.39516663109043     
   871.21157685743947     
   848.59392910342831     
   822.72618920157493     
   802.34036680477493     
   780.08807054431054     
   757.69122160731047     
   738.69439054512850     
   720.75517314141700     
   700.36049196234194     
   684.44016082492840     
   668.53936065062203     
   651.05643977904970     
   633.72401916405022     
   617.92977924845150     
   601.11604011021757     
   585.49788999962902     
   570.69729373497989     
   555.70181268339911     
   541.83106026076086     
   527.35564625148743     
   514.71965991214984     
   501.36471660010051     
   488.86038405653858     
   477.14428847464410     
   465.28994085199110     
   455.51806288531571     
   444.11860151858923     
   432.98802857091675     
   422.34321359671310     
   412.00385925452451     
   404.05249730526577     
   394.33391653846684     
   384.92295826180202     
   376.12180298892923     
   367.43930372994089     
   358.77361417567556     
   351.40393218085609     
   344.46573729652130     
   336.84236325669627     
   329.93870165334226     
   323.03909082120595     
   315.91751004570381     
   310.30644330035381     
   305.07526771318385     
   299.41660298228027     
   294.12735986676734     
   289.53698946096392     
   284.48710587670683     
   280.45382387221781     
   275.87368035881980     
   272.82302075242177     
   268.94938763972425     
   266.37902218860580     
   263.83186560725170     
   260.61837342545414     
   258.75251274355526     
   257.55030671812676     
   257.51885715750240     
   257.93375530622433     
   258.57255429277711     
   261.05321646922800     
   264.09645092125089     
   273.86624039988408     
   250.33315500915973     
   226.41274070084373     
   205.79962262493240     
   185.85962308437067     
   169.49035810603647     
   153.97490291683090     
   140.52622971951970     
   129.35470527839604     
   119.52323959529203     
   113.59103618138163     
   106.64618042459506     
   100.28712642405952     
   94.859700907450616     
   89.708670467379577     
   85.737983534320747     
   80.891759093595425     
   77.623557543156821     
   75.424762202554504     
   72.572826438403837     
   70.969580546634546     
   68.994431060984823     
   67.499428291992800     
   64.306940756315072     
   61.417297764271140     
   60.045272723609202     
   57.008180805787006     
   56.607329958489004     
   54.887677642393385     
   52.538512679401478     
   50.779398745656032     
   48.394045496905740     
   45.856567521306445     
   42.323096088461568     
   972.32308126842577     
   947.06769039421397     
   924.64133581146007     
   897.22155841178892     
   869.80330052936870     
   848.59373552032071     
   824.80011022957115     
   799.73271829908299     
   775.52388549437137     
   756.06250585308271     
   736.65722657785068     
   715.31858948835202     
   695.77165445141304     
   678.69997628266992     
   660.67101304578591     
   642.02422357033902     
   628.18329652385955     
   611.97416031710827     
   597.75780099550184     
   580.66606934632341     
   568.27787994238781     
   554.54611938910318     
   539.23410323130861     
   527.47008959184848     
   514.01007045609867     
   501.40462443199698     
   487.41760159566519     
   475.44513940222362     
   464.48447499173864     
   452.25587351776466     
   441.11802167117810     
   429.53694714300383     
   418.95905659628693     
   408.86006274613089     
   399.15076668671884     
   389.74735303649823     
   380.81525534356945     
   373.56940980233821     
   365.27733806598349     
   357.37337446909584     
   350.81762257632306     
   343.30112367529892     
   336.10049598977690     
   329.38053512965502     
   322.36410962042629     
   316.02518089487000     
   310.62004409180798     
   304.44371583459855     
   298.84136144465617     
   293.00413605663528     
   289.62218326478319     
   284.54789337380669     
   279.96623576467601     
   274.83076414221773     
   271.52734957552104     
   269.13166362292998     
   266.34616918571101     
   263.94243226669499     
   260.96518230914688     
   258.70429263065790     
   258.45993551138582     
   257.32156953418865     
   258.04952429566720     
   259.32577562002513     
   260.96457745322454     
   263.31578395500554     
   274.41422382333263     
   251.90789005242297     
   228.09174461775791     
   207.38077666322522     
   187.72380134189734     
   170.48448913569291     
   154.97747958337203     
   141.94567496852727     
   129.82172895631169     
   121.07217405281540     
   113.72990480275340     
   106.35976870807437     
   100.06888071050857     
   94.432803721448963     
   90.369949259630715     
   84.817514052707892     
   80.549176226843059     
   78.077389611849782     
   75.005562183383660     
   72.438303309033529     
   70.287366060788486     
   68.854001862316139     
   66.429635378378151     
   64.319321791072582     
   61.559859052275137     
   58.721771877232314     
   57.732446443533959     
   56.161840389994694     
   53.946344294533070     
   51.758848015511767     
   49.679599599830489     
   47.329814742169802     
   45.116024286139570     
   42.228760745962198     
   973.80783436851016     
   948.63895759606601     
   921.89018623007678     
   895.82956578249775     
   872.05341880540038     
   847.32708242284207     
   826.61625461387348     
   803.15966884625050     
   776.71854367598451     
   753.63501030960072     
   732.09345328391225     
   715.84070880111869     
   697.72532284565466     
   677.98316817069485     
   660.35348354858206     
   643.05295340831481     
   626.66315759188228     
   608.40915152566004     
   595.57489371448492     
   582.34070857544464     
   565.30388999092816     
   552.49065358021926     
   539.09229146526536     
   525.50478897558344     
   510.93868777491377     
   498.12088781152505     
   487.33426190890225     
   475.07943264158973     
   461.91532760886889     
   450.68658787307101     
   439.79712078634680     
   430.00120356302017     
   418.87136859888517     
   408.98190721328706     
   399.46975844562326     
   390.69487986162198     
   380.68012471764467     
   371.28230456533208     
   363.05471262582779     
   355.62202573625871     
   349.33007750107248     
   341.73712465146957     
   333.78082171018275     
   327.39956036707866     
   320.94443638754575     
   314.86629745324643     
   309.30396160100537     
   303.82352472375374     
   298.05807486572832     
   292.63141181261926     
   287.19577912499142     
   282.68188903944417     
   278.39277241435934     
   274.60758245479400     
   270.82086964486462     
   267.74719280857926     
   265.02819628684068     
   262.85921369002000     
   260.11072651865965     
   257.65554846416336     
   257.30961001797027     
   256.91569225754535     
   257.50464865678498     
   259.24494488428559     
   260.82560631916886     
   263.61656006448317     
   274.57591503450965     
   253.04386085409004     
   229.05170750062126     
   208.75350028127454     
   190.38975377550403     
   172.98849953169838     
   157.31413109840651     
   141.27566281647680     
   131.48168679206057     
   122.66925813844921     
   113.74916372787054     
   107.11395040146562     
   100.35535342325954     
   95.076074542861193     
   90.443103293638387     
   85.084003137800053     
   80.464782932848578     
   77.959614197683806     
   75.441859497089695     
   72.944437894208107     
   70.589393444356517     
   68.775644818775419     
   66.061397455110779     
   63.835765813587876     
   62.053453343740379     
   58.724178546594118     
   57.743060284206727     
   56.148574129964651     
   54.528963699809879     
   52.096580342024666     
   48.949666686601972     
   47.152580558657455     
   44.891342871909380     
   41.737609809683278     
   976.52169132248991     
   943.58583312397229     
   918.37603275614651     
   897.70052787221937     
   868.73690312368285     
   844.76486193167739     
   819.36109440535779     
   796.34245241221015     
   777.01163901642155     
   755.84773019343220     
   733.34006628627003     
   713.52894888551918     
   695.20534082988536     
   679.03896925359049     
   660.26654617304234     
   643.43219636073729     
   626.38226667950426     
   610.42308917841592     
   593.23207545538423     
   577.78366055623758     
   563.93145835242331     
   550.12170324392105     
   536.87880544624375     
   523.35990261624556     
   510.17924247801585     
   496.98071581868470     
   483.54316210092065     
   471.50433287082291     
   459.22429484664417     
   448.10423905151470     
   437.43052319014669     
   427.51983768477771     
   417.95312111237860     
   408.64383739128181     
   399.63133094714374     
   389.61074501151791     
   381.06828698319305     
   372.33135189805046     
   365.00949111661248     
   356.43982985065963     
   348.55680587768893     
   340.28388019659189     
   332.85842476801099     
   325.73890051322041     
   319.63748770114239     
   313.28440694632559     
   307.51600487498820     
   301.54084211307060     
   296.87395841395528     
   291.51598394126177     
   286.97165923836167     
   281.93684960647022     
   277.92393059019781     
   274.37856770316864     
   270.28782178800151     
   266.46327062274571     
   264.91615951789242     
   262.01620443875169     
   260.65109884681362     
   258.01203648932102     
   257.37363477545551     
   257.98042564806735     
   258.31877505023061     
   259.02182474034737     
   261.29426229375076     
   263.72865995112204     
   274.83991605587340     
   254.56857375669335     
   231.09056633043775     
   210.50630320946837     
   191.27924547037370     
   173.13056898275531     
   157.74554697042709     
   142.72692724933816     
   132.05118225287970     
   121.93321565362609     
   113.26299920155893     
   107.03006236262726     
   101.21323489607124     
   95.682501773134419     
   91.249100674784671     
   84.738797509604353     
   81.601514717776212     
   77.577872376213975     
   75.156642051696068     
   72.391813072804410     
   68.888904132709399     
   67.457203657463211     
   66.044244688093542     
   63.443437411766922     
   61.859134060775489     
   59.743840615134715     
   57.518235046269410     
   55.406275766813629     
   53.767824062380612     
   52.236205705825562     
   49.080904280314975     
   46.159758658720484     
   44.515295568363747     
   41.768257258285715     
   978.44375135531914     
   951.63101330991071     
   924.67477268351558     
   893.59109435637379     
   866.50349036572266     
   839.98782175541578     
   818.02900611660232     
   795.10741421797582     
   777.12066976502547     
   757.49037780466790     
   736.27588132717733     
   715.69930651241953     
   692.96181246155720     
   673.76715353864711     
   656.28066900332362     
   640.67515374187485     
   623.32696540545771     
   608.55850553530922     
   593.68620506680827     
   580.24325962652915     
   565.11904503035282     
   548.33885384477810     
   534.69387234819271     
   522.04621992241641     
   508.49295715081701     
   495.08031694912790     
   482.44352202138839     
   472.13571434001733     
   461.07142216068155     
   448.86530280121889     
   437.13319258003196     
   426.34029267995714     
   415.63459776561001     
   405.68165706197169     
   395.99383175631999     
   386.97448593549041     
   377.70880268174483     
   370.03144248163915     
   361.43039796194228     
   354.03232682866576     
   345.93713083301691     
   338.65491377092883     
   331.20988746472005     
   324.55095500402405     
   318.22332117804069     
   313.20498208712769     
   306.54760650908196     
   300.56064816091629     
   295.13379651211096     
   291.31719580257470     
   286.90988624467445     
   281.94295476136745     
   277.88887161831855     
   273.45410113914983     
   269.29607705360070     
   265.87988463125890     
   262.66480745276783     
   260.61690753861444     
   258.90867706509925     
   258.09355199366814     
   256.60201814348409     
   257.09798247626958     
   257.89966789627545     
   257.86430557229994     
   261.23060232507277     
   262.58756289762164     
   274.40668674324138     
   253.96626123614783     
   231.46778662496308     
   212.46996173131021     
   190.83598050135586     
   172.50886271077317     
   158.74271452675453     
   143.80860327169873     
   131.97258713917515     
   122.30954805906757     
   113.07096231364798     
   107.04482507461807     
   101.40343768037225     
   95.427701290042805     
   90.415962788708896     
   84.880278444612728     
   80.750598657990878     
   77.305371982063818     
   74.842542081295491     
   72.183147428224956     
   69.112455214891327     
   67.538646791699193     
   65.460571644624991     
   63.781759538838315     
   62.008058447790951     
   59.005705894268459     
   57.197546365899157     
   55.091148657652937     
   52.602044962547168     
   51.686750305513030     
   49.791639743661889     
   45.484144323399399     
   44.206126728224888     
   41.774431802313735     
   972.82842542774949     
   949.71778491068414     
   925.22498073977351     
   894.95984840427309     
   867.36350414819537     
   842.42923974518521     
   819.71511775665681     
   798.43424585236937     
   774.24191831804433     
   751.88360728397731     
   732.23825903626255     
   714.90729445727425     
   695.51037789085717     
   674.83580135798320     
   655.42665342315979     
   638.99458519636062     
   622.97662863144740     
   606.70513036599755     
   591.27320542619293     
   575.90736024018031     
   561.05399773591444     
   548.64225206948163     
   534.88484309317641     
   520.61705680963007     
   507.32717547344112     
   495.83429220078705     
   483.43211117181681     
   469.93460810222558     
   457.87093640117280     
   448.32068010161606     
   437.92651457412757     
   426.78953554157602     
   415.53324386497621     
   406.55709620679335     
   396.84013449008671     
   387.10483185560639     
   378.63104163977880     
   369.69262514585921     
   361.39378878682038     
   353.36084879725621     
   346.40975735426196     
   339.66387575874103     
   332.88813315842526     
   326.18994009140266     
   319.84855368637045     
   313.08625005231954     
   306.81439113975529     
   302.49765058911339     
   296.99921133729111     
   291.88391208770452     
   286.74816064734188     
   281.33344927477253     
   277.09742628766213     
   273.01886797500799     
   269.27985217817400     
   266.21572085502106     
   262.66738492570471     
   259.87538305447907     
   258.70694051608120     
   257.82338978356699     
   257.25539347443117     
   256.22540236204253     
   257.08127997988430     
   258.35347199152454     
   260.60658936716777     
   262.19751519266521     
   275.36373017740493     
   254.23768909399240     
   231.32190412544497     
   211.67079966114059     
   190.84829057792484     
   173.31258545077193     
   157.84154276483773     
   143.64572792056993     
   131.85762348172088     
   120.88229603196545     
   113.22622518993943     
   107.64336709392512     
   101.14133647793848     
   95.377338742029110     
   90.745689372059218     
   84.992732142173139     
   80.570911804147869     
   76.218304823815927     
   74.735890443261070     
   71.852525088600288     
   69.712802014774951     
   67.992546025209563     
   64.438464164392258     
   63.734515942000066     
   61.866350854791918     
   58.513056575935821     
   56.847877721761918     
   54.797838050836603     
   53.314124704233791     
   50.726410509224507     
   49.172306997312738     
   45.893963862803865     
   42.326614691920895     
   40.757500321513611     
   980.73521567437797     
   954.28321624501564     
   923.61978115339252     
   895.49385520130136     
   869.39652216402953     
   843.57886846322981     
   818.30238854704805     
   794.76457238941407     
   774.34242677525663     
   753.41389928308172     
   731.32037640613169     
   713.08839426140833     
   693.95566917302222     
   675.66074510837063     
   657.04900003873104     
   638.84250102189378     
   622.09179182323805     
   603.60494733390999     
   589.80964964474083     
   574.45534081322876     
   561.52872400951969     
   545.58447531733441     
   530.65178310552983     
   517.57773479502259     
   504.76482797374445     
   492.72250582925381     
   481.44645594249982     
   469.73088148523141     
   458.61648144467466     
   447.38122849966942     
   436.43991906484587     
   427.53632249530659     
   418.03069985461389     
   407.78323030387764     
   399.20061033270383     
   388.91227083546960     
   379.98928451886093     
   371.72319958815501     
   363.72578499806741     
   355.06329968901377     
   347.12664030558881     
   339.23692626575871     
   333.03026485994747     
   326.49308663982981     
   319.27079007141236     
   312.89651761856811     
   306.78733464656989     
   300.62898004722558     
   296.71250676352531     
   291.02638571815390     
   285.89152020592417     
   282.17838716934079     
   277.06564782643778     
   272.99597974000341     
   269.87858028425035     
   266.22281041006039     
   264.21204666390440     
   261.09190798436072     
   259.26807846433360     
   258.13247890629549     
   256.79240387432230     
   256.55452295226394     
   256.36700592300929     
   257.79444618262494     
   261.06786308310848     
   262.61974163574610     
   276.74094900874240     
   254.85447530157526     
   232.27727350103936     
   211.43037021579073     
   189.75643138898303     
   172.43064987725327     
   157.76339518848721     
   143.70477094898160     
   132.62980673568055     
   121.44346733212866     
   114.22265720268526     
   107.96375758616318     
   99.963715505116966     
   93.489874759484579     
   89.898770086988563     
   86.002399459291354     
   81.856247587100142     
   77.044754869439743     
   75.394346258474926     
   70.873894331441903     
   68.439880383021091     
   67.970321222205214     
   65.408642490895147     
   64.398300986930749     
   62.370180848221331     
   58.375468821296693     
   57.109880224749624     
   55.568927339488006     
   53.711189305650436     
   51.156703866643227     
   49.435360859925389     
   45.431849956366307     
   42.439196778110087     
   41.288109680761778     
