           1
        3200
           1
   992.17243550285457     
   939.61112585326532     
   897.21665007638967     
   865.92176725815659     
   839.08094555132254     
   814.45391637529576     
   790.56568254685772     
   769.69180958532013     
   752.09033588792761     
   731.63085779157007     
   714.37143778644577     
   696.91749119436440     
   677.53516522877567     
   660.70683435591081     
   643.48068103458331     
   625.31200725034535     
   609.40809420458629     
   594.21932786463003     
   578.68477088321879     
   565.70884777522838     
   552.26878784437122     
   537.91932637796936     
   523.29100859629909     
   510.71620319900751     
   497.74072457577904     
   483.79689299573499     
   471.55502493840828     
   460.08532449339407     
   446.75720550995811     
   434.84543987041127     
   423.22979047326550     
   412.14005458483018     
   401.22808001776065     
   391.49685358227617     
   380.70810765538295     
   370.67464070945016     
   361.92698348391559     
   353.35462481512764     
   343.72141196587313     
   335.16589734887503     
   326.61784209424405     
   319.46882302751226     
   311.91688892109562     
   305.00082435927834     
   298.17778523969122     
   291.38458374526601     
   284.84983967261502     
   279.04018490897170     
   273.62459008793002     
   267.17808468915371     
   261.36477471325202     
   256.86505568305046     
   252.09967934922463     
   247.38079443732161     
   241.96390862689623     
   236.87484108187172     
   231.59875220897595     
   226.87699648126011     
   221.88401136382760     
   217.50970492908598     
   212.43529464687435     
   208.08257927658639     
   203.41636338558112     
   199.25670888247538     
   194.44958866969031     
   190.12443894573141     
   186.19524447418246     
   181.95348935437622     
   178.18784959287464     
   174.29072783799970     
   170.62491143439502     
   166.86066720780602     
   163.37759595569335     
   160.33700728874999     
   157.01604916990971     
   153.62712421539428     
   150.61986854023328     
   147.66237385497445     
   144.73937216486763     
   141.78941710484770     
   139.02685861693155     
   135.96124611859369     
   133.36753957041736     
   130.68353200283434     
   128.10404940858604     
   125.66727192100367     
   123.26189600665941     
   120.95148913244232     
   118.55522482205870     
   116.25346119085904     
   113.98090045171602     
   111.88107815064194     
   109.82886227110708     
   107.69034005578912     
   105.66046838294265     
   103.67422715903700     
   101.75957423552082     
   99.908991488743567     
   98.026583026657221     
   96.135885545821822     
   1010.9581119110871     
   975.95054061410588     
   935.59792244479218     
   898.41838665674982     
   862.85167537018765     
   836.80749684328293     
   815.36214976030851     
   791.60477037849250     
   768.79035688392514     
   747.89152241308511     
   728.97324747811888     
   710.51499288705213     
   693.38596757738378     
   672.84423543761045     
   654.89853457358049     
   638.76088095332648     
   623.44862564108018     
   607.11344026184759     
   592.27192667912436     
   575.96012038906906     
   560.96318056471500     
   547.01177586713607     
   533.79222036539045     
   518.39404112966179     
   503.39529965133949     
   489.44515348139413     
   475.33913404499805     
   462.68335712285949     
   450.34948932752309     
   438.40727378138911     
   425.99205985736990     
   413.64018682918191     
   401.84828262199312     
   392.07252333397940     
   381.62015889188103     
   370.83173440093219     
   361.04083329325488     
   351.67537055408809     
   342.99272668529795     
   334.46184887835881     
   325.82555893115040     
   317.64673418065604     
   310.10011042777853     
   302.20106655174345     
   294.49849224370979     
   289.09497484055430     
   282.17472921945892     
   276.47415104404456     
   270.97148005608472     
   266.19327577958137     
   260.69406019039786     
   256.16019800977853     
   251.44209982274251     
   246.14427493879191     
   241.45369371359232     
   236.30511460865711     
   231.11159325203226     
   227.20199363187280     
   222.52337867329163     
   218.02065454266534     
   212.89739685671589     
   208.39703202828690     
   203.78629809096432     
   199.53930713425456     
   194.84696387490990     
   190.57878867618760     
   186.45019618301765     
   182.78156194515293     
   178.78750372351737     
   174.76251275312399     
   171.21749759423807     
   167.23941138105636     
   164.11884470924900     
   160.82590124470755     
   157.34815455241230     
   154.35047755282434     
   151.39939602969275     
   148.25396707454132     
   145.07182849856943     
   142.25453066370034     
   139.20496658065250     
   136.48464443272337     
   133.76842829863529     
   131.01348535790063     
   128.49895671762064     
   126.14652963322408     
   123.79055150574591     
   121.34372810297845     
   119.10321189265949     
   116.77098086124471     
   114.49770168896998     
   112.31348191804292     
   110.17857538447193     
   108.09063644851028     
   105.95183821581224     
   103.95157825365234     
   101.95437332751773     
   99.926137690432370     
   97.911167020963006     
   96.022667700455912     
   1016.0086812406820     
   987.92019971733191     
   954.47930250489196     
   919.93230666252362     
   890.89274228604154     
   862.28665214506998     
   833.30509651232785     
   810.78341215726732     
   787.03786020354187     
   765.46976095100115     
   743.93524519656114     
   723.15419573949430     
   702.13968081106179     
   683.94307915238142     
   666.24287669231501     
   648.02062717706224     
   629.36249093451420     
   614.54761402926829     
   599.57461498001362     
   582.56788876711164     
   565.45295969575386     
   548.68757095376225     
   532.50409018119558     
   518.23698947052424     
   503.25788071682916     
   487.75396405272465     
   473.46077698291748     
   459.73040995201802     
   445.50526491499181     
   432.22176115436162     
   420.66851266594091     
   408.65507109251655     
   397.49055642741212     
   387.04475126139437     
   376.99996654762822     
   366.78552397134820     
   357.72647359337219     
   349.36470503397175     
   340.14966569612642     
   332.12103698011680     
   324.76614049961972     
   316.61961058120085     
   309.67994190215467     
   303.12006762907140     
   295.96876437651360     
   289.53699964386271     
   283.55449396610345     
   277.79318380081736     
   271.96650352384381     
   267.11886725115221     
   261.52061802958923     
   256.60002471442817     
   252.25964484716962     
   246.98016938705933     
   241.54186532507998     
   237.07515798618124     
   232.32693133996884     
   226.97387569123867     
   222.14888530014707     
   217.17598961742522     
   212.26219765286180     
   207.64719323165457     
   203.41470964863197     
   198.92839969097741     
   194.38198992684897     
   189.90588809158101     
   185.67885648871089     
   181.84421240786881     
   178.02539206871825     
   174.38789650897203     
   170.35166058470787     
   166.83882924936353     
   163.29203183689918     
   159.70638059156417     
   156.32400832851084     
   153.34473888363232     
   150.32706569034121     
   147.27578658620314     
   144.32513710442865     
   141.52641976930522     
   138.68357818601410     
   135.93218186324106     
   133.28046917773349     
   130.69537052435078     
   128.13426096274202     
   125.62528636086117     
   123.16039522365416     
   120.95315242308382     
   118.53360625804316     
   116.19778343330428     
   113.88713360427744     
   111.66222467652722     
   109.42654958452204     
   107.19911299943254     
   105.09181850896840     
   103.11077282218753     
   101.04238073935647     
   99.083808582950027     
   97.171443746836687     
   95.188027793382730     
   1021.3946771350376     
   987.87807327235362     
   956.95849458621456     
   931.34838912257942     
   904.72007107304682     
   875.57061329763872     
   848.79870148733244     
   823.01540578748882     
   799.13700429192590     
   778.90479945097445     
   758.25957894928263     
   736.98926999051787     
   715.77710708886343     
   694.37235969625328     
   674.88846085159264     
   655.72925343705879     
   638.55139380130504     
   620.77587913501952     
   601.49034451694513     
   583.39435948739663     
   566.40887872276937     
   549.62655409466834     
   532.68268895448773     
   516.51955167416281     
   501.21630021312808     
   486.17238359662878     
   471.80687612537918     
   457.53501210066651     
   444.00054736820715     
   431.30937626691923     
   420.37463914409659     
   408.45274643631387     
   396.82548600275356     
   385.93402622551685     
   375.51408432702266     
   366.75131424459533     
   357.77379843928054     
   348.91974544531286     
   340.43343400643721     
   331.37892819847229     
   323.54748567415243     
   315.60180881832980     
   308.35327627052561     
   301.71357834354092     
   295.24955605291689     
   289.16174427147132     
   282.95550275770563     
   277.04778868223184     
   270.84018752437561     
   265.38691332555248     
   260.39931855054283     
   255.51555542206961     
   250.97448356844410     
   246.41858741328744     
   241.47732301876920     
   236.48293100408176     
   231.94904179208433     
   227.57389840419313     
   222.57357758319796     
   217.42416235087026     
   212.60658233270178     
   207.73412137222024     
   203.22010130078149     
   199.12924768613414     
   193.83766085567629     
   189.56549968040127     
   185.68855094303990     
   181.86377774574174     
   177.96720596804096     
   173.92115659006626     
   170.45874881060246     
   166.92397613921429     
   163.20947175267096     
   159.82918712718680     
   156.49166912550243     
   153.34559430656594     
   150.41645531747895     
   147.03464524996153     
   144.25549942976673     
   141.27090042014112     
   138.55281571465218     
   135.70213980323120     
   133.01929960342198     
   130.57882213795517     
   127.85502881234042     
   125.29759051672056     
   122.71217145229733     
   120.22850724740493     
   117.75690884048494     
   115.46948052386119     
   113.03668778031336     
   110.81040693304858     
   108.68008410800979     
   106.63213756555513     
   104.48270342558462     
   102.34640670625603     
   100.33635327955220     
   98.307236991429050     
   96.280124525708217     
   94.288020179803667     
   1028.3424416899006     
   989.96925550522201     
   959.27542667010334     
   936.50477291858851     
   912.02805501535624     
   886.85514169761689     
   861.83695196114388     
   840.32907277486288     
   815.45319686677783     
   790.54535140434439     
   765.54734370076665     
   743.48166560518848     
   723.06211150089734     
   703.98070419521991     
   684.79702252076947     
   665.65651727671980     
   647.28632823077737     
   626.83648790945699     
   605.79441263641866     
   585.98565688003168     
   566.36708896475466     
   548.55659065664531     
   531.39703674381963     
   515.19003452501602     
   499.99564755637186     
   485.13207487328009     
   470.90557345566720     
   456.91640400890151     
   444.59661479302645     
   432.05492938583245     
   419.66340301801534     
   407.80289043293669     
   396.49377452234609     
   386.50692514754201     
   376.66581676976375     
   366.90351024873894     
   358.38988307898990     
   349.51812579184485     
   339.70701997794959     
   332.41581721819887     
   324.48363816187913     
   316.72736875157904     
   308.76347766060229     
   303.12479337457057     
   295.68686389552687     
   289.32809525015563     
   282.73351940361863     
   277.55983596819084     
   271.99498410806768     
   266.59452936611086     
   261.86253933216915     
   257.18478056515778     
   252.23605176411724     
   248.38459669533054     
   243.47545920207369     
   238.64059693833431     
   233.94176155954261     
   229.39669292399844     
   224.33415928254308     
   219.39821964331338     
   214.64927560711425     
   209.78298667007581     
   204.93603771850610     
   200.04262156639004     
   195.75538883204632     
   191.33459967120535     
   186.76273482090750     
   182.67840701572018     
   178.32365666657591     
   174.37846680692488     
   170.73413311587657     
   167.12204314948983     
   163.59198113493747     
   160.09999009736191     
   156.73274549216026     
   153.30501580353956     
   150.03843428529552     
   146.90811242954680     
   143.84479283556001     
   140.89635004020954     
   138.05731624994101     
   135.37823076892192     
   132.55897111076300     
   129.75450843722288     
   126.93415730436502     
   124.48244876682487     
   122.13849938273111     
   119.59115896800046     
   117.20363657148539     
   114.65367925030891     
   112.26271689998116     
   110.01789688069925     
   107.81763771922036     
   105.46679583095718     
   103.25118733587475     
   101.21284384465929     
   99.065087014409755     
   96.937779675625009     
   94.895947981012682     
   92.843196071470516     
   1029.4452967489722     
   996.27671717872977     
   966.53824085567783     
   939.37245916738084     
   916.44163024777481     
   893.30564584374576     
   868.68096224963881     
   843.76285575585405     
   820.69279083014533     
   796.77649895672153     
   774.60300695568299     
   753.54697840319579     
   733.55283055529981     
   711.53205871401667     
   691.31947127510375     
   668.28974749580027     
   644.04875409101544     
   622.20776886802616     
   601.73296753224781     
   582.52536133723731     
   563.97303463784499     
   544.88216581315999     
   528.09500799484238     
   511.38207593869180     
   496.16461694768100     
   480.86488649362593     
   467.19147937140679     
   453.92087269311435     
   441.11160076113691     
   428.63156180244323     
   416.61675346963341     
   406.16965787191248     
   394.92328746750434     
   384.87290321023431     
   374.99203129559680     
   365.73500120306755     
   355.96011610977456     
   347.38957593254088     
   338.69396432330268     
   330.39931104432679     
   322.89710877101788     
   315.32841937041718     
   308.94325807085067     
   302.15993351284129     
   295.92102785284266     
   289.42816766976068     
   283.59385627979538     
   277.61729323836624     
   272.72775287368222     
   266.84002887161910     
   262.06459994112390     
   257.87828731320656     
   253.24110915195223     
   249.28042397001633     
   244.65102634814656     
   239.46936078438529     
   235.02495874899637     
   230.07532696724854     
   225.17628774748496     
   220.36049230462439     
   215.33042720889262     
   210.83844681873956     
   206.00952126096971     
   201.25898330066406     
   197.00324537727369     
   192.07372708108932     
   187.78172279747000     
   183.36743803105549     
   179.64769785239272     
   175.26804511488405     
   171.53205205829613     
   167.99708928559539     
   164.02151604978940     
   160.40007747669131     
   156.99501785948311     
   153.72425768608247     
   150.47825822600973     
   147.04772381374062     
   144.18451901522272     
   141.02037076608752     
   138.01949765853382     
   134.93594512436488     
   131.91968815823691     
   129.15613425266508     
   126.44371201491258     
   123.79485894807942     
   121.21425970008322     
   118.37541369510609     
   115.85294814260737     
   113.48013482542856     
   110.93641946337293     
   108.56978270489986     
   106.17180271219461     
   103.85072157753157     
   101.64870005322291     
   99.354699708793532     
   97.074311205439741     
   94.998924667195283     
   92.813188794510992     
   90.570633168696830     
   1033.8825378822562     
   998.03694993390707     
   970.79161740684447     
   947.95303259611978     
   918.42494072863713     
   893.90140839587980     
   872.35052275415580     
   852.12039085165111     
   828.50125838818849     
   804.24906876780528     
   781.23369315203649     
   758.78441707009665     
   733.30156110383973     
   709.66000408467448     
   685.74027874228932     
   662.70757630484411     
   641.14873020730852     
   619.08454294710236     
   599.10684255310935     
   579.10696115743951     
   561.16521110868712     
   545.33848343128443     
   528.46190225150565     
   512.54186904806681     
   496.54881092777259     
   482.12394743051084     
   467.26241990227578     
   454.52866030722748     
   441.28070754116521     
   429.81338714618960     
   417.87495012750298     
   406.81334641568247     
   396.17487042192874     
   385.61469303065155     
   374.68768686757471     
   365.05179924842690     
   356.05305002639545     
   347.39459873870322     
   339.59059703135568     
   330.65926124858419     
   322.93572750045854     
   315.80697209101987     
   308.75534494447106     
   301.41985339574859     
   295.50136020780212     
   289.40297314027066     
   282.97367959781099     
   276.79545934934828     
   271.13729314313827     
   266.75755086303673     
   261.16862086586656     
   257.05134085575457     
   252.60469844116670     
   248.30674315584500     
   243.73363311549537     
   238.62732909796156     
   233.99087974943771     
   229.29745300402087     
   224.36649409043457     
   218.95470942751700     
   213.85307925770366     
   209.21474808234237     
   204.44358835910194     
   199.16666576181257     
   194.09379577671743     
   189.75817244034363     
   185.25296983444048     
   180.74088894064511     
   176.66555740032499     
   172.75210627379516     
   168.95714503356984     
   164.97489446876799     
   161.09401547591523     
   157.39206073656499     
   154.15793348897458     
   150.58231565566837     
   147.32355753048279     
   143.95804260698833     
   141.00004761450060     
   137.79643835153018     
   134.54597794892089     
   131.65654496849862     
   128.30744001866577     
   125.63035394286696     
   122.77920062940372     
   119.81756286079720     
   116.90733728408330     
   114.30529183358354     
   111.75410718532177     
   109.03132059556825     
   106.57472553642977     
   104.01348902852185     
   101.66521433506776     
   99.473343788788171     
   97.272167550245172     
   94.891152850709204     
   92.664595670406229     
   90.312679953071807     
   88.141046647305942     
   85.801499352368452     
   1038.3622464395426     
   1002.0428757875170     
   974.07796676450619     
   946.63537378832189     
   923.23436318282552     
   900.97183276562168     
   876.60038507121840     
   851.63782989385186     
   831.74386320794247     
   810.24011750441400     
   784.17985096723146     
   756.61309043918504     
   733.29210085528621     
   707.97596055192685     
   683.87194419123057     
   658.43482149828458     
   636.06098076131934     
   615.28361169072468     
   594.59545665476844     
   577.13043664576287     
   557.55305453320102     
   538.98343905016225     
   522.62298323303003     
   507.29432657554781     
   493.43435278621939     
   479.58848736319095     
   466.21898160939895     
   453.89048763395340     
   441.64353732180342     
   429.37582369114619     
   418.52008906350648     
   406.67118991538132     
   395.58039027413082     
   384.11988446890382     
   375.46635148678320     
   366.11836555075377     
   357.29094674475954     
   348.08376785412759     
   340.01382440916785     
   331.82834424106824     
   323.87646551945716     
   316.45386030452499     
   308.90595320021600     
   302.76449414314334     
   295.31132412686372     
   290.09968125956095     
   284.36930921977813     
   278.99941205194716     
   273.29006640138817     
   268.66010360870791     
   263.99242165183961     
   259.11994373466706     
   254.71508244052916     
   249.88667714131276     
   245.93034411725597     
   241.82798881105214     
   237.09178302707133     
   232.56462706619371     
   226.84237991686030     
   221.35651316263207     
   215.15380772105684     
   209.40374070506658     
   203.74344594419546     
   198.29033602500627     
   192.91284570168528     
   188.13717920521174     
   183.40568813720756     
   179.03993778957323     
   174.79604431529975     
   170.40692482029991     
   166.13623472141890     
   161.90065144867432     
   157.84841181942477     
   153.79965801655862     
   150.41155871364052     
   146.91020001506553     
   143.14043617061543     
   140.02464114014185     
   136.36596783619663     
   133.06873562937653     
   129.83344959154761     
   126.59981187570483     
   123.65011750033791     
   120.32376736992957     
   117.30236068683647     
   114.48069608271959     
   111.65362308420788     
   108.69376918144080     
   105.88867594716825     
   103.04329032095322     
   100.56173067157265     
   98.155665995292225     
   95.632878594768002     
   93.319578584607314     
   91.018001220730596     
   88.873408362194368     
   86.355148025915994     
   84.114443910069824     
   82.090367501397878     
   79.661988780385613     
   1040.1167084607848     
   1002.6772551239665     
   977.37570534638462     
   950.72572280749932     
   924.18313265368852     
   901.54993827903559     
   879.51882222718348     
   855.80781706869811     
   829.01828291724428     
   803.49525358957328     
   780.72876712052687     
   756.19255353073981     
   729.60040705162112     
   704.00472000094010     
   679.74793392370862     
   657.09696807031810     
   632.93905288118822     
   609.89148381184634     
   589.98680588810976     
   570.83156947363386     
   554.44018314187394     
   537.64821310113450     
   520.97243445612651     
   505.12015259264859     
   490.76649292285890     
   477.10248417028686     
   463.25834771266091     
   451.15294536217863     
   438.80149626813818     
   426.86056194678969     
   414.80505450363086     
   404.01300371109096     
   393.36169429285360     
   383.76126547923201     
   374.19358262555932     
   365.31173747781412     
   355.58243459949904     
   347.47021172284263     
   339.56275145487348     
   331.89980549339117     
   324.88855402770145     
   316.87245775841285     
   310.02687361627528     
   303.22751409238560     
   296.75602252151555     
   290.25724937571641     
   284.43302182005664     
   279.13128477496934     
   272.35454649307684     
   267.52416908254980     
   262.72167357457238     
   258.55919265431788     
   254.68418824289395     
   249.92180127004781     
   246.53244105741578     
   242.47169056549447     
   238.33469147628074     
   232.89466140251596     
   226.59062986731215     
   221.11433109853402     
   214.41764588808698     
   209.02910964314890     
   202.57787550122399     
   196.21564289389642     
   191.07084827363630     
   185.71742855993705     
   180.79313632150826     
   176.10487191084746     
   171.55431535592703     
   167.02732077928476     
   162.23702469238793     
   157.70569923531713     
   153.55894374230826     
   149.74749492035818     
   145.46179881583174     
   141.68275749679523     
   138.41353001486769     
   134.50764349318428     
   130.78519411657874     
   126.93360444919460     
   123.36028604902894     
   119.79283708558803     
   116.54395140561994     
   113.32069466155824     
   110.37721444590271     
   107.42345383701159     
   104.72116673124765     
   101.89051929043559     
   98.729661393056574     
   95.753590030140202     
   93.243479377545498     
   90.658288084906957     
   88.070472597491190     
   85.818630586412183     
   83.353080444806665     
   80.901889883596652     
   78.861414181908955     
   76.443992737578526     
   74.417158406933254     
   71.988803836403065     
   1047.9925420793018     
   1010.2112700310595     
   982.44571464873661     
   952.07425818959337     
   927.14937574225439     
   903.04189434305545     
   876.18745218951653     
   849.91086943636492     
   826.16815197493611     
   800.75096839464425     
   770.97812557795214     
   743.57079586452323     
   717.06274619235137     
   695.02325309522837     
   671.87178483741900     
   648.10367890012139     
   626.44893786037164     
   605.22807923665891     
   584.52340125644287     
   566.02131359075065     
   547.43017097499626     
   531.86993814245170     
   516.62442444331157     
   502.22556837066634     
   486.75744030382549     
   472.04818966262741     
   459.59995177053236     
   446.51865193938687     
   435.35892078492265     
   423.29438998977218     
   412.72208409282916     
   401.82297750475698     
   391.65216938242611     
   382.53166062791354     
   372.62761643484674     
   364.08636439510639     
   354.06788627511264     
   345.66651532487236     
   337.34979746947170     
   329.82167703427149     
   322.30559415452581     
   314.58683955520570     
   306.95938083794925     
   300.14172738136051     
   293.38811669210133     
   287.44973855974945     
   281.79785647476450     
   276.75960050949629     
   271.75108594596361     
   266.44542882405688     
   262.05805065441507     
   258.76651335989027     
   254.78120519284943     
   251.07475962106273     
   246.80384265804918     
   243.12284582286659     
   238.98995913024180     
   232.87589185473374     
   226.00830974013181     
   219.23577659550654     
   211.90805455643260     
   204.89734512631617     
   198.21216898893377     
   191.50241629848435     
   185.72643914925979     
   180.12757157306700     
   174.44225348144943     
   169.11605696208608     
   164.72812384109704     
   159.50330089938919     
   154.36344116790843     
   149.96315365588580     
   145.42987183459434     
   140.73007797251282     
   136.48423543661397     
   132.09526439578514     
   128.19083122884959     
   123.96661108954021     
   119.95157053735861     
   116.51747077130551     
   113.22994378934530     
   109.74365186991685     
   105.90008760645512     
   103.23909669085972     
   100.06184592110279     
   97.264681427763691     
   93.853928063352853     
   91.533897279670597     
   88.762600869309935     
   86.016469292504794     
   83.818264993732541     
   81.556958371928218     
   79.096683289775740     
   76.780491152603645     
   74.571174130025554     
   72.230267402921058     
   70.290129872836474     
   68.171071160740127     
   66.072243361353941     
   63.711908704560891     
   1053.2874092647262     
   1015.0035707823192     
   985.25947703687382     
   957.68658612547097     
   929.44568494305452     
   898.32888581613315     
   869.99332675004678     
   842.11402082716722     
   812.61423145686797     
   784.95076388344432     
   759.48430906514352     
   735.71835925082507     
   711.41635554691038     
   687.71567011453465     
   663.57302685102309     
   640.75427849042023     
   618.37701562630627     
   598.20867039350674     
   579.01162411866937     
   560.98823775342680     
   545.44901340680724     
   529.55134926119626     
   514.10123546542536     
   499.15401179958599     
   485.84060086337132     
   472.70807580657134     
   459.08733069796091     
   447.10760136099452     
   434.98657143500787     
   423.55344666002929     
   412.54791604800351     
   402.08873184425624     
   391.50801221890288     
   381.19647465066248     
   370.79662196120614     
   361.55006556592508     
   352.64645372285639     
   343.69966121230522     
   335.81803057414982     
   327.37973806611740     
   320.59160816867319     
   313.89091833109217     
   307.13683869892088     
   299.58713227382771     
   293.08524814027879     
   287.07636543420762     
   281.20718428330531     
   276.16171429090411     
   270.80170423713685     
   266.04993404808317     
   261.23652438186275     
   257.88323163704183     
   253.75394515796074     
   249.81910939906618     
   246.24347907487891     
   243.39701800210776     
   239.73563523089240     
   232.62518203856075     
   224.92560245389606     
   215.84220391816746     
   207.62909323300829     
   199.67677910239982     
   191.60164492134550     
   184.47023161977225     
   178.12334261487081     
   171.34044804348642     
   165.03038533404651     
   159.29967912965526     
   153.57000550791884     
   147.99996923803303     
   142.78695573827173     
   138.18076128763187     
   133.68923886618899     
   128.50426455342713     
   123.74608873170102     
   120.28601756554157     
   117.00798721510844     
   113.24343581129597     
   108.61133900888976     
   105.17223567817157     
   102.21586250477958     
   98.085905320015513     
   94.786508287400395     
   91.412394614778378     
   89.432589475752224     
   86.735407925843262     
   83.921110070437905     
   81.650009485429379     
   78.861250021764107     
   76.987823266794010     
   74.804341118475662     
   72.087430697823166     
   69.724967281892461     
   68.191779527583847     
   66.293891385861571     
   64.323006526456197     
   62.665662227439746     
   60.916392374328140     
   58.838255463355630     
   56.125187029529428     
   1059.3137985783910     
   1019.2684751051698     
   989.31336536106744     
   960.97622873764533     
   927.95076314984692     
   895.32085762159124     
   862.08524514950136     
   827.19382992263638     
   797.64271803257213     
   769.30620874610668     
   744.63536151445157     
   720.86602128350842     
   698.92983746009486     
   676.81672094708154     
   656.79685226625020     
   635.70731433947708     
   611.24257173356546     
   590.87310021472376     
   572.67425945393029     
   555.13321597686468     
   539.09361260927255     
   522.89518640799315     
   509.94025093884215     
   495.34066042752494     
   481.31875510625355     
   467.68725131752234     
   455.37903032788614     
   442.09587100236683     
   429.48121626612749     
   417.50050564798778     
   406.55037235465409     
   395.66233860353418     
   385.89205775150776     
   377.13034811923291     
   368.04067828925400     
   359.67292684798809     
   351.44676038991815     
   342.49169261803047     
   335.08145962244726     
   327.10516889802619     
   319.54039622579813     
   313.13679526104079     
   306.21687150727695     
   299.56723915204304     
   293.36224933539523     
   287.20938072188278     
   281.65021421576938     
   276.00801462602578     
   272.31327936766559     
   266.52675741379267     
   262.37950480081020     
   258.54495867576657     
   255.24292834384590     
   251.48196840644306     
   248.43264727898918     
   246.70418236833038     
   243.46250804982850     
   233.66295084816340     
   223.08876923315563     
   211.78173895602603     
   201.39608515939108     
   192.03328330296179     
   183.49834102288793     
   175.15630245116861     
   167.47715940788902     
   160.00983507654277     
   153.64273965373130     
   147.84167094174160     
   141.32583265503467     
   135.93657799912791     
   130.06061223499489     
   125.26412104253178     
   120.38967648199674     
   115.67353984654466     
   110.93959677400645     
   107.18606789350832     
   102.95194917409459     
   99.869857447430903     
   96.397119438901484     
   94.099502479664835     
   89.960701116042344     
   87.567838179508811     
   85.223410848624795     
   82.886701512066296     
   80.580326653979412     
   77.485961550085051     
   75.061477400220141     
   72.339578046742091     
   70.398033157015377     
   68.569152365517226     
   67.218029039458969     
   65.232050376412829     
   64.433476950885748     
   63.251014775161920     
   61.254178677515313     
   59.337295875959668     
   58.193422505996494     
   56.118130601488645     
   54.343083812126501     
   52.793938535542374     
   1064.4016650115311     
   1029.7994921347429     
   996.06138871098642     
   957.28087560391350     
   919.72471473006954     
   883.98443342530777     
   847.41502588885942     
   811.94385284389296     
   781.86458780397061     
   754.43200785930924     
   728.82183375782506     
   701.79476215852424     
   682.27102982459655     
   661.27769245184982     
   641.32784067528451     
   619.52609962179770     
   597.25479040214975     
   576.61212307659878     
   558.82448821868809     
   541.47602016857229     
   524.57264739716652     
   511.18655555943587     
   496.29343437493674     
   483.53176720582479     
   470.77480597549300     
   458.06026959380495     
   446.04267319833764     
   435.05552996276839     
   424.24015103042905     
   414.21907734647323     
   403.96644564830547     
   394.05814530861039     
   383.59024058677142     
   374.01475746154500     
   364.39021348060078     
   356.08779454267642     
   348.22911619219542     
   339.36544541868830     
   331.31281085151301     
   324.08301357547344     
   316.99173619991996     
   310.46268629078133     
   304.01278494072767     
   297.61441863015079     
   290.99847101485932     
   285.31664144633015     
   280.42842762648206     
   275.40054045908482     
   270.17432320566570     
   265.23746881826384     
   260.98853934501824     
   257.40191198801563     
   253.90139332910624     
   251.51641623765559     
   249.64758665049294     
   246.38804218253262     
   237.45185016361364     
   225.69781308712899     
   213.48705568946679     
   201.23225804963019     
   188.99986281924382     
   177.64818619180505     
   168.22365701457437     
   159.06977701297347     
   151.48912368610826     
   144.60364642973022     
   138.34112122973679     
   132.81940256001346     
   126.60433875223580     
   120.94328046413460     
   117.81604359276847     
   111.34238367581972     
   107.00472053075210     
   103.30211231332738     
   100.49320187074345     
   96.948092062237791     
   92.809715682685322     
   89.853955637276343     
   88.708643243357727     
   85.438664530547683     
   83.078985986582296     
   80.866685451633302     
   78.024834063722437     
   76.278639426135186     
   75.054688672519617     
   71.686679268262438     
   69.838092624681380     
   69.533876606900790     
   67.522935250528533     
   65.349833323266807     
   63.788218269404496     
   61.427031342239772     
   59.568647056363723     
   58.897549996878801     
   58.255384540683956     
   56.500539160756873     
   55.384801181737572     
   53.022744765290369     
   51.038206806461588     
   50.107374670670346     
   1073.5509125246770     
   1036.2043111286473     
   995.44593247286298     
   952.00562288115100     
   906.04749202044241     
   861.87326195265177     
   822.38452061815349     
   789.87398256842357     
   762.74991872743772     
   736.17245167259784     
   709.66621972819644     
   686.01759543314574     
   662.79685945793813     
   635.30085898179073     
   615.36835270720633     
   591.08027905139090     
   568.36134563438566     
   550.59738578041220     
   536.61601540376364     
   523.62488442570452     
   511.83919064609910     
   498.22751434120119     
   483.84119515019347     
   471.28292842197385     
   458.56741950411094     
   447.01401117709565     
   434.09566131895548     
   422.53950808657112     
   412.87689532636568     
   402.74108407085703     
   392.91090857418061     
   383.71160335020227     
   374.94888358620938     
   366.45783412000168     
   358.01323566707254     
   348.45592907658408     
   341.07530592574494     
   333.70801782126637     
   325.99839738354973     
   318.05371301645880     
   311.48391751534399     
   304.18806568497899     
   298.30838985148961     
   291.94527403640848     
   286.28949265718990     
   280.16758451201190     
   275.45082626969213     
   271.10966543970892     
   266.86305160798247     
   262.03730246863506     
   257.89328850016057     
   254.08161646982595     
   250.67482247296064     
   248.74628538504243     
   248.66617675348067     
   247.18084450645961     
   234.32775676813537     
   220.02731339733725     
   202.50732610456350     
   190.28114280462245     
   178.39045632703878     
   165.82352569217974     
   156.25921886150002     
   146.39272716898284     
   139.37963510985273     
   133.61788069950106     
   127.94970307374911     
   122.38632885264583     
   116.77527344035798     
   111.53580234430837     
   108.02249099759740     
   102.94304393735956     
   101.21981169119327     
   96.224981906372506     
   93.898332501763832     
   91.756971656295022     
   88.260555983211432     
   85.157934330399527     
   83.197657596766362     
   81.395555117826618     
   80.237015108703687     
   77.097483023312407     
   74.823236167051590     
   73.109373954572703     
   71.326375833771479     
   68.115750363126210     
   66.404363255680565     
   66.836848526352611     
   65.295854699503295     
   64.039163523098267     
   61.063869866292130     
   59.089121033774362     
   58.412818140959949     
   57.145032037144219     
   55.770893668482429     
   53.727669822644344     
   53.340144892156616     
   51.718075631336831     
   49.496334396477330     
   47.886456525251695     
   1083.3386121566873     
   1035.5323747233947     
   983.16336962902949     
   931.46956119773063     
   879.01414706220498     
   833.57923007646593     
   791.94358023655184     
   759.44091115891524     
   731.21783421402722     
   705.30739319451914     
   677.93109426287106     
   654.14440440873216     
   630.81606040816291     
   607.54693648420459     
   580.39286628260641     
   548.67774964779437     
   519.68605719911579     
   508.92282288402089     
   500.92790971120166     
   492.00555015195118     
   483.09189715659613     
   472.90683692735456     
   464.71731815099662     
   454.62244708747932     
   443.36936535559630     
   433.16747070461668     
   423.82505147748680     
   414.36142286593753     
   404.57947390681193     
   394.94523249665866     
   384.48668461839327     
   375.24349577704550     
   366.84789352713653     
   358.04895759568825     
   349.39626509461488     
   341.59091577779827     
   334.40273920320908     
   326.86651597674040     
   319.82944593222135     
   312.79035217860383     
   305.59246691052488     
   299.34418013734199     
   293.46537089132812     
   287.38534218496602     
   282.42557935315460     
   276.25656936135772     
   271.11364508187341     
   266.14009383770713     
   261.87090868819018     
   257.70105045474594     
   254.81401578775302     
   251.13156563319325     
   248.74659276985247     
   247.01553117845461     
   247.89992899116248     
   247.50718033550430     
   232.07355947094095     
   213.70647299315556     
   195.31034473560692     
   181.36649034888481     
   168.97228418307401     
   156.54700079887817     
   146.70082718111502     
   136.38460510478953     
   130.97124894029906     
   125.81646839520317     
   119.74961913948005     
   114.07555036280159     
   111.91643735313446     
   107.84433251230374     
   102.10964319836324     
   98.073661492476973     
   96.742860358054656     
   92.391480617711466     
   89.333423593188698     
   88.010752122700978     
   85.125856873707733     
   83.022731845715128     
   80.610646703452517     
   78.110892852294626     
   77.835702314984744     
   76.318570812856237     
   73.353900624319195     
   71.451507470602223     
   68.881136113004061     
   66.836541796979688     
   65.340240273756848     
   64.179545056387553     
   63.025099415774392     
   61.998768070855554     
   59.518246365365428     
   58.801386308843632     
   56.766941295275387     
   55.501771488853073     
   54.064258318546422     
   51.525343083699020     
   50.982456777144023     
   50.162532113865183     
   48.996465122789161     
   47.126328797643943     
   1095.4075203180175     
   1035.4933708617975     
   958.13144279978860     
   887.41422555188888     
   831.89677113531059     
   789.14819946526950     
   747.55325704534903     
   713.30119199854289     
   685.15838419107990     
   660.92527954314630     
   632.30588683209726     
   603.21127017567107     
   578.37127623495144     
   553.74625829923718     
   529.72633532665088     
   500.50023954091165     
   462.59600985189354     
   455.35258807830820     
   448.13701148249618     
   443.18980644487999     
   440.28839316270756     
   437.09486251280771     
   430.82173632749505     
   425.45064950234132     
   418.50273207942934     
   411.45836132288849     
   403.07551976187852     
   394.91200891829880     
   386.31055780893882     
   379.07158489101482     
   371.83424341143746     
   363.79221146283243     
   356.24362803995325     
   349.19896234512612     
   340.15764883528107     
   333.30175399743189     
   325.46565957598654     
   318.49018377197802     
   312.38379051462778     
   306.04248184401314     
   300.14536032576137     
   294.40251823124856     
   288.50512218709503     
   282.90351016077699     
   276.17494628831577     
   271.95790831579194     
   267.61467942354085     
   262.78693098524343     
   258.83212688406536     
   255.98345458863750     
   252.56315706267782     
   248.29568124635108     
   246.35384393228986     
   245.21021001963254     
   248.05655485475899     
   248.03421096433641     
   228.65988836345366     
   207.10032067871458     
   187.96909960321497     
   173.40905859383409     
   161.52338141035133     
   150.62822381966885     
   140.35339053068179     
   132.71152942942291     
   125.79797519490653     
   121.65842090970892     
   114.90833112084239     
   110.52640824400372     
   107.24923423578136     
   103.75759718971551     
   99.621629536845120     
   97.764412100656813     
   93.012364657282248     
   88.316891811083352     
   86.364251233099097     
   86.611336119877961     
   83.974700343863248     
   81.079530828574732     
   78.639050373148521     
   76.005181521972347     
   75.454788158418879     
   74.592717987029090     
   72.046978009057227     
   70.143180526302359     
   67.309287138668608     
   65.908575183845500     
   63.840122555322829     
   62.674353725632542     
   61.706140729745684     
   60.327845394479098     
   58.591045132144814     
   57.490834048418996     
   56.125825246143386     
   53.880173673930187     
   53.089987350741040     
   51.818776815362753     
   50.132482321426686     
   48.423392350608452     
   46.882896415757202     
   45.303431343898616     
   1109.9232499653917     
   1012.9526515011864     
   910.76385994981774     
   830.01001760811130     
   770.97545957946375     
   728.67700030018091     
   690.00240338464050     
   655.98802240133602     
   624.60123525764789     
   594.91092774399090     
   571.70785180593771     
   544.09490611241972     
   513.53823595302629     
   494.92760615382070     
   463.98147951930679     
   423.48744002453702     
   380.68000287330392     
   384.40504721296850     
   392.26607351543350     
   394.69786704423160     
   395.37150264342944     
   392.50641159936663     
   389.87630568519853     
   388.32490255767618     
   385.14543577100380     
   380.23940510751868     
   376.50280449889840     
   370.59481615696541     
   365.84729619875952     
   359.09907638418781     
   351.42240779575906     
   344.62685394811541     
   337.54875868457816     
   331.26384354686598     
   326.34064136619560     
   320.40194187675075     
   315.17237985573087     
   309.14151181916424     
   303.48362436229138     
   297.50946874012311     
   291.70672101646466     
   286.82228269773213     
   281.66540794281218     
   277.58312280424559     
   272.30389593346791     
   266.23675981547444     
   262.27054837677019     
   257.01797526687693     
   253.31400870097485     
   249.82116650338162     
   246.67712432298453     
   245.20031716023033     
   242.62645567182517     
   241.82700153158083     
   245.13346049884677     
   249.18466143206226     
   225.62437344226336     
   202.19662372397983     
   183.77941715561116     
   168.60323667659767     
   156.75836659065672     
   146.58229390865853     
   138.47967932970545     
   129.70896991400627     
   123.01124278798206     
   118.08086258451117     
   112.44922826518463     
   108.30224498719220     
   105.35150325278572     
   102.05854252291135     
   98.840943489745982     
   94.955182549318096     
   91.175991311094890     
   88.110340005552501     
   84.703440652894685     
   83.695738226769208     
   82.725884725308788     
   77.988546537982984     
   77.121608937491061     
   74.548641028503027     
   73.574036120876514     
   72.660529959460078     
   70.770538763502458     
   68.787709206766635     
   65.933842822406376     
   63.949153515155281     
   62.604137339870825     
   62.269610843708428     
   60.875706826053396     
   59.474192240121418     
   58.061766965967706     
   56.022580235827888     
   55.669107913311315     
   53.089157241730888     
   52.154659999668816     
   51.047225708379635     
   49.497496205488012     
   47.823481055791397     
   45.639323443481338     
   44.058883466229027     
   1123.7804877008607     
   979.22182291311572     
   852.91323510821019     
   768.76482461688977     
   703.65617527425684     
   662.09529674891701     
   627.92847352879664     
   591.06491872199103     
   557.89251170848058     
   535.48398916259021     
   517.00036808273171     
   492.68812575978995     
   462.42085218051000     
   441.12703321460094     
   415.19335357246092     
   366.05552341225729     
   299.30070482336629     
   299.52232508608279     
   308.40061218882477     
   322.80803927499431     
   331.50315232029061     
   341.56748976166369     
   344.68105060789765     
   345.65102948707084     
   344.91756074691875     
   343.80387928983350     
   343.77174391100613     
   340.67781090081553     
   338.89628913226545     
   333.80823065598832     
   330.95631764206576     
   328.05163644873880     
   323.14356204774504     
   317.39750203833160     
   311.95339035042161     
   306.66964672446846     
   300.41420764624519     
   294.35434705430532     
   289.76443349400699     
   285.19567760205791     
   280.04417341024731     
   275.03470801994933     
   270.43521500797129     
   266.33504949886878     
   262.46531479930462     
   257.72846971929630     
   254.38732371846851     
   251.27728358446350     
   247.80645850544840     
   243.95608735715720     
   241.45340378330297     
   238.96113135950688     
   238.11706159615949     
   239.42088541760290     
   243.72156621983834     
   249.11778919333659     
   224.17071753878915     
   200.44306679183782     
   181.90391122807947     
   167.53729971409214     
   153.85161250805123     
   143.71683387324700     
   134.95986802979843     
   128.01309670500547     
   123.29734556124387     
   116.43863556542281     
   111.43454057877324     
   107.33655155774099     
   103.16306524352731     
   99.242262665678822     
   95.802139814157172     
   92.766737362465733     
   90.283994218938176     
   87.520862177264206     
   84.203964388073018     
   81.008869988827996     
   79.600952854534228     
   77.871718722848470     
   75.472590067779180     
   73.262840601741502     
   72.074010769728190     
   70.666830690704757     
   68.591483982933141     
   67.975792394302871     
   64.739998061205256     
   61.880328985863336     
   61.388829454608711     
   60.358068363378152     
   59.713839706771402     
   57.970601590087263     
   57.035176803966628     
   56.219074169593512     
   53.990767064959215     
   53.462051966873524     
   50.314997334601017     
   49.380414340476683     
   48.263663908362190     
   46.441931579987106     
   45.139169664489572     
   42.172786078560385     
   1145.3921462633953     
   952.57830869158511     
   814.30375703967979     
   723.27521193557914     
   664.32877678065779     
   620.39812292021645     
   583.67365655905019     
   555.81170258508462     
   526.38148773197099     
   507.14968212514816     
   490.24077385392837     
   466.70998491414343     
   442.16239266442983     
   424.64737386924912     
   401.72358135197288     
   340.88331537923483     
   260.00345938043114     
   249.30214300029135     
   251.81290925484873     
   257.02896997074686     
   266.64760646779695     
   278.01900631446938     
   288.35220858032653     
   297.02612434685170     
   303.94626367024364     
   305.57683144746068     
   305.95930293696119     
   304.23554589924095     
   304.31381843294565     
   304.44218772588397     
   301.86413639648595     
   299.34949833996956     
   298.29105070126315     
   295.77013287790618     
   292.25727003053760     
   287.77038922732197     
   285.33605804742518     
   282.33306092043779     
   278.06589786567008     
   274.03630625029592     
   269.59125268654628     
   265.03491758644986     
   261.79077986169000     
   257.56786152326907     
   254.04935050535579     
   249.08712623758760     
   245.93938571675014     
   243.39776005098932     
   240.93940862236386     
   236.81634259360590     
   234.56723518190557     
   233.09164577222435     
   232.78295078892842     
   234.81315718700381     
   240.80072646053293     
   246.87293998823071     
   221.57969447304180     
   199.18665163161640     
   179.64696556633100     
   165.68523901431087     
   153.07899716547354     
   142.60938318226655     
   132.80201383844411     
   127.54908858809978     
   122.76196530267352     
   115.57526554390263     
   109.20263369688570     
   105.49601880583955     
   101.98594303052360     
   96.553339703181507     
   95.805396584026809     
   91.258703780951791     
   88.465816831289374     
   85.812425539133741     
   83.419474591586621     
   81.244633323788591     
   79.373755182010996     
   76.622288613029554     
   75.569512741271524     
   72.659122127858083     
   72.209879640814080     
   69.263538415407282     
   67.708078135281767     
   66.680219586749388     
   63.809487583502616     
   61.729441855697559     
   60.001660922524145     
   59.689290804460036     
   58.035351227079389     
   57.170727586048294     
   55.356967315492092     
   54.962750812243293     
   53.140625886069706     
   51.333231851839706     
   50.536448894049244     
   48.477179626214493     
   47.438512802968532     
   45.862903567537899     
   44.155031283265572     
   41.978361669674229     
   1176.6458334619497     
   952.01323703909304     
   803.75286168964010     
   712.91734190912018     
   645.34962304473356     
   602.45185391358780     
   569.60937262822699     
   539.95866793933817     
   518.08525559725842     
   499.99202130741543     
   479.07229128342328     
   454.49809075256593     
   436.52360828962691     
   414.38649443729503     
   390.49042154728369     
   322.28731906758173     
   240.37966814848588     
   224.96684973010048     
   227.14805036881171     
   225.94855242135571     
   222.62001108053994     
   230.69926065943207     
   237.41259164895183     
   245.76607436651329     
   256.10153955593171     
   262.44097501619717     
   267.07027357671063     
   272.36055506227524     
   273.66627772756158     
   274.32713909370688     
   274.46465692438989     
   272.34443585410543     
   270.19206100128599     
   269.14254421762166     
   268.82673113004586     
   267.92611812297292     
   264.01287164052519     
   260.71774369217627     
   259.13744925019262     
   258.19147424241754     
   254.74829516028814     
   252.04749458664236     
   249.46848629570479     
   247.98058594818761     
   243.73619562631532     
   240.72575775586603     
   239.56848868957508     
   236.52400820327017     
   232.99881758689395     
   229.64447851403122     
   227.82397208129979     
   226.72934856545174     
   227.17131359898360     
   227.79764868498228     
   235.17022454078955     
   243.53833293435872     
   219.53628442310213     
   197.89553340211256     
   180.61890498794889     
   164.80266697967033     
   151.97404548611277     
   141.91796172238816     
   132.37739327438126     
   123.96702712847764     
   120.91648300171255     
   114.16241950855013     
   107.94735523355058     
   104.10295053966121     
   100.58173297202657     
   96.832491698331779     
   93.956948129316956     
   89.500183181046324     
   88.771776416095534     
   85.141485098064521     
   83.058234384295062     
   79.610462358974559     
   78.779164294382653     
   76.321691452343714     
   74.004764472439831     
   71.462697381802869     
   69.852507929419517     
   68.763024796921826     
   66.543562724758488     
   65.727957917964090     
   63.013329871890242     
   60.773288422724868     
   57.693963721120731     
   59.096512888909167     
   57.471046382159315     
   57.058313752620720     
   55.268169702084840     
   53.924413994932053     
   52.811035434222980     
   50.677626098974827     
   49.027116463358112     
   47.213205928041987     
   46.591009743147453     
   45.311552513757015     
   43.636802315865083     
   41.367507963834072     
   1220.9277909590344     
   978.25667741337224     
   815.54011265143879     
   718.76124620397695     
   648.76781533221083     
   611.41397308242438     
   565.71535071302617     
   537.64190412002483     
   514.34356477573397     
   503.85618002048477     
   479.13014548566531     
   466.16876431506614     
   439.91351869792175     
   407.50692547911171     
   383.43905202214512     
   306.67233028032030     
   220.98025482949549     
   210.78805912182193     
   211.37126253978818     
   214.73354988483013     
   209.42165250758006     
   207.87801947151468     
   205.48266668421326     
   209.85935820303979     
   215.01925008210503     
   223.48631392708484     
   231.30858759429785     
   236.56757109462734     
   239.33658263769561     
   240.60643985620271     
   244.80714806457289     
   249.16429093172417     
   249.25029875197293     
   247.22646225862798     
   247.05520481625507     
   245.46555918532778     
   243.48625999970062     
   242.01697455414470     
   242.14482986433450     
   239.35805439441847     
   237.33646654918272     
   234.79215990924854     
   232.06344353536272     
   231.54679081780577     
   230.35464548183472     
   227.43360726212694     
   228.20053264703927     
   225.57209556126500     
   224.37360901665471     
   222.30951693516568     
   221.11559750808695     
   219.77704889316357     
   220.67373432738779     
   222.07898711135880     
   227.30103312548817     
   238.70123446051022     
   217.79091046797689     
   196.95241696968023     
   179.71572979972314     
   165.35605157241159     
   152.66456516504613     
   141.82201181626039     
   132.79956050930429     
   124.06963900532367     
   119.74067592342266     
   115.25771710837790     
   108.31615549220598     
   103.06047732024921     
   99.392115043726861     
   94.400089446983813     
   92.126921119468648     
   89.685097647795772     
   86.582265105533835     
   83.015608299905921     
   80.566044341212589     
   78.554677125394790     
   76.263502293711014     
   75.770849526957250     
   72.404897206448453     
   71.453974107410232     
   69.152123001457980     
   66.453622250049278     
   65.715026690122599     
   63.866425591990016     
   61.308257173164463     
   59.347761661157129     
   56.857758313278723     
   58.574145578240561     
   56.326333545519617     
   56.280372854113544     
   54.803164230037169     
   52.273941983690037     
   52.579738354395502     
   49.286703744001798     
   48.170453907964216     
   46.882113511727631     
   46.402597440002722     
   43.719716850485895     
   42.610921105031927     
   40.590897744644337     
   1263.6810812846925     
   1012.7668518637959     
   845.58765005088981     
   734.65153788689486     
   670.81462949360548     
   623.44375152240787     
   576.24850235693464     
   538.54758391115752     
   518.03674804782099     
   510.18672971711908     
   480.13362818061802     
   462.71299660996385     
   435.43527996176988     
   409.09743944760407     
   375.66835926809597     
   287.16979328551184     
   217.13635692307204     
   212.42295740532506     
   205.69861856947108     
   204.05924079901064     
   205.66386923640647     
   205.02900555179662     
   207.83833649469562     
   202.01178084259604     
   198.35509733458420     
   199.94800645835932     
   203.21993340304968     
   205.80640369863028     
   208.23949926084032     
   210.57423110384940     
   216.73534135426220     
   219.81714697204114     
   222.64208232985595     
   222.58022283650027     
   223.62657712250120     
   224.65120588060987     
   224.85092169744607     
   224.52202967505923     
   225.31310435025074     
   224.07393333890107     
   222.79909583952292     
   222.14870804986430     
   220.09401113647522     
   218.58927396541901     
   217.80039287293840     
   216.52260510986457     
   215.41459540605157     
   214.07792383233894     
   213.15285028349794     
   213.04759925966789     
   211.90362940511756     
   210.99999127682707     
   212.60593467586563     
   214.67139393300079     
   217.82597967708415     
   229.46662092523189     
   213.01562972285092     
   194.57107130540973     
   179.45522721433804     
   164.95412512476486     
   153.55005782215801     
   141.75561631443222     
   132.60455252085978     
   123.89614675419084     
   118.40770400944984     
   113.62327412524587     
   107.54725927289468     
   101.16462955038688     
   98.013876891950261     
   93.724427317992095     
   91.904981907539906     
   88.184089176183079     
   84.910255337979592     
   82.612903109659541     
   80.144642033100553     
   77.599323003226289     
   77.020721182887058     
   74.935199981689848     
   71.544711324239358     
   70.356939377045506     
   68.491629839903595     
   66.701998352592753     
   65.636871680441914     
   62.288196255795356     
   60.496872941562174     
   58.875200743015320     
   57.666565397940673     
   56.645422521693654     
   55.617540397380424     
   55.413747817260202     
   54.684118850691803     
   52.339830074378291     
   50.716094790268230     
   48.905641429272691     
   47.385020444194765     
   45.646606154332964     
   45.081060604502156     
   42.624610537056100     
   41.314297159485740     
   40.094029618979384     
   1297.1725930498242     
   1049.2522389047717     
   877.63776217136774     
   748.62141673321355     
   690.83164085712247     
   647.68783378552246     
   583.70088911836194     
   538.96099167812690     
   523.31283619157728     
   510.05028617498186     
   480.24947668924511     
   456.85651103664867     
   432.49145328040242     
   416.03496951189913     
   371.94817185798115     
   286.26280115760881     
   214.80164147811666     
   208.12021886920459     
   209.83483878419599     
   200.04786373274868     
   201.31280960871439     
   195.37133488072399     
   201.19886590377698     
   200.58355169283658     
   198.37372211620405     
   192.07050147907657     
   191.62456689664239     
   189.28691006048393     
   190.68350117485210     
   193.80430292520853     
   196.74477777157455     
   200.35021921076026     
   199.31844003619400     
   201.58885760827314     
   201.33705033635195     
   204.28810452243653     
   207.74111797071041     
   207.71471060430463     
   206.53122360649843     
   209.42986876726286     
   208.86128216277552     
   206.41580022593581     
   207.19599383668944     
   206.77715842890120     
   206.49618146232979     
   206.69740931485083     
   205.80592246914352     
   203.92161262475722     
   204.77519943459268     
   205.31878970778655     
   203.92231697793557     
   204.47139312377453     
   207.05249675706551     
   207.50349509654751     
   211.50797560564953     
   220.90071050668459     
   209.24063412848875     
   193.05629121756374     
   178.04606716965202     
   163.73389225104245     
   152.06297946283453     
   142.24340989358484     
   132.18018158892573     
   123.72559078575453     
   117.85455797735534     
   112.62010899074762     
   108.24690202918110     
   101.03082343744683     
   97.118584046807499     
   92.575419432454794     
   90.717621018781344     
   86.839705590662078     
   82.781627695028021     
   82.164304663456463     
   79.866953198852357     
   76.831156495513142     
   75.309815406399579     
   75.382675862861248     
   72.045492521452061     
   68.766708769758338     
   67.735455417959429     
   65.522389031468165     
   63.978258939088320     
   62.289542278496612     
   60.031699845643303     
   59.440347191871993     
   57.002978223340506     
   56.896745384635821     
   55.628752309828613     
   54.509382626319422     
   52.506206719795983     
   51.910162101749563     
   50.232484532130563     
   49.475857737931037     
   46.740109130891604     
   44.424948675055148     
   44.416330505148537     
   43.138947805643497     
   40.626506924282481     
   39.489998767821255     
   1315.8400916837090     
   1068.7168940549166     
   906.64989151938039     
   764.38907112366894     
   707.63409026507259     
   659.81354097934411     
   593.74602256326955     
   551.32697463243653     
   541.83380123966799     
   507.87860613002954     
   473.22874946863283     
   461.75549596325436     
   436.48754618850813     
   403.70327381227867     
   366.57664076688923     
   297.29448812225826     
   215.39294272722310     
   209.28369814459398     
   205.16265299164374     
   197.02747473017496     
   198.13158560661378     
   195.07912231050662     
   193.21428488702219     
   180.59028825496688     
   193.28386104719002     
   190.50132030163519     
   191.57038794573697     
   183.96482503817077     
   182.96859198261873     
   184.10962189954455     
   188.16154027716945     
   184.11707497865297     
   185.79597815909642     
   188.60902640448307     
   191.49571755487253     
   191.12744568771942     
   190.31750750771053     
   193.92068481624597     
   193.77352353720130     
   194.82342390746675     
   193.99947862273433     
   193.90121895927658     
   194.58795194887674     
   196.23175714636329     
   196.67569051054792     
   197.54377806020219     
   197.01670052427977     
   196.57304171325384     
   197.95096937028484     
   199.64478310957927     
   200.29533521636381     
   201.37256562911637     
   200.74475987200228     
   202.97328299250762     
   204.00724952246929     
   211.76921890332761     
   203.01378958701687     
   191.34822197605467     
   178.10611586731696     
   164.79877511459244     
   152.82657219553948     
   142.16369611604711     
   132.91328640906835     
   121.75667189145057     
   118.63553809536526     
   110.18021930561558     
   106.24456768488886     
   99.053314003818343     
   95.668500075698347     
   90.285488321263216     
   88.848300063385011     
   87.030202899855354     
   83.179408828083666     
   81.190029520564707     
   78.700093816565911     
   77.732794175586946     
   74.982707023962462     
   73.306856258366025     
   71.269126725511072     
   68.181562166528764     
   65.856831168142620     
   65.112411151009937     
   62.220206622175141     
   61.154369277416336     
   59.617552367789443     
   60.039810407637084     
   57.383540734506759     
   56.929607408471306     
   55.512844397865621     
   53.679092260751773     
   51.873112558715036     
   50.533107562622035     
   49.391716389993626     
   48.661428958207573     
   46.383988907286898     
   44.852712398245792     
   43.296549291549390     
   41.900119819900979     
   41.235737878455602     
   38.775758442164921     
   1351.9080187298537     
   1100.4465606841900     
   937.81345372844271     
   797.13634975649256     
   720.29005606120006     
   678.62165749598466     
   604.19785741544558     
   562.61088272838947     
   558.42832841359098     
   518.82833224593912     
   469.09526219163206     
   467.04297842534379     
   454.26889264203390     
   402.13315618901817     
   359.19991744312051     
   288.62371432868184     
   214.75298704691133     
   204.51004404483436     
   200.53056377764386     
   199.09440454461682     
   199.18915000890615     
   195.24335919124118     
   188.75680191531819     
   194.31507809772660     
   187.39144085994116     
   189.92708350473461     
   187.03334812628833     
   186.17738350471106     
   182.42663376354798     
   183.58678459271351     
   183.42453852244347     
   181.39377271126250     
   176.44223493105815     
   179.92223494225274     
   183.41722391171643     
   181.55845092066596     
   184.62859548396571     
   184.34801030139394     
   184.73501416558949     
   186.38327288134309     
   185.20722680623888     
   185.44646780950598     
   187.06806574389307     
   188.34633369685434     
   185.78585341536470     
   186.04197078962096     
   189.93486372882705     
   192.06703682739666     
   191.35877425389009     
   193.06176093886882     
   192.55643434932330     
   194.44585162137318     
   195.07405016393682     
   197.51926103684704     
   197.00715546153825     
   203.57593948355975     
   199.35602332483887     
   188.68772301559900     
   175.05087597243804     
   165.00286757901279     
   152.69049702336767     
   141.30474179114236     
   134.48249685104236     
   123.59822552198828     
   118.73994718616942     
   111.85215813736446     
   105.81345626876968     
   100.37030420264003     
   96.736603517852330     
   91.620461371639905     
   88.780407765612125     
   85.679879687737312     
   82.741738006087800     
   79.399556571094905     
   78.745494368027167     
   76.917025133948101     
   74.177210168153010     
   72.252883820902653     
   69.929768569695142     
   67.205105457501418     
   66.894780388568051     
   64.718861729376215     
   62.085631822730988     
   60.553231533949955     
   58.948814472360624     
   58.268721544083554     
   55.472012287252916     
   56.209916251847105     
   54.287630942567787     
   53.106438809666457     
   51.304259192889056     
   49.594561936909074     
   48.623382250035021     
   47.311195013453570     
   44.710169190592296     
   43.626013831283188     
   42.197422630094700     
   42.351905767462405     
   41.670176141990865     
   38.784213902145154     
   1351.9526331074323     
   1147.9822077987337     
   981.38466578067982     
   832.33834987594014     
   740.93600101186189     
   694.55304139358793     
   617.84285085368583     
   584.70708239822204     
   569.84226221294352     
   511.45314883049008     
   466.20022559765425     
   461.53623393428620     
   451.17980088698766     
   406.14329277367318     
   356.11053795029829     
   278.47888780468952     
   199.19092549618901     
   202.74827625401196     
   204.74818559509930     
   199.87742662120857     
   192.70754466034566     
   195.82273072737308     
   192.39372039063468     
   196.32696309509987     
   188.24630962107045     
   186.94907420267606     
   182.06033064083761     
   186.25730832374040     
   184.78090410877766     
   184.04163194562639     
   185.21427230896958     
   187.44884155735073     
   180.79213875782511     
   177.43464578210467     
   177.22485176017983     
   180.40802151158618     
   177.88997135866819     
   184.17536758341862     
   181.26674243578412     
   180.96640449840666     
   178.70968863294863     
   180.40015044807529     
   182.62123801844680     
   184.32118434981498     
   181.88287194030636     
   183.60909826579393     
   183.11662358122652     
   186.48521999279711     
   186.34795516905490     
   188.53235672911796     
   189.39275545463596     
   189.64922510232793     
   191.49718745580810     
   191.61008642962958     
   190.63968760351443     
   197.79341895282136     
   195.23064111531880     
   184.74766283792252     
   175.14564758954191     
   162.95210489785995     
   152.38885413348854     
   137.81395570785904     
   133.80612406841772     
   125.03054238119218     
   117.26557377674241     
   109.86772446573164     
   104.81973004999921     
   99.086031852451882     
   94.575665818367710     
   92.336798464773238     
   89.225653765037976     
   84.529822245970877     
   82.865841114134398     
   79.560561871953126     
   78.851301724564323     
   75.996385744229130     
   73.219386561353119     
   72.141754295550029     
   68.632302962082903     
   68.682832432634541     
   66.015025179499489     
   65.318451498097019     
   62.497342130309342     
   60.887639091817377     
   57.442507047440500     
   57.571037790051513     
   55.250577075504324     
   55.534672212738904     
   53.929315090867100     
   53.901067042068391     
   51.232180361329640     
   50.333049708479315     
   47.097382652204502     
   46.983360756708812     
   44.734841785937782     
   43.064488520071322     
   41.866351869945078     
   42.112568198285601     
   40.668612073246443     
   37.522022541412497     
   1352.2468975091856     
   1167.8886248500571     
   1012.1873385302999     
   849.30052239587621     
   755.14416760091115     
   723.29894638145242     
   636.41656785013026     
   578.61579212058689     
   556.83432555813215     
   525.17438217553058     
   471.55167057393112     
   443.35059790301415     
   443.49690266899239     
   408.85576438780282     
   362.34670514806407     
   295.10482942308641     
   193.43084274060374     
   192.20604971486460     
   203.69779321457844     
   197.45737980898699     
   201.66899366375725     
   195.57090691965482     
   197.03230471303146     
   190.15282801058157     
   190.99411051219377     
   182.96013598195404     
   179.81722162424623     
   180.46366605336740     
   181.84189777225092     
   181.84308209478149     
   186.33283628807521     
   180.45372876316316     
   181.64027372911613     
   174.75160853859643     
   176.37726825747396     
   177.15825138694299     
   180.93659782771394     
   178.91171860374212     
   176.62728015998408     
   177.09328242922382     
   181.47858249984273     
   180.70297666382987     
   179.50391596100349     
   180.96729800050008     
   180.21118431372321     
   178.11728379135627     
   182.54946916719879     
   184.86360538875508     
   184.23980891917262     
   186.74696433670351     
   187.58530596550062     
   186.66163100148503     
   188.53683178837653     
   188.36110552756534     
   188.37184895883465     
   191.15690576258689     
   193.02161134737270     
   185.00890713633120     
   176.83196526645528     
   162.86426782458500     
   151.22327280231258     
   139.06160372131922     
   134.07378233580437     
   124.40799393556553     
   116.42477845057311     
   110.38638757790351     
   103.89652705401934     
   99.770098784867045     
   92.937985348504426     
   90.683072209113178     
   88.710119884684943     
   83.294666113839781     
   80.292813733769535     
   79.097410672101091     
   78.508393231503561     
   76.817425715971012     
   72.484757520584083     
   73.501605377673016     
   70.516773456348290     
   67.961843226677772     
   66.070822547167595     
   63.994105091634047     
   62.605347428921220     
   61.049946674228693     
   57.539258337101870     
   58.019615760936105     
   55.857646577571572     
   54.421741153031228     
   53.468022671406416     
   52.719379044097693     
   50.815835889601175     
   49.043587580456183     
   46.875043242067541     
   45.759437601314090     
   44.606378270651561     
   42.580861729780786     
   42.355545330067464     
   41.830411473209338     
   40.385020232763068     
   36.927659657388674     
   1368.1720803774933     
   1187.2625969040150     
   1026.0014831858723     
   872.83852680734719     
   791.42289286742925     
   736.02297722079243     
   656.89204096762546     
   616.10387997717294     
   560.80623177284644     
   538.80791823224354     
   480.33606941791243     
   456.15340978369136     
   448.63491554377561     
   388.31663658412594     
   342.24791348407746     
   291.49499660418707     
   186.18942170665909     
   194.45263991641826     
   191.24841119512465     
   199.86983964095941     
   200.50311711447040     
   193.72696797970150     
   191.53326841226280     
   188.30162754302856     
   183.41154988681794     
   184.88442851783353     
   185.62688958228847     
   180.90975826161429     
   176.93706199984086     
   182.27824036177157     
   180.19934618023046     
   182.57973658120832     
   183.80262048362943     
   176.69545011176967     
   176.58271966906133     
   177.41434956227505     
   179.76833001290544     
   176.27224016395272     
   175.50043789795774     
   181.60878270595506     
   179.43486734511012     
   179.27155104067344     
   177.80952688959150     
   177.26476160685559     
   178.22248081857498     
   178.78119778784330     
   185.24502768246805     
   183.31692715738586     
   184.05578931543127     
   184.58643930892671     
   185.97272354708355     
   186.71357151522665     
   187.85472207013675     
   183.85589365810625     
   184.71460038873903     
   188.83797423928189     
   190.97238993282195     
   182.95365175867667     
   174.13857998212256     
   162.50312497749863     
   151.61893393654466     
   141.22960826512201     
   132.17942274653825     
   124.19012824763075     
   114.94600102830009     
   109.69196486144617     
   103.16080386003739     
   99.470969134810019     
   92.385244220231201     
   91.317118778131729     
   87.411542747071337     
   85.485302644745957     
   80.120290536407865     
   78.552584145663005     
   77.232293414721283     
   75.444099806264418     
   74.154145594847122     
   72.018523786216278     
   69.599823978900872     
   67.730263621915782     
   66.519108887883846     
   65.224870914488946     
   61.645253554957151     
   62.178402438081108     
   57.430044542484488     
   55.367951869697237     
   55.498423648867927     
   54.290829030906480     
   52.616613101106367     
   52.424683875160397     
   51.353065170864127     
   48.707288204894979     
   46.353443774435377     
   44.765062227109254     
   43.536581983479543     
   42.739096871142586     
   42.480504339081612     
   40.515666787318537     
   39.123229735386985     
   35.301329239999916     
   1385.8499093506762     
   1200.9438999514289     
   1029.2451540807965     
   889.21758624938957     
   809.56464470593721     
   746.93119147005837     
   673.74715584342744     
   622.62548799595731     
   567.04544374353634     
   551.05974950187192     
   492.40713075586643     
   464.22657093745187     
   418.63241089824635     
   414.85938553531980     
   335.91552904609637     
   256.53572848615693     
   176.37111268065578     
   182.35567649374588     
   193.64161961550897     
   198.80518337979447     
   192.12651796250447     
   194.40589842858392     
   187.36249258046254     
   190.18109431443739     
   187.35033886310083     
   184.70857148498365     
   185.52293710363017     
   182.98427563886452     
   180.60970198455905     
   178.73571238828649     
   181.20860214716720     
   184.47099178901098     
   180.34414397021135     
   177.14092449059365     
   174.13741040553833     
   177.71909907431566     
   176.78330577356590     
   177.18517291723998     
   177.05077343256755     
   178.93328759585930     
   181.90141295238521     
   178.98168951479391     
   176.56664475736133     
   175.23600218083251     
   177.53349668860920     
   181.13966915137794     
   182.15707617098275     
   181.17732476667607     
   183.32491541566839     
   184.42062966670437     
   184.97451507604924     
   186.29073785289660     
   185.47288534119335     
   181.51104676649885     
   175.57506421341751     
   183.48225598446049     
   190.19716606060538     
   180.77064715621452     
   172.28631282282748     
   162.11110603979029     
   152.29143794500237     
   141.90685782908452     
   131.40816870234659     
   123.30793345340028     
   117.41971264597309     
   109.68182971170117     
   101.94524358980691     
   98.381084358423053     
   92.304446983037792     
   89.148022230811605     
   85.194021845472761     
   85.299521193199368     
   79.860725801993439     
   77.639465943872480     
   76.331559839366918     
   75.623591369506613     
   73.620548491671869     
   71.325475561288627     
   69.046387155275326     
   67.499370474820296     
   66.929521096831195     
   65.396365050424606     
   61.849012656287684     
   60.717006847556007     
   57.671888480632887     
   56.409144866437956     
   54.012295822660477     
   52.904217719107535     
   52.860071754386034     
   52.797143091606372     
   50.467521283630042     
   48.485743692933852     
   46.141590865385979     
   45.529257354187443     
   44.205701411589530     
   42.825097051818190     
   41.628178725466633     
   40.242774655700984     
   39.444912967655796     
   35.594342701056298     
   1389.9190934326621     
   1225.2199952354761     
   1053.0951098440041     
   906.36642895719433     
   816.55619849246125     
   715.82102760313865     
   676.29360132043723     
   635.06965512196712     
   564.46488587097008     
   508.51089057969500     
   478.87154823569074     
   460.08045258943980     
   403.48562212252750     
   405.65002792055839     
   341.40555904157458     
   273.92324122316313     
   170.93044833628548     
   185.51427148162492     
   196.22753549385712     
   191.50110879330060     
   197.78200584776027     
   191.81848450746094     
   189.88039436944609     
   187.50383528766196     
   186.13928791755421     
   189.94993738984232     
   179.90096193556394     
   181.43550065605135     
   184.03823035731810     
   180.69025849487701     
   176.24282471176352     
   181.97475256314416     
   180.82937586544361     
   173.63565755762173     
   174.65979750004226     
   179.52234980936134     
   178.85956859216770     
   174.57333825440830     
   177.51874343334370     
   177.01332817269790     
   179.52697522667120     
   178.01795543285959     
   177.66691044797705     
   176.38969429021762     
   176.60741203206945     
   180.29786353093985     
   181.45600812877311     
   183.06080305469249     
   182.71166594471993     
   183.93197282184354     
   185.72263990272927     
   185.66021383264547     
   184.09377330117383     
   179.56478571941943     
   171.79502167504131     
   180.90904013748002     
   188.30976466244528     
   177.99655983901624     
   170.32008286730900     
   161.10815026230199     
   152.20922659546790     
   142.09309385828703     
   135.20294982895348     
   124.41257452607604     
   117.73733528586219     
   109.61728415188692     
   101.93251233171038     
   96.102419169694173     
   93.501342329974179     
   90.997488904789193     
   86.540232142640903     
   84.222459145093154     
   79.505299641484839     
   77.107604993745582     
   76.293413942912679     
   73.766001216824733     
   72.301287657150525     
   73.227886098555729     
   69.513188292053130     
   67.912683486700701     
   65.307988521377553     
   63.905785306545035     
   61.633085326702677     
   60.296519955393194     
   57.995722095876722     
   55.556973964283671     
   54.357979621091076     
   52.879712059336022     
   54.142721975586433     
   51.465501925104540     
   50.671369396181341     
   49.373183852822152     
   47.092723396240402     
   45.118095088069822     
   44.242552568597418     
   41.601006481610227     
   41.102542048726022     
   40.081002683107812     
   39.074587391994321     
   37.254395055794824     
   1383.8909767198161     
   1227.3158138609958     
   1071.9371502104059     
   906.57697400519055     
   828.66216292481522     
   715.24335376770046     
   660.29079536603308     
   610.52563827897245     
   570.22018187277536     
   539.27501541428887     
   465.54074116774245     
   455.59002103724390     
   414.90803977181918     
   401.63030780115270     
   354.75666245381376     
   293.56424984116222     
   175.92682079925871     
   193.01560995069320     
   191.75251651260112     
   187.55485371802962     
   190.53908969381112     
   195.30023462371790     
   185.09399649539577     
   187.89238965282286     
   188.90832480177937     
   187.75103336429248     
   180.11518731131764     
   173.02618414903770     
   182.48642079231703     
   181.22077721274346     
   177.71170843615363     
   176.67703300802589     
   179.76259962103640     
   179.03537841288028     
   176.98495380169123     
   177.93653881888042     
   178.37796928135748     
   172.12940434370773     
   179.46928548519654     
   176.72039939940927     
   176.25649994949237     
   178.71922715529777     
   178.28020982322300     
   177.30426896031329     
   179.50040742072690     
   182.09981710820358     
   179.56098874662246     
   182.08896558747449     
   182.72635801975400     
   185.98925384722907     
   185.81129749798873     
   186.32924076050199     
   184.42536852313594     
   177.29039216259133     
   169.17709523202598     
   179.99782880075011     
   187.24273123491656     
   179.55080705417203     
   172.73775073119367     
   165.56467320622446     
   152.97610365968282     
   142.77439217859700     
   134.05871076404566     
   123.64901364163518     
   116.18311442293196     
   110.43243482338779     
   102.60591478165327     
   96.144861029048826     
   95.630606876856447     
   90.310683794227018     
   86.431923461366225     
   82.959347896111410     
   81.782386187380723     
   78.271745011143878     
   76.157211662516758     
   73.310047166004409     
   71.573349623785276     
   71.521746896148983     
   68.081216613238468     
   67.266495850946157     
   65.058774138273108     
   63.251693051641979     
   61.447987648827272     
   59.491422399533988     
   58.053446756313193     
   56.372554573580622     
   53.793066248951149     
   52.522986439453163     
   53.485307733235317     
   51.526183469215098     
   51.150436544597312     
   49.830598102221288     
   47.011924807322650     
   45.445013549945934     
   43.475203816712806     
   42.411438924601448     
   43.225264801401963     
   40.450975672336867     
   37.874759516849387     
   37.033057618659996     
   1384.8259334649338     
   1236.9221916377437     
   1076.8370997070124     
   904.27156581358668     
   829.42004930765836     
   706.44394091284971     
   656.64436546430227     
   593.57166721043518     
   543.85638222099146     
   531.21563823331746     
   463.74743661881149     
   442.42897635897941     
   456.80111656343166     
   392.32178209947938     
   382.18686305526154     
   315.92129901098622     
   190.05175671227641     
   191.48334460819268     
   184.95355811590085     
   182.91084819270793     
   193.25319307937616     
   191.27094456067928     
   188.52359228900428     
   198.89620754984995     
   183.91340301999170     
   179.77440883883193     
   178.81682736026752     
   181.39207251005860     
   182.02846506561298     
   179.56948923965399     
   178.88383519873972     
   181.21175663337965     
   180.71604036897423     
   175.14716403351656     
   177.39553312138844     
   178.18181468834021     
   173.87744960015027     
   177.71828966857277     
   178.36422270300403     
   177.10530148611480     
   175.99828140869192     
   174.04833921269909     
   177.99604655518152     
   183.42356500854848     
   179.53480760408996     
   178.44123939263355     
   181.82232304999960     
   181.77950387300589     
   183.86178905455753     
   186.45044016366299     
   185.96586521921643     
   186.80208870486084     
   183.17823099501879     
   175.74923316828111     
   172.38103896507695     
   179.55381435094350     
   185.87053553535696     
   176.33302102093839     
   176.14153141436586     
   170.75734019705052     
   153.65659460479549     
   140.54801804243590     
   133.50617903675254     
   123.80191861484170     
   115.20519997844720     
   108.21330029622146     
   100.06506829878575     
   95.281431580015877     
   96.858342251068663     
   90.530597980013283     
   84.435486443257375     
   83.809299153903012     
   81.177093666811473     
   77.498668199181793     
   76.361566135331458     
   73.997307979389532     
   72.423269113019145     
   70.633568099807462     
   69.251636669782215     
   67.553831649142580     
   65.195921682265194     
   64.229669157009099     
   61.033630827278195     
   60.639069614158977     
   57.602336052993181     
   55.756587994403688     
   54.080637515400134     
   53.271025232860836     
   52.994498614398282     
   51.416312583263434     
   50.653395021539531     
   51.125062666901925     
   47.821352558644953     
   45.891726764748626     
   43.435700379111324     
   43.926494570177084     
   42.595619015090762     
   40.303643224537439     
   37.254759117095389     
   36.874160172521705     
